276,161,73,74
278,161,73.0,74.0
281,161,73.0,74.0
284,160,73.0,74.0
287,160,73.0,74.0
290,160,73.0,74.0
294,160,73.0,74.0
298,160,73.0,74.0
301,160,73.0,74.0
304,161,73.0,74.0
307,161,73.0,74.0
309,161,73.0,74.0
310,159,73.0,74.0
311,155,73.0,74.0
312,150,73.0,74.0
313,147,73.0,74.0
314,146,73.0,74.0
314,147,73.0,74.0
313,149,73.0,74.0
313,152,73.0,74.0
312,154,73.0,74.0
311,156,73.0,74.0
311,156,73.0,74.0
311,157,73.0,74.0
310,158,73.0,74.0
310,159,73.0,74.0
309,160,73.0,74.0
308,161,73.0,74.0
308,162,73.0,74.0
307,164,73.0,74.0
307,165,73.0,74.0
307,166,73.0,74.0
306,166,73.0,74.0
306,166,73.0,74.0
306,166,73.0,74.0
305,166,73.0,74.0
305,166,73.0,74.0
304,165,73.0,74.0
303,166,73.0,74.0
302,168,73.0,74.0
301,169,73.0,74.0
300,171,73.0,74.0
300,172,73.0,74.0
301,173,73.0,74.0
302,174,73.0,74.0
303,174,73.0,74.0
303,174,73.0,74.0
304,174,73.0,74.0
304,174,73.0,74.0
304,174,73.0,74.0
304,175,73.0,74.0
303,175,73.0,74.0
303,176,73.0,74.0
302,176,73.0,74.0
302,177,73.0,74.0
302,177,73.0,74.0
302,177,73.0,74.0
302,178,73.0,74.0
302,179,73.0,74.0
301,180,73.0,74.0
301,181,73.0,74.0
301,182,73.0,74.0
302,182,73.0,74.0
302,181,73.0,74.0
304,178,73.0,74.0
305,176,73.0,74.0
305,174,73.0,74.0
305,173,73.0,74.0
305,173,73.0,74.0
306,175,73.0,74.0
306,179,73.0,74.0
306,186,73.0,74.0
306,192,73.0,74.0
306,196,73.0,74.0
306,197,73.0,74.0
305,197,73.0,74.0
304,196,73.0,74.0
302,196,73.0,74.0
301,199,73.0,74.0
299,201,73.0,74.0
298,204,73.0,74.0
297,206,73.0,74.0
296,209,73.0,74.0
295,211,73.0,74.0
294,213,73.0,74.0
294,214,73.0,74.0
293,214,73.0,74.0
293,211,73.0,74.0
292,208,73.0,74.0
292,206,73.0,74.0
291,204,73.0,74.0
291,203,73.0,74.0
291,202,73.0,74.0
290,201,73.0,74.0
290,200,73.0,74.0
290,199,73.0,74.0
290,198,73.0,74.0
291,198,73.0,74.0
292,197,73.0,74.0
293,197,73.0,74.0
294,198,73.0,74.0
294,198,73.0,74.0
295,198,73.0,74.0
295,198,73.0,74.0
296,198,73.0,74.0
296,197,73.0,74.0
297,197,73.0,74.0
297,196,73.0,74.0
297,196,73.0,74.0
298,195,73.0,74.0
298,195,73.0,74.0
298,195,73.0,74.0
298,195,73.0,74.0
298,194,73.0,74.0
298,194,73.0,74.0
298,193,73.0,74.0
298,193,73.0,74.0
298,193,73.0,74.0
298,193,73.0,74.0
298,193,73.0,74.0
298,194,73.0,74.0
299,193,73.0,74.0
299,193,73.0,74.0
299,193,73.0,74.0
298,192,73.0,74.0
298,192,73.0,74.0
298,192,73.0,74.0
297,193,73.0,74.0
297,193,73.0,74.0
298,193,73.0,74.0
298,193,73.0,74.0
298,192,73.0,74.0
298,192,73.0,74.0
298,191,73.0,74.0
298,190,73.0,74.0
298,189,73.0,74.0
298,188,73.0,74.0
298,188,73.0,74.0
298,187,73.0,74.0
298,186,73.0,74.0
298,186,73.0,74.0
298,185,73.0,74.0
298,184,73.0,74.0
297,183,73.0,74.0
296,182,73.0,74.0
296,181,73.0,74.0
296,180,73.0,74.0
296,179,73.0,74.0
297,178,73.0,74.0
297,178,73.0,74.0
297,178,73.0,74.0
297,177,73.0,74.0
297,177,73.0,74.0
297,177,73.0,74.0
297,177,73.0,74.0
297,178,73.0,74.0
297,178,73.0,74.0
297,179,73.0,74.0
297,179,73.0,74.0
297,180,73.0,74.0
297,180,73.0,74.0
297,180,73.0,74.0
297,180,73.0,74.0
297,180,73.0,74.0
297,180,73.0,74.0
297,179,73.0,74.0
297,177,73.0,74.0
297,176,73.0,74.0
296,174,73.0,74.0
296,173,73.0,74.0
295,172,73.0,74.0
295,171,73.0,74.0
294,170,73.0,74.0
294,169,73.0,74.0
293,169,73.0,74.0
293,169,73.0,74.0
292,170,73.0,74.0
292,170,73.0,74.0
292,171,73.0,74.0
291,172,73.0,74.0
291,172,73.0,74.0
291,173,73.0,74.0
291,173,73.0,74.0
291,174,73.0,74.0
291,174,73.0,74.0
291,174,73.0,74.0
291,174,73.0,74.0
291,174,73.0,74.0
291,174,73.0,74.0
291,173,73.0,74.0
291,173,73.0,74.0
291,172,73.0,74.0
291,171,73.0,74.0
291,170,73.0,74.0
292,169,73.0,74.0
292,168,73.0,74.0
293,168,73.0,74.0
294,169,73.0,74.0
294,170,73.0,74.0
295,171,73.0,74.0
296,172,73.0,74.0
297,173,73.0,74.0
298,174,73.0,74.0
299,175,73.0,74.0
299,176,73.0,74.0
300,177,73.0,74.0
300,177,73.0,74.0
300,177,73.0,74.0
299,177,73.0,74.0
298,177,73.0,74.0
297,177,73.0,74.0
296,177,73.0,74.0
295,177,73.0,74.0
293,176,73.0,74.0
293,176,73.0,74.0
291,175,73.0,74.0
290,173,73.0,74.0
290,172,73.0,74.0
289,170,73.0,74.0
289,167,73.0,74.0
288,165,73.0,74.0
287,163,73.0,74.0
286,161,73.0,74.0
285,159,73.0,74.0
284,158,73.0,74.0
282,157,73.0,74.0
280,156,73.0,74.0
278,156,73.0,74.0
277,156,73.0,74.0
276,156,73.0,74.0
275,155,73.0,74.0
274,155,73.0,74.0
273,154,73.0,74.0
272,153,73.0,74.0
271,152,73.0,74.0
270,150,73.0,74.0
270,148,73.0,74.0
269,146,73.0,74.0
269,145,73.0,74.0
268,144,73.0,74.0
268,143,73.0,74.0
268,142,73.0,74.0
268,142,73.0,74.0
268,142,73.0,74.0
268,142,73.0,74.0
268,142,73.0,74.0
268,142,73.0,74.0
269,142,73.0,74.0
270,142,73.0,74.0
271,143,73.0,74.0
272,144,73.0,74.0
274,144,73.0,74.0
276,145,73.0,74.0
278,145,73.0,74.0
280,145,73.0,74.0
282,146,73.0,74.0
283,146,73.0,74.0
284,147,73.0,74.0
285,148,73.0,74.0
285,149,73.0,74.0
286,150,73.0,74.0
287,152,73.0,74.0
288,154,73.0,74.0
288,156,73.0,74.0
289,158,73.0,74.0
289,160,73.0,74.0
290,162,73.0,74.0
291,164,73.0,74.0
292,166,73.0,74.0
294,169,73.0,74.0
295,172,73.0,74.0
296,173,73.0,74.0
296,173,73.0,74.0
296,173,73.0,74.0
295,173,73.0,74.0
294,174,73.0,74.0
294,175,73.0,74.0
294,176,73.0,74.0
293,176,73.0,74.0
292,177,73.0,74.0
292,177,73.0,74.0
292,178,73.0,74.0
292,178,73.0,74.0
292,178,73.0,74.0
291,178,73.0,74.0
291,178,73.0,74.0
292,178,73.0,74.0
292,178,73.0,74.0
292,178,73.0,74.0
293,178,73.0,74.0
293,178,73.0,74.0
293,178,73.0,74.0
293,177,73.0,74.0
293,176,73.0,74.0
292,176,73.0,74.0
292,175,73.0,74.0
292,174,73.0,74.0
292,173,73.0,74.0
291,172,73.0,74.0
289,171,73.0,74.0
287,171,73.0,74.0
286,170,73.0,74.0
285,169,73.0,74.0
285,169,73.0,74.0
284,168,73.0,74.0
283,167,73.0,74.0
283,167,73.0,74.0
283,166,73.0,74.0
283,166,73.0,74.0
283,165,73.0,74.0
282,165,73.0,74.0
281,165,73.0,74.0
281,164,73.0,74.0
280,163,73.0,74.0
279,162,73.0,74.0
277,161,73.0,74.0
276,159,73.0,74.0
275,157,73.0,74.0
274,155,73.0,74.0
274,154,73.0,74.0
273,153,73.0,74.0
273,152,73.0,74.0
273,151,73.0,74.0
273,151,73.0,74.0
273,150,73.0,74.0
273,149,73.0,74.0
274,148,73.0,74.0
275,147,73.0,74.0
275,147,73.0,74.0
275,147,73.0,74.0
275,148,73.0,74.0
275,148,73.0,74.0
275,148,73.0,74.0
276,149,73.0,74.0
277,150,73.0,74.0
277,151,73.0,74.0
278,152,73.0,74.0
278,153,73.0,74.0
279,154,73.0,74.0
279,156,73.0,74.0
279,158,73.0,74.0
279,159,73.0,74.0
279,160,73.0,74.0
279,160,73.0,74.0
279,160,73.0,74.0
279,161,73.0,74.0
279,161,73.0,74.0
279,162,73.0,74.0
279,162,73.0,74.0
279,161,73.0,74.0
279,161,73.0,74.0
279,161,73.0,74.0
279,161,73.0,74.0
279,161,73.0,74.0
279,161,73.0,74.0
279,161,73.0,74.0
279,160,73.0,74.0
280,160,73.0,74.0
280,160,73.0,74.0
280,159,73.0,74.0
280,158,73.0,74.0
280,158,73.0,74.0
281,158,73.0,74.0
281,158,73.0,74.0
281,157,73.0,74.0
282,158,73.0,74.0
282,158,73.0,74.0
283,158,73.0,74.0
283,160,73.0,74.0
284,161,73.0,74.0
285,162,73.0,74.0
285,163,73.0,74.0
285,164,73.0,74.0
284,166,73.0,74.0
284,168,73.0,74.0
284,170,73.0,74.0
284,172,73.0,74.0
284,174,73.0,74.0
284,176,73.0,74.0
284,178,73.0,74.0
284,180,73.0,74.0
284,181,73.0,74.0
283,183,73.0,74.0
283,184,73.0,74.0
283,185,73.0,74.0
283,186,73.0,74.0
282,186,73.0,74.0
282,186,73.0,74.0
282,186,73.0,74.0
282,185,73.0,74.0
281,185,73.0,74.0
281,185,73.0,74.0
281,185,73.0,74.0
281,185,73.0,74.0
281,185,73.0,74.0
281,186,73.0,74.0
282,186,73.0,74.0
282,187,73.0,74.0
283,187,73.0,74.0
283,187,73.0,74.0
283,187,73.0,74.0
283,187,73.0,74.0
282,186,73.0,74.0
281,184,73.0,74.0
278,183,73.0,74.0
273,183,73.0,74.0
270,183,73.0,74.0
268,183,73.0,74.0
266,183,73.0,74.0
265,183,73.0,74.0
265,183,73.0,74.0
264,182,73.0,74.0
264,181,73.0,74.0
263,181,73.0,74.0
262,180,73.0,74.0
262,178,73.0,74.0
262,176,73.0,74.0
262,174,73.0,74.0
261,171,73.0,74.0
261,169,73.0,74.0
261,167,73.0,74.0
261,164,73.0,74.0
261,161,73.0,74.0
261,158,73.0,74.0
261,156,73.0,74.0
260,154,73.0,74.0
260,152,73.0,74.0
260,150,73.0,74.0
260,149,73.0,74.0
260,148,73.0,74.0
261,146,73.0,74.0
261,145,73.0,74.0
261,144,73.0,74.0
261,144,73.0,74.0
261,144,73.0,74.0
261,145,73.0,74.0
261,146,73.0,74.0
262,148,73.0,74.0
263,150,73.0,74.0
264,152,73.0,74.0
264,155,73.0,74.0
265,157,73.0,74.0
266,160,73.0,74.0
267,162,73.0,74.0
268,165,73.0,74.0
270,167,73.0,74.0
271,169,73.0,74.0
272,171,73.0,74.0
273,174,73.0,74.0
274,177,73.0,74.0
275,180,73.0,74.0
276,183,73.0,74.0
277,187,73.0,74.0
279,191,73.0,74.0
280,194,73.0,74.0
281,197,73.0,74.0
281,199,73.0,74.0
282,201,73.0,74.0
283,202,73.0,74.0
284,203,73.0,74.0
285,204,73.0,74.0
285,204,73.0,74.0
286,204,73.0,74.0
286,204,73.0,74.0
287,204,73.0,74.0
287,203,73.0,74.0
288,203,73.0,74.0
289,203,73.0,74.0
290,203,73.0,74.0
291,204,73.0,74.0
292,205,73.0,74.0
293,205,73.0,74.0
294,205,73.0,74.0
295,205,73.0,74.0
295,204,73.0,74.0
296,204,73.0,74.0
296,203,73.0,74.0
295,203,73.0,74.0
295,203,73.0,74.0
294,204,73.0,74.0
293,204,73.0,74.0
292,205,73.0,74.0
291,206,73.0,74.0
291,207,73.0,74.0
291,208,73.0,74.0
291,209,73.0,74.0
292,209,73.0,74.0
292,209,73.0,74.0
293,209,73.0,74.0
294,209,73.0,74.0
295,207,73.0,74.0
296,206,73.0,74.0
297,205,73.0,74.0
297,205,73.0,74.0
297,205,73.0,74.0
296,205,73.0,74.0
296,205,73.0,74.0
295,204,73.0,74.0
294,203,73.0,74.0
293,203,73.0,74.0
292,202,73.0,74.0
292,201,73.0,74.0
292,200,73.0,74.0
292,199,73.0,74.0
292,198,73.0,74.0
292,197,73.0,74.0
292,197,73.0,74.0
292,197,73.0,74.0
292,196,73.0,74.0
292,197,73.0,74.0
293,198,73.0,74.0
294,198,73.0,74.0
294,198,73.0,74.0
294,197,73.0,74.0
295,195,73.0,74.0
296,193,73.0,74.0
297,191,73.0,74.0
297,189,73.0,74.0
297,187,73.0,74.0
296,186,73.0,74.0
295,184,73.0,74.0
294,182,73.0,74.0
293,181,73.0,74.0
291,179,73.0,74.0
290,177,73.0,74.0
288,176,73.0,74.0
287,175,73.0,74.0
286,174,73.0,74.0
285,172,73.0,74.0
284,170,73.0,74.0
284,168,73.0,74.0
283,166,73.0,74.0
283,164,73.0,74.0
282,163,73.0,74.0
282,162,73.0,74.0
282,161,73.0,74.0
282,160,73.0,74.0
282,159,73.0,74.0
282,158,73.0,74.0
282,158,73.0,74.0
282,157,73.0,74.0
282,156,73.0,74.0
283,155,73.0,74.0
283,154,73.0,74.0
283,153,73.0,74.0
284,152,73.0,74.0
285,151,73.0,74.0
286,150,73.0,74.0
286,150,73.0,74.0
286,150,73.0,74.0
286,150,73.0,74.0
286,151,73.0,74.0
286,152,73.0,74.0
286,153,73.0,74.0
286,155,73.0,74.0
285,156,73.0,74.0
285,157,73.0,74.0
285,157,73.0,74.0
285,157,73.0,74.0
284,157,73.0,74.0
283,157,73.0,74.0
282,156,73.0,74.0
282,155,73.0,74.0
282,155,73.0,74.0
282,154,73.0,74.0
282,154,73.0,74.0
281,153,73.0,74.0
281,152,73.0,74.0
280,152,73.0,74.0
280,152,73.0,74.0
280,152,73.0,74.0
280,151,73.0,74.0
280,151,73.0,74.0
281,151,73.0,74.0
282,152,73.0,74.0
284,152,73.0,74.0
286,153,73.0,74.0
287,153,73.0,74.0
289,153,73.0,74.0
291,154,73.0,74.0
294,154,73.0,74.0
296,154,73.0,74.0
299,154,73.0,74.0
302,155,73.0,74.0
304,156,73.0,74.0
306,156,73.0,74.0
308,157,73.0,74.0
309,157,73.0,74.0
310,157,73.0,74.0
311,157,73.0,74.0
312,156,73.0,74.0
312,156,73.0,74.0
312,156,73.0,74.0
313,156,73.0,74.0
313,155,73.0,74.0
313,155,73.0,74.0
314,156,73.0,74.0
314,156,73.0,74.0
314,156,73.0,74.0
314,155,73.0,74.0
314,155,73.0,74.0
313,155,73.0,74.0
313,154,73.0,74.0
313,154,73.0,74.0
312,154,73.0,74.0
311,154,73.0,74.0
310,154,73.0,74.0
309,153,73.0,74.0
308,153,73.0,74.0
307,152,73.0,74.0
306,152,73.0,74.0
304,152,73.0,74.0
302,152,73.0,74.0
301,151,73.0,74.0
299,151,73.0,74.0
297,151,73.0,74.0
296,151,73.0,74.0
294,152,73.0,74.0
292,153,73.0,74.0
290,153,73.0,74.0
288,154,73.0,74.0
286,155,73.0,74.0
284,156,73.0,74.0
282,157,73.0,74.0
280,157,73.0,74.0
278,158,73.0,74.0
276,159,73.0,74.0
274,160,73.0,74.0
272,161,73.0,74.0
270,162,73.0,74.0
269,162,73.0,74.0
268,163,73.0,74.0
267,163,73.0,74.0
266,163,73.0,74.0
265,162,73.0,74.0
264,162,73.0,74.0
264,161,73.0,74.0
263,160,73.0,74.0
263,160,73.0,74.0
263,159,73.0,74.0
262,159,73.0,74.0
262,159,73.0,74.0
262,159,73.0,74.0
262,158,73.0,74.0
262,158,73.0,74.0
262,158,73.0,74.0
262,157,73.0,74.0
262,157,73.0,74.0
263,156,73.0,74.0
264,155,73.0,74.0
266,155,73.0,74.0
268,155,73.0,74.0
271,156,73.0,74.0
273,157,73.0,74.0
276,159,73.0,74.0
279,160,73.0,74.0
282,162,73.0,74.0
285,164,73.0,74.0
288,166,73.0,74.0
290,168,73.0,74.0
292,169,73.0,74.0
295,170,73.0,74.0
297,171,73.0,74.0
299,171,73.0,74.0
301,172,73.0,74.0
302,172,73.0,74.0
303,172,73.0,74.0
304,172,73.0,74.0
304,171,73.0,74.0
304,171,73.0,74.0
304,170,73.0,74.0
304,169,73.0,74.0
304,168,73.0,74.0
304,168,73.0,74.0
304,168,73.0,74.0
304,169,73.0,74.0
304,170,73.0,74.0
304,170,73.0,74.0
303,171,73.0,74.0
301,171,73.0,74.0
299,170,73.0,74.0
296,169,73.0,74.0
293,168,73.0,74.0
291,166,73.0,74.0
290,164,73.0,74.0
289,163,73.0,74.0
288,161,73.0,74.0
288,159,73.0,74.0
288,157,73.0,74.0
288,155,73.0,74.0
288,154,73.0,74.0
288,153,73.0,74.0
288,153,73.0,74.0
288,152,73.0,74.0
289,152,73.0,74.0
290,151,73.0,74.0
290,150,73.0,74.0
290,149,73.0,74.0
290,149,73.0,74.0
290,148,73.0,74.0
289,148,73.0,74.0
289,148,73.0,74.0
289,149,73.0,74.0
289,149,73.0,74.0
289,150,73.0,74.0
289,151,73.0,74.0
290,152,73.0,74.0
291,153,73.0,74.0
292,155,73.0,74.0
293,157,73.0,74.0
295,158,73.0,74.0
297,160,73.0,74.0
298,161,73.0,74.0
299,162,73.0,74.0
300,164,73.0,74.0
300,165,73.0,74.0
300,165,73.0,74.0
300,164,73.0,74.0
299,162,73.0,74.0
299,161,73.0,74.0
299,160,73.0,74.0
298,160,73.0,74.0
298,160,73.0,74.0
298,160,73.0,74.0
298,160,73.0,74.0
299,160,73.0,74.0
299,161,73.0,74.0
299,162,73.0,74.0
298,163,73.0,74.0
297,163,73.0,74.0
295,164,73.0,74.0
293,164,73.0,74.0
291,164,73.0,74.0
288,165,73.0,74.0
285,166,73.0,74.0
283,167,73.0,74.0
281,168,73.0,74.0
280,168,73.0,74.0
279,168,73.0,74.0
278,168,73.0,74.0
277,167,73.0,74.0
277,166,73.0,74.0
276,165,73.0,74.0
275,164,73.0,74.0
274,163,73.0,74.0
273,162,73.0,74.0
272,162,73.0,74.0
271,161,73.0,74.0
271,160,73.0,74.0
271,160,73.0,74.0
271,160,73.0,74.0
271,160,73.0,74.0
271,159,73.0,74.0
271,159,73.0,74.0
271,158,73.0,74.0
272,157,73.0,74.0
273,156,73.0,74.0
274,155,73.0,74.0
274,154,73.0,74.0
275,154,73.0,74.0
276,153,73.0,74.0
277,152,73.0,74.0
277,152,73.0,74.0
277,152,73.0,74.0
278,152,73.0,74.0
278,153,73.0,74.0
278,154,73.0,74.0
278,155,73.0,74.0
279,156,73.0,74.0
279,157,73.0,74.0
279,157,73.0,74.0
279,157,73.0,74.0
279,157,73.0,74.0
279,158,73.0,74.0
278,159,73.0,74.0
277,159,73.0,74.0
276,160,73.0,74.0
275,161,73.0,74.0
275,162,73.0,74.0
274,163,73.0,74.0
274,164,73.0,74.0
273,165,73.0,74.0
272,166,73.0,74.0
272,166,73.0,74.0
272,167,73.0,74.0
271,169,73.0,74.0
271,171,73.0,74.0
271,172,73.0,74.0
270,174,73.0,74.0
270,174,73.0,74.0
270,175,73.0,74.0
271,175,73.0,74.0
271,175,73.0,74.0
272,175,73.0,74.0
272,174,73.0,74.0
273,174,73.0,74.0
273,173,73.0,74.0
274,172,73.0,74.0
275,171,73.0,74.0
275,170,73.0,74.0
276,169,73.0,74.0
277,168,73.0,74.0
278,166,73.0,74.0
278,165,73.0,74.0
279,164,73.0,74.0
279,162,73.0,74.0
280,161,73.0,74.0
281,159,73.0,74.0
281,158,73.0,74.0
281,157,73.0,74.0
281,156,73.0,74.0
282,155,73.0,74.0
282,154,73.0,74.0
283,154,73.0,74.0
283,153,73.0,74.0
282,153,73.0,74.0
282,152,73.0,74.0
281,151,73.0,74.0
281,150,73.0,74.0
281,149,73.0,74.0
281,149,73.0,74.0
282,148,73.0,74.0
283,148,73.0,74.0
284,147,73.0,74.0
285,146,73.0,74.0
286,145,73.0,74.0
286,145,73.0,74.0
285,144,73.0,74.0
284,144,73.0,74.0
283,143,73.0,74.0
282,143,73.0,74.0
282,142,73.0,74.0
281,142,73.0,74.0
281,142,73.0,74.0
281,142,73.0,74.0
281,142,73.0,74.0
281,142,73.0,74.0
282,141,73.0,74.0
283,141,73.0,74.0
283,141,73.0,74.0
284,141,73.0,74.0
284,141,73.0,74.0
284,141,73.0,74.0
284,141,73.0,74.0
284,141,73.0,74.0
284,140,73.0,74.0
283,139,73.0,74.0
282,137,73.0,74.0
281,135,73.0,74.0
281,133,73.0,74.0
280,131,73.0,74.0
279,128,73.0,74.0
279,125,73.0,74.0
278,122,73.0,74.0
278,120,73.0,74.0
278,118,73.0,74.0
278,116,73.0,74.0
278,114,73.0,74.0
278,113,73.0,74.0
279,113,73.0,74.0
279,113,73.0,74.0
279,113,73.0,74.0
280,114,73.0,74.0
280,115,73.0,74.0
280,115,73.0,74.0
280,116,73.0,74.0
280,117,73.0,74.0
279,118,73.0,74.0
278,120,73.0,74.0
278,121,73.0,74.0
278,122,73.0,74.0
278,124,73.0,74.0
277,126,73.0,74.0
277,127,73.0,74.0
277,129,73.0,74.0
277,131,73.0,74.0
277,133,73.0,74.0
276,135,73.0,74.0
276,138,73.0,74.0
276,140,73.0,74.0
275,142,73.0,74.0
275,143,73.0,74.0
275,143,73.0,74.0
274,143,73.0,74.0
274,144,73.0,74.0
274,145,73.0,74.0
274,146,73.0,74.0
273,146,73.0,74.0
272,146,73.0,74.0
271,146,73.0,74.0
270,146,73.0,74.0
269,146,73.0,74.0
269,146,73.0,74.0
268,146,73.0,74.0
268,145,73.0,74.0
268,145,73.0,74.0
269,144,73.0,74.0
270,144,73.0,74.0
270,144,73.0,74.0
272,144,73.0,74.0
273,143,73.0,74.0
274,142,73.0,74.0
275,142,73.0,74.0
276,143,73.0,74.0
276,144,73.0,74.0
277,146,73.0,74.0
277,147,73.0,74.0
277,149,73.0,74.0
277,151,73.0,74.0
276,153,73.0,74.0
276,155,73.0,74.0
276,157,73.0,74.0
276,158,73.0,74.0
276,160,73.0,74.0
276,161,73.0,74.0
275,162,73.0,74.0
275,163,73.0,74.0
275,165,73.0,74.0
275,166,73.0,74.0
275,168,73.0,74.0
275,169,73.0,74.0
275,169,73.0,74.0
275,169,73.0,74.0
275,169,73.0,74.0
275,169,73.0,74.0
276,169,73.0,74.0
277,169,73.0,74.0
278,170,73.0,74.0
279,171,73.0,74.0
280,172,73.0,74.0
281,173,73.0,74.0
283,174,73.0,74.0
284,175,73.0,74.0
285,176,73.0,74.0
286,178,73.0,74.0
287,181,73.0,74.0
289,184,73.0,74.0
290,186,73.0,74.0
291,189,73.0,74.0
292,190,73.0,74.0
293,191,73.0,74.0
295,192,73.0,74.0
296,193,73.0,74.0
297,193,73.0,74.0
299,194,73.0,74.0
300,194,73.0,74.0
301,194,73.0,74.0
302,193,73.0,74.0
303,191,73.0,74.0
303,190,73.0,74.0
303,188,73.0,74.0
304,187,73.0,74.0
304,184,73.0,74.0
303,181,73.0,74.0
303,179,73.0,74.0
302,177,73.0,74.0
301,176,73.0,74.0
301,174,73.0,74.0
300,173,73.0,74.0
299,172,73.0,74.0
298,171,73.0,74.0
297,169,73.0,74.0
297,168,73.0,74.0
297,167,73.0,74.0
296,166,73.0,74.0
296,166,73.0,74.0
296,166,73.0,74.0
296,166,73.0,74.0
295,166,73.0,74.0
295,166,73.0,74.0
294,166,73.0,74.0
293,166,73.0,74.0
292,166,73.0,74.0
292,165,73.0,74.0
292,165,73.0,74.0
292,164,73.0,74.0
292,164,73.0,74.0
292,164,73.0,74.0
292,165,73.0,74.0
292,165,73.0,74.0
291,165,73.0,74.0
290,165,73.0,74.0
290,165,73.0,74.0
289,165,73.0,74.0
288,164,73.0,74.0
288,163,73.0,74.0
287,162,73.0,74.0
287,161,73.0,74.0
287,160,73.0,74.0
286,159,73.0,74.0
286,158,73.0,74.0
286,158,73.0,74.0
286,159,73.0,74.0
286,160,73.0,74.0
285,161,73.0,74.0
284,162,73.0,74.0
283,163,73.0,74.0
282,163,73.0,74.0
281,162,73.0,74.0
281,162,73.0,74.0
281,160,73.0,74.0
281,159,73.0,74.0
282,157,73.0,74.0
284,156,73.0,74.0
285,155,73.0,74.0
286,153,73.0,74.0
286,151,73.0,74.0
286,150,73.0,74.0
286,148,73.0,74.0
286,146,73.0,74.0
286,144,73.0,74.0
287,143,73.0,74.0
287,141,73.0,74.0
288,140,73.0,74.0
288,139,73.0,74.0
289,137,73.0,74.0
289,136,73.0,74.0
290,135,73.0,74.0
291,134,73.0,74.0
293,134,73.0,74.0
293,134,73.0,74.0
293,134,73.0,74.0
293,133,73.0,74.0
293,133,73.0,74.0
293,132,73.0,74.0
293,131,73.0,74.0
293,131,73.0,74.0
293,130,73.0,74.0
293,130,73.0,74.0
293,129,73.0,74.0
293,129,73.0,74.0
293,128,73.0,74.0
293,128,73.0,74.0
293,130,73.0,74.0
292,131,73.0,74.0
291,132,73.0,74.0
290,132,73.0,74.0
289,131,73.0,74.0
288,131,73.0,74.0
287,130,73.0,74.0
286,130,73.0,74.0
286,129,73.0,74.0
285,129,73.0,74.0
285,129,73.0,74.0
285,129,73.0,74.0
284,128,73.0,74.0
284,128,73.0,74.0
283,128,73.0,74.0
282,129,73.0,74.0
282,129,73.0,74.0
282,130,73.0,74.0
281,131,73.0,74.0
280,132,73.0,74.0
279,132,73.0,74.0
279,132,73.0,74.0
278,132,73.0,74.0
277,131,73.0,74.0
276,131,73.0,74.0
276,131,73.0,74.0
275,131,73.0,74.0
274,132,73.0,74.0
273,133,73.0,74.0
273,134,73.0,74.0
272,134,73.0,74.0
272,134,73.0,74.0
272,133,73.0,74.0
271,132,73.0,74.0
271,132,73.0,74.0
271,133,73.0,74.0
271,133,73.0,74.0
272,134,73.0,74.0
273,135,73.0,74.0
274,136,73.0,74.0
276,137,73.0,74.0
278,138,73.0,74.0
280,139,73.0,74.0
281,140,73.0,74.0
283,141,73.0,74.0
285,142,73.0,74.0
287,143,73.0,74.0
289,143,73.0,74.0
291,143,73.0,74.0
293,144,73.0,74.0
295,145,73.0,74.0
297,146,73.0,74.0
299,147,73.0,74.0
301,148,73.0,74.0
303,150,73.0,74.0
304,152,73.0,74.0
305,154,73.0,74.0
306,155,73.0,74.0
306,157,73.0,74.0
306,158,73.0,74.0
306,158,73.0,74.0
306,159,73.0,74.0
305,159,73.0,74.0
305,159,73.0,74.0
305,159,73.0,74.0
305,160,73.0,74.0
305,161,73.0,74.0
305,161,73.0,74.0
305,162,73.0,74.0
305,163,73.0,74.0
305,164,73.0,74.0
305,165,73.0,74.0
305,166,73.0,74.0
305,167,73.0,74.0
305,167,73.0,74.0
305,168,73.0,74.0
305,168,73.0,74.0
305,168,73.0,74.0
304,168,73.0,74.0
304,168,73.0,74.0
304,168,73.0,74.0
304,168,73.0,74.0
304,169,73.0,74.0
304,169,73.0,74.0
304,170,73.0,74.0
303,170,73.0,74.0
303,171,73.0,74.0
302,172,73.0,74.0
301,172,73.0,74.0
301,172,73.0,74.0
300,171,73.0,74.0
299,170,73.0,74.0
299,170,73.0,74.0
299,170,73.0,74.0
299,170,73.0,74.0
299,170,73.0,74.0
299,169,73.0,74.0
298,168,73.0,74.0
298,166,73.0,74.0
297,164,73.0,74.0
297,162,73.0,74.0
296,160,73.0,74.0
296,158,73.0,74.0
295,156,73.0,74.0
295,154,73.0,74.0
295,151,73.0,74.0
295,148,73.0,74.0
295,146,73.0,74.0
295,144,73.0,74.0
295,142,73.0,74.0
295,140,73.0,74.0
295,139,73.0,74.0
295,138,73.0,74.0
295,137,73.0,74.0
294,136,73.0,74.0
293,135,73.0,74.0
293,134,73.0,74.0
292,133,73.0,74.0
291,132,73.0,74.0
290,130,73.0,74.0
289,129,73.0,74.0
289,126,73.0,74.0
288,123,73.0,74.0
287,119,73.0,74.0
286,116,73.0,74.0
286,114,73.0,74.0
286,112,73.0,74.0
286,111,73.0,74.0
287,110,73.0,74.0
288,110,73.0,74.0
289,110,73.0,74.0
290,110,73.0,74.0
291,110,73.0,74.0
291,110,73.0,74.0
290,110,73.0,74.0
290,109,73.0,74.0
290,108,73.0,74.0
291,108,73.0,74.0
292,108,73.0,74.0
294,107,73.0,74.0
296,107,73.0,74.0
297,107,73.0,74.0
297,107,73.0,74.0
297,107,73.0,74.0
298,107,73.0,74.0
298,107,73.0,74.0
298,107,73.0,74.0
298,106,73.0,74.0
298,105,73.0,74.0
299,105,73.0,74.0
299,104,73.0,74.0
299,104,73.0,74.0
299,104,73.0,74.0
299,104,73.0,74.0
299,105,73.0,74.0
299,106,73.0,74.0
299,106,73.0,74.0
300,106,73.0,74.0
300,106,73.0,74.0
300,105,73.0,74.0
300,103,73.0,74.0
300,102,73.0,74.0
300,100,73.0,74.0
300,99,73.0,74.0
300,98,73.0,74.0
300,98,73.0,74.0
300,99,73.0,74.0
300,100,73.0,74.0
300,101,73.0,74.0
301,101,73.0,74.0
301,102,73.0,74.0
302,102,73.0,74.0
302,102,73.0,74.0
302,101,73.0,74.0
303,100,73.0,74.0
304,99,73.0,74.0
305,98,73.0,74.0
307,97,73.0,74.0
308,96,73.0,74.0
310,96,73.0,74.0
311,95,73.0,74.0
312,95,73.0,74.0
313,94,73.0,74.0
313,93,73.0,74.0
314,93,73.0,74.0
314,92,73.0,74.0
314,92,73.0,74.0
314,92,73.0,74.0
314,92,73.0,74.0
313,92,73.0,74.0
313,93,73.0,74.0
312,94,73.0,74.0
312,95,73.0,74.0
312,96,73.0,74.0
312,97,73.0,74.0
313,98,73.0,74.0
314,99,73.0,74.0
315,99,73.0,74.0
317,100,73.0,74.0
318,100,73.0,74.0
320,100,73.0,74.0
321,101,73.0,74.0
323,101,73.0,74.0
325,101,73.0,74.0
326,100,73.0,74.0
327,99,73.0,74.0
328,98,73.0,74.0
329,98,73.0,74.0
329,97,73.0,74.0
329,96,73.0,74.0
329,95,73.0,74.0
329,94,73.0,74.0
328,93,73.0,74.0
327,92,73.0,74.0
326,90,73.0,74.0
325,89,73.0,74.0
324,88,73.0,74.0
323,88,73.0,74.0
322,89,73.0,74.0
321,90,73.0,74.0
320,90,73.0,74.0
318,91,73.0,74.0
317,93,73.0,74.0
316,94,73.0,74.0
315,96,73.0,74.0
314,98,73.0,74.0
312,99,73.0,74.0
311,100,73.0,74.0
310,100,73.0,74.0
310,101,73.0,74.0
310,102,73.0,74.0
310,102,73.0,74.0
310,102,73.0,74.0
310,103,73.0,74.0
309,103,73.0,74.0
309,103,73.0,74.0
309,103,73.0,74.0
309,103,73.0,74.0
309,103,73.0,74.0
309,103,73.0,74.0
309,103,73.0,74.0
309,104,73.0,74.0
309,105,73.0,74.0
309,105,73.0,74.0
309,105,73.0,74.0
309,105,73.0,74.0
309,105,73.0,74.0
309,104,73.0,74.0
309,104,73.0,74.0
309,103,73.0,74.0
309,103,73.0,74.0
308,105,73.0,74.0
307,107,73.0,74.0
306,109,73.0,74.0
305,112,73.0,74.0
305,114,73.0,74.0
304,116,73.0,74.0
304,118,73.0,74.0
304,120,73.0,74.0
303,121,73.0,74.0
303,122,73.0,74.0
302,122,73.0,74.0
301,122,73.0,74.0
300,121,73.0,74.0
300,121,73.0,74.0
299,120,73.0,74.0
299,120,73.0,74.0
298,119,73.0,74.0
298,118,73.0,74.0
298,117,73.0,74.0
297,117,73.0,74.0
297,117,73.0,74.0
297,117,73.0,74.0
297,118,73.0,74.0
297,119,73.0,74.0
297,121,73.0,74.0
298,122,73.0,74.0
298,124,73.0,74.0
298,125,73.0,74.0
298,126,73.0,74.0
298,125,73.0,74.0
297,124,73.0,74.0
297,123,73.0,74.0
297,121,73.0,74.0
296,120,73.0,74.0
296,119,73.0,74.0
296,118,73.0,74.0
296,118,73.0,74.0
296,118,73.0,74.0
296,118,73.0,74.0
296,118,73.0,74.0
296,118,73.0,74.0
296,117,73.0,74.0
296,117,73.0,74.0
296,116,73.0,74.0
296,115,73.0,74.0
296,114,73.0,74.0
296,113,73.0,74.0
296,112,73.0,74.0
296,111,73.0,74.0
296,111,73.0,74.0
296,111,73.0,74.0
296,110,73.0,74.0
296,110,73.0,74.0
296,111,73.0,74.0
296,112,73.0,74.0
295,112,73.0,74.0
295,113,73.0,74.0
295,113,73.0,74.0
295,113,73.0,74.0
295,113,73.0,74.0
294,113,73.0,74.0
294,112,73.0,74.0
294,111,73.0,74.0
294,110,73.0,74.0
293,109,73.0,74.0
293,108,73.0,74.0
292,106,73.0,74.0
291,105,73.0,74.0
291,104,73.0,74.0
290,103,73.0,74.0
289,103,73.0,74.0
289,102,73.0,74.0
289,101,73.0,74.0
289,99,73.0,74.0
289,98,73.0,74.0
288,97,73.0,74.0
288,96,73.0,74.0
288,95,73.0,74.0
288,94,73.0,74.0
287,93,73.0,74.0
287,92,73.0,74.0
287,91,73.0,74.0
287,90,73.0,74.0
287,90,73.0,74.0
288,89,73.0,74.0
288,89,73.0,74.0
289,89,73.0,74.0
290,90,73.0,74.0
291,90,73.0,74.0
292,90,73.0,74.0
294,90,73.0,74.0
295,90,73.0,74.0
296,90,73.0,74.0
297,90,73.0,74.0
298,90,73.0,74.0
299,90,73.0,74.0
300,90,73.0,74.0
301,90,73.0,74.0
303,91,73.0,74.0
304,92,73.0,74.0
305,93,73.0,74.0
306,94,73.0,74.0
307,96,73.0,74.0
309,98,73.0,74.0
310,99,73.0,74.0
311,100,73.0,74.0
312,101,73.0,74.0
312,102,73.0,74.0
312,103,73.0,74.0
313,104,73.0,74.0
313,105,73.0,74.0
312,106,73.0,74.0
312,107,73.0,74.0
311,107,73.0,74.0
311,108,73.0,74.0
311,108,73.0,74.0
310,107,73.0,74.0
309,108,73.0,74.0
307,109,73.0,74.0
305,110,73.0,74.0
303,111,73.0,74.0
302,111,73.0,74.0
301,111,73.0,74.0
301,111,73.0,74.0
300,111,73.0,74.0
298,110,73.0,74.0
297,110,73.0,74.0
295,109,73.0,74.0
294,109,73.0,74.0
293,109,73.0,74.0
292,109,73.0,74.0
291,109,73.0,74.0
291,110,73.0,74.0
291,110,73.0,74.0
291,111,73.0,74.0
291,112,73.0,74.0
291,113,73.0,74.0
291,113,73.0,74.0
290,114,73.0,74.0
289,115,73.0,74.0
288,116,73.0,74.0
288,117,73.0,74.0
288,117,73.0,74.0
288,117,73.0,74.0
289,117,73.0,74.0
290,117,73.0,74.0
291,117,73.0,74.0
291,118,73.0,74.0
291,119,73.0,74.0
291,120,73.0,74.0
291,120,73.0,74.0
291,120,73.0,74.0
291,120,73.0,74.0
291,120,73.0,74.0
291,120,73.0,74.0
291,121,73.0,74.0
292,121,73.0,74.0
293,121,73.0,74.0
293,122,73.0,74.0
293,122,73.0,74.0
294,122,73.0,74.0
294,122,73.0,74.0
294,123,73.0,74.0
294,123,73.0,74.0
294,123,73.0,74.0
294,123,73.0,74.0
294,124,73.0,74.0
294,124,73.0,74.0
294,124,73.0,74.0
294,124,73.0,74.0
294,125,73.0,74.0
295,125,73.0,74.0
295,125,73.0,74.0
295,125,73.0,74.0
295,125,73.0,74.0
294,125,73.0,74.0
294,125,73.0,74.0
294,125,73.0,74.0
295,125,73.0,74.0
295,125,73.0,74.0
295,126,73.0,74.0
295,127,73.0,74.0
296,127,73.0,74.0
296,128,73.0,74.0
296,129,73.0,74.0
296,129,73.0,74.0
296,129,73.0,74.0
296,130,73.0,74.0
295,130,73.0,74.0
295,130,73.0,74.0
295,130,73.0,74.0
295,130,73.0,74.0
296,130,73.0,74.0
296,130,73.0,74.0
295,130,73.0,74.0
295,130,73.0,74.0
295,130,73.0,74.0
295,130,73.0,74.0
294,130,73.0,74.0
294,130,73.0,74.0
294,131,73.0,74.0
294,131,73.0,74.0
294,131,73.0,74.0
294,132,73.0,74.0
294,133,73.0,74.0
294,134,73.0,74.0
294,136,73.0,74.0
294,137,73.0,74.0
294,139,73.0,74.0
295,141,73.0,74.0
295,142,73.0,74.0
296,144,73.0,74.0
297,145,73.0,74.0
298,145,73.0,74.0
299,146,73.0,74.0
300,146,73.0,74.0
302,146,73.0,74.0
303,146,73.0,74.0
304,145,73.0,74.0
304,145,73.0,74.0
304,145,73.0,74.0
303,145,73.0,74.0
302,145,73.0,74.0
301,145,73.0,74.0
301,146,73.0,74.0
301,147,73.0,74.0
300,149,73.0,74.0
300,152,73.0,74.0
300,155,73.0,74.0
301,157,73.0,74.0
302,158,73.0,74.0
303,160,73.0,74.0
303,161,73.0,74.0
304,162,73.0,74.0
304,162,73.0,74.0
304,163,73.0,74.0
304,163,73.0,74.0
304,162,73.0,74.0
303,162,73.0,74.0
303,161,73.0,74.0
303,160,73.0,74.0
304,159,73.0,74.0
304,158,73.0,74.0
305,157,73.0,74.0
306,155,73.0,74.0
307,153,73.0,74.0
308,151,73.0,74.0
308,148,73.0,74.0
308,145,73.0,74.0
309,143,73.0,74.0
310,140,73.0,74.0
310,137,73.0,74.0
309,135,73.0,74.0
309,132,73.0,74.0
308,130,73.0,74.0
305,127,73.0,74.0
302,125,73.0,74.0
300,125,73.0,74.0
298,124,73.0,74.0
296,124,73.0,74.0
294,124,73.0,74.0
292,124,73.0,74.0
291,124,73.0,74.0
290,125,73.0,74.0
290,126,73.0,74.0
289,126,73.0,74.0
288,127,73.0,74.0
288,127,73.0,74.0
287,128,73.0,74.0
287,128,73.0,74.0
286,128,73.0,74.0
286,128,73.0,74.0
286,128,73.0,74.0
286,128,73.0,74.0
286,128,73.0,74.0
287,128,73.0,74.0
287,128,73.0,74.0
288,127,73.0,74.0
288,127,73.0,74.0
289,126,73.0,74.0
289,125,73.0,74.0
289,125,73.0,74.0
290,125,73.0,74.0
291,124,73.0,74.0
291,124,73.0,74.0
291,123,73.0,74.0
291,123,73.0,74.0
291,123,73.0,74.0
291,124,73.0,74.0
291,124,73.0,74.0
291,124,73.0,74.0
291,124,73.0,74.0
292,123,73.0,74.0
292,122,73.0,74.0
292,122,73.0,74.0
293,121,73.0,74.0
293,121,73.0,74.0
294,121,73.0,74.0
294,122,73.0,74.0
294,123,73.0,74.0
293,123,73.0,74.0
293,124,73.0,74.0
293,125,73.0,74.0
292,126,73.0,74.0
292,127,73.0,74.0
291,129,73.0,74.0
291,130,73.0,74.0
290,132,73.0,74.0
290,133,73.0,74.0
290,134,73.0,74.0
290,135,73.0,74.0
291,135,73.0,74.0
291,135,73.0,74.0
291,135,73.0,74.0
292,135,73.0,74.0
293,135,73.0,74.0
294,135,73.0,74.0
295,134,73.0,74.0
296,134,73.0,74.0
296,134,73.0,74.0
294,134,73.0,74.0
295,133,73.0,74.0
295,133,73.0,74.0
298,131,73.0,74.0
299,131,73.0,74.0
300,132,73.0,74.0
301,133,73.0,74.0
301,132,73.0,74.0
302,132,73.0,74.0
302,132,73.0,74.0
303,131,73.0,74.0
303,131,73.0,74.0
304,131,73.0,74.0
306,132,73.0,74.0
307,132,73.0,74.0
309,133,73.0,74.0
311,134,73.0,74.0
313,135,73.0,74.0
315,136,73.0,74.0
317,136,73.0,74.0
319,137,73.0,74.0
321,138,73.0,74.0
322,138,73.0,74.0
324,137,73.0,74.0
325,137,73.0,74.0
325,136,73.0,74.0
325,134,73.0,74.0
324,133,73.0,74.0
324,132,73.0,74.0
323,130,73.0,74.0
321,129,73.0,74.0
320,128,73.0,74.0
318,127,73.0,74.0
316,125,73.0,74.0
314,123,73.0,74.0
312,122,73.0,74.0
310,120,73.0,74.0
308,118,73.0,74.0
307,117,73.0,74.0
306,116,73.0,74.0
304,116,73.0,74.0
303,116,73.0,74.0
301,117,73.0,74.0
299,118,73.0,74.0
298,119,73.0,74.0
297,120,73.0,74.0
296,121,73.0,74.0
295,122,73.0,74.0
294,123,73.0,74.0
293,124,73.0,74.0
293,125,73.0,74.0
293,125,73.0,74.0
293,125,73.0,74.0
293,126,73.0,74.0
293,128,73.0,74.0
294,129,73.0,74.0
295,128,73.0,74.0
297,129,73.0,74.0
300,129,73.0,74.0
300,130,73.0,74.0
302,132,73.0,74.0
303,133,73.0,74.0
305,134,73.0,74.0
306,135,73.0,74.0
307,136,73.0,74.0
308,137,73.0,74.0
308,137,73.0,74.0
308,137,73.0,74.0
308,137,73.0,74.0
308,137,73.0,74.0
309,136,73.0,74.0
309,136,73.0,74.0
310,136,73.0,74.0
311,136,73.0,74.0
311,136,73.0,74.0
311,136,73.0,74.0
311,136,73.0,74.0
311,137,73.0,74.0
310,137,73.0,74.0
309,138,73.0,74.0
308,138,73.0,74.0
306,138,73.0,74.0
305,138,73.0,74.0
303,138,73.0,74.0
302,137,73.0,74.0
301,137,73.0,74.0
301,137,73.0,74.0
302,137,73.0,74.0
302,137,73.0,74.0
303,137,73.0,74.0
304,137,73.0,74.0
304,138,73.0,74.0
305,139,73.0,74.0
305,139,73.0,74.0
305,139,73.0,74.0
305,139,73.0,74.0
305,140,73.0,74.0
305,140,73.0,74.0
305,140,73.0,74.0
305,141,73.0,74.0
305,141,73.0,74.0
305,141,73.0,74.0
304,141,73.0,74.0
304,141,73.0,74.0
304,141,73.0,74.0
304,141,73.0,74.0
304,141,73.0,74.0
304,141,73.0,74.0
304,142,73.0,74.0
304,142,73.0,74.0
304,142,73.0,74.0
303,142,73.0,74.0
303,142,73.0,74.0
303,142,73.0,74.0
303,142,73.0,74.0
303,141,73.0,74.0
302,141,73.0,74.0
302,142,73.0,74.0
301,143,73.0,74.0
300,144,73.0,74.0
298,146,73.0,74.0
296,148,73.0,74.0
294,149,73.0,74.0
292,151,73.0,74.0
292,154,73.0,74.0
291,156,73.0,74.0
291,156,73.0,74.0
291,157,73.0,74.0
291,158,73.0,74.0
291,159,73.0,74.0
291,159,73.0,74.0
291,160,73.0,74.0
291,161,73.0,74.0
291,162,73.0,74.0
291,163,73.0,74.0
291,163,73.0,74.0
290,162,73.0,74.0
288,162,73.0,74.0
286,162,73.0,74.0
285,162,73.0,74.0
284,162,73.0,74.0
282,162,73.0,74.0
281,162,73.0,74.0
280,162,73.0,74.0
280,163,73.0,74.0
279,164,73.0,74.0
278,165,73.0,74.0
278,166,73.0,74.0
278,167,73.0,74.0
278,168,73.0,74.0
278,168,73.0,74.0
278,168,73.0,74.0
279,168,73.0,74.0
279,168,73.0,74.0
280,167,73.0,74.0
281,166,73.0,74.0
281,165,73.0,74.0
281,163,73.0,74.0
281,161,73.0,74.0
281,161,73.0,74.0
280,161,73.0,74.0
280,161,73.0,74.0
280,160,73.0,74.0
280,160,73.0,74.0
279,160,73.0,74.0
279,159,73.0,74.0
278,158,73.0,74.0
278,157,73.0,74.0
277,156,73.0,74.0
275,155,73.0,74.0
274,154,73.0,74.0
272,154,73.0,74.0
271,154,73.0,74.0
270,153,73.0,74.0
270,153,73.0,74.0
270,153,73.0,74.0
270,153,73.0,74.0
270,152,73.0,74.0
269,152,73.0,74.0
269,151,73.0,74.0
269,151,73.0,74.0
269,151,73.0,74.0
269,151,73.0,74.0
270,152,73.0,74.0
270,154,73.0,74.0
271,156,73.0,74.0
273,158,73.0,74.0
274,160,73.0,74.0
276,162,73.0,74.0
277,164,73.0,74.0
277,165,73.0,74.0
277,165,73.0,74.0
277,164,73.0,74.0
276,163,73.0,74.0
275,162,73.0,74.0
274,161,73.0,74.0
273,159,73.0,74.0
272,157,73.0,74.0
272,155,73.0,74.0
272,153,73.0,74.0
272,152,73.0,74.0
272,152,73.0,74.0
272,152,73.0,74.0
272,152,73.0,74.0
272,152,73.0,74.0
272,152,73.0,74.0
272,151,73.0,74.0
272,151,73.0,74.0
273,151,73.0,74.0
274,151,73.0,74.0
275,151,73.0,74.0
277,151,73.0,74.0
278,152,73.0,74.0
279,153,73.0,74.0
280,154,73.0,74.0
280,155,73.0,74.0
279,156,73.0,74.0
277,156,73.0,74.0
275,156,73.0,74.0
273,156,73.0,74.0
271,155,73.0,74.0
270,155,73.0,74.0
269,155,73.0,74.0
269,155,73.0,74.0
269,156,73.0,74.0
269,156,73.0,74.0
269,157,73.0,74.0
269,158,73.0,74.0
270,158,73.0,74.0
271,159,73.0,74.0
273,160,73.0,74.0
274,161,73.0,74.0
275,161,73.0,74.0
276,162,73.0,74.0
278,162,73.0,74.0
279,161,73.0,74.0
281,161,73.0,74.0
283,161,73.0,74.0
285,162,73.0,74.0
287,162,73.0,74.0
289,163,73.0,74.0
290,163,73.0,74.0
291,164,73.0,74.0
292,164,73.0,74.0
293,164,73.0,74.0
294,164,73.0,74.0
294,164,73.0,74.0
294,164,73.0,74.0
294,164,73.0,74.0
293,164,73.0,74.0
293,164,73.0,74.0
292,163,73.0,74.0
291,163,73.0,74.0
290,163,73.0,74.0
289,163,73.0,74.0
289,163,73.0,74.0
288,164,73.0,74.0
288,164,73.0,74.0
288,165,73.0,74.0
287,165,73.0,74.0
288,166,73.0,74.0
288,166,73.0,74.0
288,166,73.0,74.0
289,166,73.0,74.0
289,165,73.0,74.0
288,164,73.0,74.0
287,162,73.0,74.0
286,160,73.0,74.0
286,158,73.0,74.0
286,157,73.0,74.0
286,157,73.0,74.0
286,156,73.0,74.0
286,155,73.0,74.0
285,153,73.0,74.0
285,152,73.0,74.0
285,151,73.0,74.0
285,150,73.0,74.0
284,148,73.0,74.0
284,147,73.0,74.0
284,145,73.0,74.0
284,143,73.0,74.0
284,141,73.0,74.0
283,140,73.0,74.0
283,138,73.0,74.0
283,137,73.0,74.0
283,137,73.0,74.0
282,137,73.0,74.0
281,137,73.0,74.0
281,137,73.0,74.0
280,137,73.0,74.0
280,137,73.0,74.0
280,136,73.0,74.0
280,135,73.0,74.0
280,134,73.0,74.0
280,133,73.0,74.0
279,132,73.0,74.0
279,131,73.0,74.0
278,130,73.0,74.0
278,129,73.0,74.0
278,128,73.0,74.0
277,127,73.0,74.0
277,127,73.0,74.0
277,127,73.0,74.0
277,128,73.0,74.0
278,129,73.0,74.0
278,131,73.0,74.0
279,133,73.0,74.0
280,135,73.0,74.0
281,137,73.0,74.0
281,138,73.0,74.0
282,140,73.0,74.0
282,142,73.0,74.0
282,142,73.0,74.0
283,143,73.0,74.0
283,143,73.0,74.0
283,143,73.0,74.0
283,143,73.0,74.0
283,144,73.0,74.0
283,144,73.0,74.0
284,144,73.0,74.0
285,145,73.0,74.0
286,146,73.0,74.0
287,148,73.0,74.0
288,149,73.0,74.0
289,150,73.0,74.0
289,151,73.0,74.0
289,151,73.0,74.0
288,150,73.0,74.0
287,149,73.0,74.0
285,147,73.0,74.0
283,145,73.0,74.0
281,143,73.0,74.0
280,142,73.0,74.0
278,140,73.0,74.0
277,139,73.0,74.0
276,138,73.0,74.0
275,138,73.0,74.0
274,137,73.0,74.0
272,136,73.0,74.0
270,136,73.0,74.0
267,135,73.0,74.0
262,134,73.0,74.0
256,134,73.0,74.0
250,133,73.0,74.0
244,131,73.0,74.0
237,129,73.0,74.0
231,126,73.0,74.0
226,124,73.0,74.0
221,121,73.0,74.0
218,117,73.0,74.0
215,113,73.0,74.0
214,109,73.0,74.0
214,105,73.0,74.0
215,102,73.0,74.0
217,99,73.0,74.0
219,97,73.0,74.0
220,94,73.0,74.0
221,91,73.0,74.0
222,89,73.0,74.0
223,88,73.0,74.0
224,90,73.0,74.0
225,94,73.0,74.0
227,100,73.0,74.0
229,108,73.0,74.0
230,114,73.0,74.0
230,119,73.0,74.0
228,121,73.0,74.0
226,122,73.0,74.0
224,120,73.0,74.0
223,116,73.0,74.0
223,111,73.0,74.0
225,106,73.0,74.0
229,101,73.0,74.0
234,96,73.0,74.0
239,92,73.0,74.0
243,88,73.0,74.0
248,84,73.0,74.0
253,80,73.0,74.0
257,77,73.0,74.0
261,76,73.0,74.0
264,75,73.0,74.0
266,75,73.0,74.0
268,76,73.0,74.0
270,76,73.0,74.0
271,77,73.0,74.0
272,77,73.0,74.0
272,76,73.0,74.0
272,75,73.0,74.0
271,73,73.0,74.0
270,72,73.0,74.0
270,70,73.0,74.0
270,69,73.0,74.0
270,71,73.0,74.0
