735,217,816,217,816,388,735,388
735.45,209.38,808.66,207.51,813.49,396.08,740.28,397.95
738.18,210.12,804.41,206.64,814.36,395.74,748.13,399.22
757.41,209.75,830.01,208.91,832.22,399.58,759.62,400.42
767,215,844.67,215,844.67,388,767,388
775.5,213,852.33,213,852.33,386.5,775.5,386.5
784,211,860,211,860,385,784,385
784.14,210.2,859.18,205.45,871.03,382.3,795.99,387.05
784.27,209.4,858.36,199.9,882.06,379.6,807.98,389.1
784.41,208.6,857.54,194.35,893.09,376.9,819.96,391.14
799.61,206.06,869.36,196.57,893.06,375.94,823.31,385.43
814.8,203.53,881.18,198.78,893.03,374.97,826.65,379.71
830,201,893,201,893,374,830,374
831.3,205.58,894.21,202.95,901.87,378.42,838.96,381.05
832.6,210.16,895.41,204.89,910.73,382.84,847.92,388.11
833.9,214.73,896.62,206.84,919.6,387.27,856.88,395.16
842.31,214.92,903.79,208.47,922.69,388.08,861.21,394.54
850.72,215.1,910.95,210.09,925.78,388.9,865.55,393.91
859.13,215.29,918.12,211.72,928.87,389.71,869.88,393.28
862.98,210.97,922.14,206.16,936.69,385.2,877.53,390
866.83,206.66,926.16,200.6,944.51,380.68,885.17,386.73
870.67,202.34,930.18,195.05,952.33,376.16,892.82,383.45
880.78,200.89,939.12,196.03,953.88,374.11,895.55,378.97
890.89,199.45,948.06,197.02,955.44,372.05,898.27,374.48
901,198,957,198,957,370,901,370
900.16,196.43,957.55,194.01,964.68,367.9,907.28,370.32
899.31,194.87,958.1,190.02,972.36,365.8,913.56,370.65
898.47,193.3,958.66,186.02,980.03,363.7,919.84,370.98
908.53,193.72,970.06,188.23,986.13,367.61,924.61,373.11
918.6,194.14,981.46,190.43,992.23,371.53,929.37,375.23
928.66,194.56,992.86,192.64,998.34,375.44,934.14,377.36
932.14,193.21,997.02,190.38,1005,374.62,940.15,377.45
935.61,191.87,1001.2,188.12,1011.7,373.8,946.16,377.55
939.08,190.52,1005.3,185.86,1018.4,372.98,952.17,377.64
943.22,189.17,1010.1,183.6,1025.8,372.16,958.85,377.73
947.36,187.83,1015,181.35,1033.1,371.34,965.53,377.82
951.49,186.48,1019.8,179.09,1040.5,370.52,972.21,377.91
951,184.37,1019.8,177.12,1039.8,366.96,971.03,374.21
950.51,182.26,1019.8,175.16,1039.2,363.41,969.85,370.5
950.01,180.15,1019.8,173.2,1038.5,359.85,968.66,366.8
948.86,184.03,1019.2,177.24,1037.1,362.3,966.82,369.1
947.7,187.92,1018.5,181.27,1035.8,364.74,964.97,371.39
946.54,191.81,1017.9,185.31,1034.5,367.19,963.12,373.69
947.48,189.51,1019.9,183.03,1036.5,368.65,964.09,375.13
948.42,187.22,1021.9,180.76,1038.6,370.12,965.05,376.58
949.37,184.92,1024,178.48,1040.6,371.58,966.02,378.02
953.65,181.29,1029.3,174.87,1046,371.71,970.32,378.13
957.92,177.66,1034.7,171.26,1051.4,371.84,974.62,378.24
962.2,174.03,1040.1,167.66,1056.8,371.97,978.92,378.34
965.22,175.55,1041.1,169.01,1058.3,368.29,982.39,374.82
968.25,177.07,1042.1,170.37,1059.8,364.6,985.86,371.3
971.27,178.59,1043.2,171.72,1061.2,360.92,989.33,367.78
974.96,182.1,1044.9,175.08,1063.4,359.23,993.47,366.25
978.65,185.62,1046.6,178.44,1065.5,357.54,997.61,364.73
982.34,189.14,1048.3,181.79,1067.7,355.86,1001.7,363.21
986.55,190.66,1053.2,183.56,1071.8,357.35,1005.1,364.44
990.77,192.17,1058.2,185.33,1075.9,358.83,1008.4,365.67
994.98,193.68,1063.2,187.1,1080,360.32,1011.8,366.9
999.87,193.86,1068.9,187.54,1084.8,360.47,1015.8,366.79
1004.7,194.04,1074.5,187.98,1089.6,360.63,1019.8,366.69
1009.6,194.22,1080.2,188.42,1094.4,360.78,1023.8,366.58
1009.5,195.12,1079,189.14,1094,362.88,1024.5,368.86
1009.3,196.02,1077.8,189.86,1093.7,364.98,1025.2,371.14
1009.2,196.92,1076.6,190.58,1093.3,367.08,1025.9,373.42
1010.3,200.48,1076.7,193.97,1094.3,371.85,1027.9,378.37
1011.5,204.05,1076.9,197.36,1095.3,376.62,1030,383.31
1012.7,207.62,1077,200.75,1096.3,381.38,1032,388.25
1008.1,209.93,1074.2,203.23,1092.7,384.91,1026.6,391.6
1003.5,212.24,1071.5,205.72,1089.1,388.43,1021.2,394.94
998.96,214.54,1068.7,208.21,1085.5,391.95,1015.8,398.29
995.05,212.19,1066.6,206.03,1082.6,390.81,1011.1,396.97
991.13,209.83,1064.5,203.85,1079.7,389.67,1006.4,395.64
987.22,207.47,1062.4,201.68,1076.8,388.53,1001.6,394.32
974.52,203.75,1048.8,197.11,1065.6,383.92,991.36,390.56
961.82,200.03,1035.2,192.54,1054.5,379.31,981.09,386.8
949.12,196.31,1021.7,187.97,1043.4,374.69,970.82,383.03
935.75,193.91,1007.4,184.73,1031.6,371.42,959.88,380.6
922.38,191.53,993.22,181.5,1019.8,368.14,948.95,378.17
909.01,189.13,978.99,178.26,1008,364.87,938.01,375.74
895.52,192.39,965.72,182.23,992.64,367.44,922.45,377.6
882.04,195.65,952.45,186.2,977.3,370.01,906.88,379.47
868.55,198.91,939.18,190.16,961.95,372.59,891.32,381.33
850.39,200.17,921.25,192.13,941.94,373.17,871.08,381.2
832.24,201.43,903.31,194.1,921.93,373.74,850.85,381.07
814.08,202.68,885.38,196.07,901.92,374.32,830.62,380.93
788.33,200.15,858.18,194.08,873.5,371.52,803.66,377.59
762.58,197.61,830.97,192.09,845.09,368.72,776.69,374.25
736.83,195.08,803.77,190.1,816.67,365.92,749.73,370.9
714.41,189.21,779.9,184.77,791.59,359.79,726.1,364.23
691.99,183.34,756.03,179.45,766.51,353.66,702.47,357.55
669.58,177.47,732.16,174.13,741.42,347.53,678.84,350.87
650.41,175.35,715.41,171.89,724.76,347.65,659.76,351.11
631.24,173.23,698.65,169.66,708.09,347.77,640.68,351.34
612.08,171.1,681.9,167.42,691.42,347.9,621.6,351.58
594.91,172.98,667.14,169.19,676.75,352.02,604.53,355.81
577.75,174.86,652.38,170.95,662.09,356.14,587.45,360.05
560.58,176.74,637.63,172.72,647.42,360.26,570.37,364.28
545.73,179.23,621.25,174.76,632.6,363.27,557.08,367.74
530.89,181.72,604.88,176.8,617.78,366.28,543.79,371.2
516.04,184.21,588.5,178.84,602.96,369.29,530.5,374.66
504.52,183.36,575.46,177.54,591.48,368.97,520.54,374.79
493.01,182.52,562.42,176.25,579.99,368.65,510.58,374.91
481.49,181.68,549.38,174.96,568.51,368.32,500.62,375.04
469.42,184.03,537.83,177.37,556.58,369.63,488.17,376.3
457.34,186.39,526.28,179.77,544.66,370.94,475.72,377.56
445.27,188.75,514.74,182.18,532.73,372.25,463.26,378.82
433.19,190.44,503.19,183.92,520.81,372.9,450.81,379.41
421.12,192.13,491.64,185.66,508.88,373.54,438.36,380
409.04,193.82,480.1,187.4,496.96,374.18,425.9,380.6
400.64,196.27,470.72,190.32,486.53,377.56,416.45,383.51
392.24,198.73,461.34,193.24,476.09,380.94,406.99,386.43
383.84,201.18,451.96,196.16,465.66,384.32,397.54,389.34
376.11,202.3,443.25,197.75,455.89,386.37,388.75,390.92
368.37,203.42,434.54,199.33,446.13,388.41,379.96,392.5
360.64,204.54,425.82,200.92,436.36,390.46,371.18,394.08
353.36,205.45,418.19,202.43,426.97,391.38,362.15,394.4
346.09,206.36,410.55,203.94,417.58,392.31,353.12,394.72
338.82,207.27,402.91,205.46,408.18,393.23,344.09,395.04
334.21,208.18,397.94,206.97,401.45,394.15,337.73,395.36
329.61,209.09,392.97,208.49,394.73,395.08,331.36,395.68
325,210,388,210,388,396,325,396
317.83,211.5,381.67,211.5,381.67,395.83,317.83,395.83
310.67,213,375.33,213,375.33,395.67,310.67,395.67
303.5,214.5,369,214.5,369,395.5,303.5,395.5
298.33,214.67,364.67,214.67,364.67,394,298.33,394
293.17,214.83,360.33,214.83,360.33,392.5,293.17,392.5
288,215,356,215,356,391,288,391
282.91,216.14,350.45,215.08,353.26,390.69,285.72,391.75
277.81,217.28,344.9,215.16,350.52,390.39,283.44,392.5
272.72,218.42,339.35,215.25,347.78,390.08,281.15,393.25
270.96,216.22,337.13,212,348.37,386.44,282.21,390.67
269.2,214.03,334.91,208.75,348.97,382.81,283.26,388.09
267.44,211.83,332.69,205.5,349.56,379.17,284.31,385.5
271.28,215.54,337.65,209.53,353.39,381.96,287.02,387.97
275.12,219.25,342.6,213.56,357.22,384.75,289.73,390.44
278.95,222.96,347.56,217.6,361.05,387.55,292.44,392.9
285.46,226,355.18,220.97,367.54,389.67,297.82,394.7
291.96,229.04,362.81,224.33,374.04,391.8,303.19,396.5
298.47,232.08,370.43,227.7,380.53,393.92,308.57,398.3
305.74,232.99,375.85,228.15,387.64,394.39,317.52,399.23
313.01,233.89,381.27,228.59,394.74,394.86,326.48,400.16
320.28,234.8,386.69,229.03,401.85,395.32,335.43,401.09
327.55,235.71,392.12,229.47,408.95,395.79,344.38,402.02
331.32,233.62,394.04,226.92,412.56,393.26,349.84,399.96
335.09,231.53,395.96,224.36,416.16,390.72,355.29,397.89
338.86,229.44,397.88,221.8,419.76,388.19,360.75,395.82
342.63,227.34,399.8,219.25,423.37,385.65,366.2,393.75
341.25,231.03,399.06,224.35,418.42,390.47,360.61,397.14
339.86,234.72,398.31,229.46,413.47,395.28,355.02,400.54
338.47,238.41,397.56,234.57,408.53,400.09,349.44,403.93
337.87,243.11,397.95,239,409.47,405.22,349.38,409.34
337.26,247.81,398.35,243.42,410.41,410.35,349.32,414.75
336.65,252.52,398.74,247.84,411.35,415.48,349.26,420.16
337.13,253.93,401.31,248.44,415.37,415.91,351.19,421.39
337.62,255.34,403.88,249.05,419.38,416.33,353.12,422.62
338.1,256.75,406.45,249.65,423.4,416.75,355.05,423.85
337.92,256.16,408.35,248.25,426.74,415.17,356.31,423.09
337.74,255.57,410.26,246.85,430.09,413.6,357.58,422.32
337.56,254.98,412.16,245.45,433.44,412.02,358.84,421.55
340.03,254.37,414.17,245.34,434.31,410.63,360.17,419.66
342.49,253.76,416.18,245.23,435.17,409.24,361.49,417.77
344.96,253.15,418.19,245.12,436.04,407.85,362.81,415.88
350.76,249.87,423.53,242.35,440.24,403.8,367.47,411.32
356.56,246.59,428.87,239.57,444.44,399.74,372.13,406.76
362.36,243.32,434.21,236.79,448.64,395.68,376.79,402.21
366.76,243.47,438.13,237.35,451.74,396.53,380.37,402.65
371.16,243.63,442.05,237.91,454.84,397.37,383.95,403.09
375.56,243.78,445.97,238.47,457.94,398.22,387.53,403.53
381.29,242.6,451.22,237.7,462.38,397.73,392.44,402.63
387.02,241.42,456.47,236.93,466.81,397.25,397.36,401.74
392.75,240.24,461.73,236.15,471.25,396.76,402.27,400.85
398.3,237.03,467.27,233.63,475.2,395.3,406.23,398.71
403.84,233.83,472.82,231.1,479.16,393.84,410.18,396.56
409.38,230.62,478.36,228.58,483.12,392.38,414.14,394.42
416.92,232.08,485.91,230.72,489.08,395.59,420.09,396.95
424.46,233.54,493.45,232.86,495.04,398.79,426.05,399.47
432,235,501,235,501,402,432,402
437.5,237.17,504,237.17,504,405.5,437.5,405.5
443,239.33,507,239.33,507,409,443,409
448.5,241.5,510,241.5,510,412.5,448.5,412.5
452.67,243,511.67,243,511.67,415.33,452.67,415.33
456.83,244.5,513.33,244.5,513.33,418.17,456.83,418.17
461,246,515,246,515,421,461,421
464.67,245.5,519.33,245.5,519.33,418.5,464.67,418.5
468.33,245,523.67,245,523.67,416,468.33,416
472,244.5,528,244.5,528,413.5,472,413.5
473.67,243.33,530.33,243.33,530.33,410.33,473.67,410.33
475.33,242.17,532.67,242.17,532.67,407.17,475.33,407.17
477,241,535,241,535,404,477,404
481.83,237.33,538.67,237.33,538.67,400.67,481.83,400.67
486.67,233.67,542.33,233.67,542.33,397.33,486.67,397.33
491.5,230,546,230,546,394,491.5,394
494.67,232,548,232,548,396.33,494.67,396.33
497.83,234,550,234,550,398.67,497.83,398.67
501,236,552,236,552,401,501,401
506.76,238.09,557.02,238.5,555.58,404.07,505.31,403.67
512.52,240.19,562.04,240.99,559.15,407.14,509.62,406.34
518.27,242.29,567.06,243.49,562.73,410.21,513.94,409.01
521.03,243.38,569.08,244.98,563.3,412.29,515.25,410.69
523.79,244.48,571.1,246.47,563.88,414.36,516.56,412.36
526.55,245.57,573.12,247.97,564.45,416.43,517.88,414.03
