301.46,135.15,338.2,137.57,327.25,304.09,290.51,301.67
300.36,134.65,337.62,136.28,330.27,304.52,293.0,302.89
300.44,134.99,340.28,136.42,334.27,303.71,294.42,302.28
304.22,135.25,342.8,137.72,332.32,301.04,293.74,298.56
303.56,133.08,341.98,134.91,334.0,302.67,295.58,300.85
304.4,135.83,341.8,137.32,335.15,304.5,297.74,303.01
304.09,134.55,340.17,135.58,335.39,302.54,299.31,301.51
303.69,135.93,340.07,136.79,336.1,304.33,299.72,303.47
303.48,136.19,340.89,136.86,337.92,303.26,300.51,302.59
302.3,137.3,338.4,137.56,337.2,304.24,301.1,303.98
301.25,137.11,336.26,137.12,336.21,303.88,301.2,303.87
300.8,136.87,335.14,136.96,334.69,305.3,300.35,305.21
299.13,136.51,334.95,136.71,334.03,303.86,298.21,303.67
297.05,136.6,331.61,136.69,331.2,303.03,296.63,302.95
294.39,136.23,331.35,136.51,330.1,303.05,293.14,302.78
292.38,136.17,328.24,136.35,327.41,302.2,291.55,302.02
290.44,137.82,326.19,137.96,325.54,303.6,289.8,303.47
288.12,137.55,324.57,137.56,324.54,302.96,288.09,302.96
288.74,140.1,324.17,141.33,318.66,300.29,283.22,299.06
284.3,136.74,321.34,137.01,320.16,303.14,283.12,302.87
286.76,138.15,321.43,139.58,314.66,303.78,279.99,302.35
281.85,139.92,319.33,140.89,315.12,303.28,277.64,302.31
282.55,139.43,318.58,140.71,312.8,303.64,276.77,302.36
280.15,140.86,317.93,141.54,314.96,304.15,277.19,303.46
280.31,144.93,318.15,145.97,313.76,305.31,275.91,304.27
280.91,147.29,317.92,148.22,313.91,307.06,276.91,306.13
281.67,147.05,317.82,148.37,312.1,305.12,275.95,303.8
275.61,144.76,313.63,144.66,314.06,304.13,276.05,304.23
276.57,147.19,313.9,147.16,314.02,303.79,276.69,303.82
280.19,146.8,314.52,148.37,307.37,303.96,273.04,302.38
280.92,146.81,313.09,148.84,303.29,304.3,271.12,302.27
277.58,150.39,310.4,151.86,303.51,305.85,270.69,304.38
275.27,150.36,308.68,151.37,303.99,306.81,270.57,305.8
274.69,151.09,308.02,152.37,302.07,307.69,268.74,306.41
274.65,146.0,309.67,148.4,298.63,309.62,263.6,307.22
271.18,148.18,307.36,149.91,299.72,309.12,263.53,307.38
269.19,151.41,305.36,153.52,296.23,310.27,260.07,308.17
265.32,151.11,303.96,152.78,297.1,311.46,258.47,309.79
264.03,150.17,302.36,151.75,295.88,309.11,257.55,307.54
266.16,151.3,301.71,153.84,290.48,311.2,254.92,308.67
262.89,153.61,295.41,153.25,297.1,305.54,264.58,305.9
264.09,152.08,295.46,152.28,294.48,305.2,263.11,305.0
264.66,152.05,294.52,152.23,293.58,306.17,263.72,305.99
267.79,153.23,296.22,154.34,290.1,311.19,261.67,310.08
259.51,151.65,299.75,154.82,287.61,308.94,247.37,305.77
254.87,152.79,296.15,153.45,293.69,306.43,252.41,305.77
258.14,158.28,298.89,160.23,291.84,307.72,251.1,305.77
262.29,151.77,302.21,155.38,288.39,308.28,248.47,304.67
272.76,154.21,302.04,156.38,290.88,306.26,261.61,304.08
274.11,150.74,301.31,152.45,291.65,306.32,264.44,304.61
272.31,152.03,299.42,153.29,292.44,303.82,265.33,302.56
269.56,151.45,298.68,152.45,293.43,304.25,264.31,303.24
267.3,151.8,295.6,152.07,294.19,302.65,265.89,302.39
266.55,147.49,295.01,147.89,292.81,301.73,264.35,301.32
266.55,144.7,294.29,145.17,291.67,299.3,263.93,298.83
265.31,148.41,293.0,148.77,291.03,299.6,263.34,299.24
264.92,146.45,293.62,146.73,292.13,300.21,263.43,299.93
263.43,145.35,292.74,145.69,291.0,298.27,261.68,297.93
263.38,144.02,293.5,144.91,288.98,298.73,258.86,297.84
261.8,144.67,289.72,144.96,288.14,297.68,260.22,297.39
262.15,143.45,290.44,143.63,289.48,296.94,261.2,296.77
262.04,141.75,289.62,141.98,288.31,295.96,260.73,295.73
262.13,140.73,290.98,141.19,288.49,296.65,259.64,296.19
262.7,141.34,290.99,141.9,288.05,292.59,259.76,292.04
261.41,137.17,292.44,138.77,284.47,293.24,253.43,291.63
259.11,137.62,291.06,138.17,288.45,290.51,256.51,289.96
260.18,137.98,291.43,139.29,284.98,292.96,253.72,291.65
258.29,138.62,288.85,138.49,289.5,290.74,258.94,290.87
257.62,150.16,289.93,149.19,294.08,287.49,261.77,288.46
259.24,136.83,294.01,137.8,289.61,294.31,254.84,293.34
259.41,147.35,292.73,147.46,292.28,287.0,258.96,286.89
264.7,134.64,293.77,135.63,288.59,287.98,259.52,287.0
264.37,136.0,294.44,136.08,294.01,289.55,263.94,289.47
265.43,136.21,294.64,136.47,293.3,287.53,264.09,287.27
264.1,138.23,297.91,139.33,293.08,288.46,259.27,287.36
268.92,141.31,299.38,143.97,286.65,289.78,256.2,287.12
262.6,136.44,293.72,136.23,294.72,286.17,263.59,286.37
260.79,137.6,293.15,136.9,296.33,284.61,263.98,285.3
263.69,138.52,291.72,137.81,295.42,284.8,267.4,285.5
264.91,138.03,297.5,140.2,287.78,286.1,255.19,283.93
261.82,138.0,294.98,139.04,290.42,285.53,257.26,284.49
255.79,142.23,290.84,140.66,297.33,284.59,262.28,286.17
261.48,137.91,293.59,138.26,291.98,285.11,259.87,284.76
260.75,137.6,291.56,137.05,294.18,285.45,263.37,286.0
260.65,136.05,293.73,135.82,294.77,288.99,261.69,289.22
258.92,138.46,294.67,138.69,293.7,287.6,257.95,287.37
259.15,138.38,294.5,138.02,296.06,288.39,260.71,288.76
262.01,137.64,294.52,137.29,296.16,288.77,263.65,289.13
259.13,138.69,296.09,138.6,296.48,287.69,259.52,287.79
263.21,135.69,294.52,135.37,296.08,285.33,264.77,285.65
263.01,135.56,296.6,135.35,297.51,284.99,263.92,285.2
261.24,146.31,297.62,145.37,301.23,284.24,264.85,285.18
262.5,133.46,297.58,132.49,301.73,282.61,266.66,283.58
262.02,136.52,297.83,135.31,302.81,283.06,267.0,284.27
262.33,135.64,298.74,134.38,303.91,283.13,267.5,284.4
262.11,134.59,300.29,133.3,305.35,283.08,267.18,284.37
263.47,136.49,301.27,134.82,308.02,286.91,270.21,288.59
264.48,131.75,301.2,130.01,308.61,286.35,271.89,288.09
263.46,132.94,301.59,130.69,310.95,289.16,272.82,291.42
264.94,134.72,303.04,132.62,311.73,290.02,273.62,292.12
265.74,136.29,305.3,134.45,312.46,288.23,272.9,290.07
269.72,134.34,307.49,133.1,312.64,290.08,274.87,291.32
270.48,135.5,308.56,133.83,315.42,290.56,277.34,292.23
275.39,134.33,311.23,133.46,315.08,292.33,279.25,293.2
278.15,135.11,313.22,134.44,316.24,291.88,281.17,292.56
280.0,131.0,320.0,131.0,320.0,291.0,280.0,291.0
279.79,131.93,320.11,131.78,320.62,291.74,280.31,291.89
279.59,132.86,320.21,132.56,321.24,292.48,280.62,292.78
279.38,133.79,320.31,133.34,321.86,293.21,280.93,293.67
279.18,134.73,320.42,134.12,322.49,293.95,281.24,294.56
278.97,135.66,320.52,134.9,323.11,294.69,281.55,295.45
278.76,136.59,320.63,135.68,323.73,295.43,281.86,296.34
278.56,137.52,320.73,136.46,324.35,296.17,282.17,297.23
278.35,138.45,320.84,137.24,324.97,296.9,282.48,298.11
278.15,139.39,320.94,138.03,325.59,297.64,282.79,299.0
277.94,140.32,321.05,138.81,326.21,298.38,283.1,299.89
277.74,141.25,321.15,139.59,326.83,299.12,283.41,300.78
277.53,142.18,321.26,140.37,327.45,299.86,283.73,301.67
277.32,143.11,321.36,141.15,328.07,300.6,284.04,302.56
277.12,144.04,321.47,141.93,328.7,301.33,284.35,303.45
276.91,144.98,321.57,142.71,329.32,302.07,284.66,304.34
276.84,144.07,322.09,141.81,329.8,302.11,284.55,304.38
276.78,143.16,322.61,140.9,330.28,302.16,284.44,304.42
276.71,142.26,323.13,140.0,330.76,302.2,284.34,304.46
276.64,141.35,323.65,139.1,331.25,302.24,284.24,304.5
275.42,142.0,322.79,139.27,331.96,302.59,284.59,305.32
274.2,142.65,321.93,139.44,332.68,302.94,284.95,306.15
272.99,143.3,321.06,139.61,333.39,303.28,285.31,306.98
278.74,147.23,315.74,143.73,330.32,297.61,293.31,301.12
278.87,146.21,315.51,142.86,330.07,302.08,293.43,305.43
276.16,145.66,313.59,142.19,328.91,307.43,291.48,310.9
273.07,147.27,312.76,142.27,333.38,305.93,293.69,310.93
275.95,145.45,311.73,141.9,328.31,308.89,292.53,312.44
273.62,142.82,310.21,138.99,328.0,309.07,291.41,312.9
271.18,146.55,309.02,142.32,327.57,308.13,289.74,312.36
272.89,144.41,310.39,141.2,324.94,310.85,287.45,314.06
272.79,144.52,311.34,141.77,323.41,310.82,284.86,313.57
275.36,143.03,311.36,141.11,320.49,311.93,284.49,313.85
274.66,142.68,311.32,140.79,320.1,311.11,283.45,313.0
277.54,143.45,313.09,142.16,319.27,312.59,283.72,313.88
275.81,144.49,312.7,143.05,319.3,311.33,282.4,312.78
273.13,144.68,310.6,142.62,319.92,312.36,282.44,314.41
272.91,143.4,311.89,141.49,320.22,311.65,281.24,313.56
274.47,142.09,312.43,140.98,317.43,311.92,279.47,313.03
273.99,142.69,312.44,141.09,319.56,311.79,281.11,313.39
311.12,139.26,273.77,141.11,282.32,313.69,319.67,311.84
275.07,140.76,312.86,139.08,320.53,311.8,282.75,313.48
274.11,140.22,314.4,138.56,321.58,312.46,281.29,314.12
274.79,139.08,314.03,137.11,322.7,309.83,283.46,311.8
273.57,141.27,311.09,138.17,325.45,311.83,287.94,314.94
274.01,143.45,310.01,139.91,326.8,310.98,290.8,314.51
273.54,143.91,309.45,139.84,328.84,311.23,292.93,315.29
274.97,145.35,310.14,141.0,331.17,310.98,296.01,315.33
273.94,141.24,309.25,136.27,333.55,308.83,298.23,313.8
273.53,142.72,309.59,136.91,337.6,310.48,301.53,316.3
274.62,143.4,311.55,137.43,339.48,310.16,302.55,316.13
275.05,145.48,313.45,139.81,338.27,307.71,299.87,313.39
275.24,144.54,315.16,139.36,337.11,308.38,297.19,313.56
273.9,146.21,315.2,140.64,338.0,309.68,296.7,315.25
273.18,146.58,315.83,140.96,337.81,307.69,295.16,313.32
270.66,146.94,315.01,140.88,337.83,307.88,293.47,313.94
269.8,146.14,314.69,142.18,329.2,307.46,284.31,311.42
277.89,145.72,313.29,146.43,309.92,314.37,274.53,313.66
276.01,144.73,311.73,144.73,311.73,310.01,276.0,310.01
275.11,146.45,315.62,146.09,317.09,311.61,276.58,311.96
277.58,147.61,318.27,148.36,315.21,312.72,274.52,311.97
277.48,152.66,322.75,153.13,321.07,313.46,275.8,312.99
280.55,152.9,328.54,154.89,321.76,318.31,273.77,316.32
278.42,154.87,320.94,155.67,317.92,317.79,275.4,316.99
281.84,151.73,325.01,153.35,318.83,317.56,275.66,315.94
292.41,155.27,338.53,162.05,315.16,321.06,269.05,314.28
292.49,150.01,336.42,155.41,316.11,320.7,272.18,315.31
291.44,150.37,337.25,155.62,318.67,317.88,272.87,312.63
284.2,151.82,323.17,151.94,322.67,315.27,283.7,315.15
287.53,149.58,328.22,151.12,322.0,316.04,281.3,314.5
295.71,150.45,340.81,156.97,316.6,324.56,271.51,318.04
295.13,149.02,336.7,153.89,317.05,321.67,275.47,316.8
293.19,146.91,334.58,151.0,317.6,322.46,276.21,318.36
291.06,148.09,329.53,150.03,321.05,318.05,282.58,316.11
291.15,149.48,324.79,149.8,323.22,315.34,289.58,315.02
291.64,151.15,325.22,151.51,323.48,315.24,289.91,314.89
295.09,150.25,327.82,150.71,325.47,316.37,292.74,315.9
296.2,148.31,327.21,148.28,327.37,316.34,296.35,316.37
299.39,147.94,328.42,148.11,327.41,316.3,298.38,316.13
300.92,147.16,329.39,146.83,331.32,317.28,302.85,317.61
299.86,147.85,327.02,147.52,329.12,318.26,301.96,318.59
299.85,149.7,328.4,149.33,330.58,319.19,302.02,319.56
300.8,145.64,327.7,145.58,328.09,319.27,301.18,319.33
299.82,150.05,326.46,149.63,329.19,320.68,302.55,321.1
299.23,149.38,327.86,148.65,332.27,322.03,303.64,322.76
299.94,149.34,328.26,148.95,330.61,321.47,302.28,321.86
295.97,154.44,325.87,151.95,340.14,323.27,310.25,325.76
298.06,156.46,326.54,155.11,334.56,324.18,306.07,325.53
297.73,155.64,329.0,154.45,335.48,324.45,304.21,325.64
297.02,153.21,332.31,152.4,336.27,324.59,300.98,325.4
294.02,157.44,332.37,156.28,337.32,319.8,298.97,320.96
295.25,156.89,333.55,156.74,334.18,319.0,295.88,319.15
295.04,159.17,338.5,159.55,337.09,320.13,293.63,319.74
297.38,157.8,343.74,160.55,334.27,320.59,287.91,317.85
292.2,160.07,336.39,160.14,336.13,319.44,291.93,319.37
295.18,157.56,338.32,157.63,338.07,320.09,294.93,320.02
299.57,154.74,338.89,155.13,337.24,320.42,297.92,320.03
301.88,153.52,342.59,155.4,334.89,322.3,294.18,320.42
305.68,151.2,344.93,152.87,337.88,319.09,298.62,317.42
303.0,152.21,339.25,152.0,340.2,319.16,303.95,319.37
311.47,148.77,349.16,150.7,340.47,320.96,302.78,319.03
312.43,148.01,346.87,148.71,343.37,319.89,308.94,319.18
312.61,147.1,346.61,147.26,345.81,319.26,311.8,319.1
316.11,147.16,352.74,148.61,345.99,319.31,309.36,317.86
316.18,147.18,347.95,147.22,347.74,320.15,315.97,320.11
315.89,148.11,346.12,147.05,352.15,318.97,321.92,320.03
314.08,148.3,340.9,145.96,355.98,318.86,329.17,321.2
311.87,150.99,339.78,146.97,364.83,320.68,336.92,324.71
313.81,149.42,342.24,146.03,362.76,318.22,334.33,321.61
310.79,151.55,341.02,146.95,366.96,317.24,336.74,321.84
310.61,153.69,343.17,148.79,368.62,318.0,336.07,322.9
308.1,152.51,342.48,147.02,369.78,317.92,335.39,323.41
306.07,153.18,340.8,147.53,368.75,319.58,334.02,325.22
307.18,153.47,343.22,147.99,369.22,319.06,333.18,324.53
314.45,151.85,362.18,150.84,365.77,320.98,318.04,321.98
302.81,153.03,342.2,146.44,370.93,318.45,331.54,325.03
308.1,152.48,355.29,149.33,366.69,320.01,319.49,323.16
300.82,152.62,342.27,145.7,371.23,319.16,329.78,326.08
300.95,152.5,343.25,145.48,372.0,318.81,329.71,325.82
299.28,150.06,334.98,143.91,365.07,318.67,329.37,324.82
298.05,152.08,343.02,143.96,374.29,317.09,329.32,325.21
297.99,151.7,342.73,143.57,374.2,316.79,329.47,324.91
298.4,155.37,343.36,146.94,375.26,317.02,330.31,325.46
301.75,153.23,346.27,145.79,375.22,319.05,330.7,326.49
302.81,155.98,346.88,148.13,377.15,318.0,333.08,325.85
305.05,157.65,348.33,149.98,378.46,320.15,335.19,327.82
308.73,153.71,352.35,147.38,377.64,321.74,334.02,328.07
313.13,152.07,342.23,148.89,361.24,322.65,332.13,325.84
310.39,153.88,341.89,148.75,370.36,323.58,338.85,328.71
315.65,150.81,347.57,148.01,362.95,323.03,331.02,325.84
320.89,152.5,366.76,148.96,380.22,323.46,334.35,327.0
323.87,152.06,369.57,149.36,379.9,323.85,334.21,326.55
324.13,152.22,356.54,150.19,367.57,326.19,335.16,328.22
328.32,154.03,371.33,151.12,383.17,325.92,340.17,328.83
328.69,155.66,373.11,152.03,387.37,326.41,342.94,330.04
327.19,155.46,369.76,149.56,393.98,324.12,351.41,330.03
327.71,155.72,370.07,149.18,397.2,324.89,354.85,331.43
329.0,157.12,371.96,150.32,399.77,326.04,356.81,332.84
330.83,158.67,372.93,151.69,401.89,326.57,359.79,333.54
330.49,159.25,373.31,151.57,404.59,326.04,361.77,333.72
334.98,160.11,377.68,153.42,404.88,326.97,362.18,333.66
333.89,160.2,376.57,152.78,407.19,328.93,364.51,336.35
335.58,160.08,378.38,152.69,408.78,328.77,365.98,336.16
336.53,160.46,379.65,152.92,410.94,331.74,367.82,339.29
336.24,160.32,379.06,152.21,412.97,331.37,370.15,339.47
337.76,160.54,381.45,152.49,414.19,330.13,370.5,338.18
338.89,158.35,383.26,150.38,415.87,331.97,371.5,339.94
341.3,160.95,385.52,152.8,418.03,329.17,373.81,337.32
343.29,159.64,388.41,151.27,422.9,337.24,377.77,345.61
347.47,159.42,392.16,151.97,421.43,327.5,376.74,334.95
350.97,156.56,396.09,149.23,424.98,327.18,379.86,334.5
354.36,158.01,399.55,150.95,427.67,331.07,382.48,338.12
358.21,162.31,403.65,155.21,430.69,328.28,385.25,335.38
360.92,164.57,405.08,157.38,433.15,329.93,388.98,337.11
365.43,164.14,409.58,157.09,437.25,330.39,393.1,337.44
368.47,163.68,412.61,156.25,442.92,336.41,398.77,343.83
371.95,164.54,416.35,157.3,445.06,333.29,400.65,340.53
376.4,163.8,420.06,157.2,446.77,333.7,403.11,340.3
380.59,159.97,422.75,153.99,448.05,332.31,405.89,338.29
382.59,160.79,425.42,154.86,449.87,331.54,407.03,337.47
384.83,161.86,426.62,155.79,452.24,332.39,410.45,338.45
384.27,160.09,425.83,153.23,455.49,332.99,413.93,339.85
387.83,159.87,430.5,154.84,451.19,330.52,408.52,335.55
394.0,157.57,424.41,156.37,431.31,332.12,400.9,333.32
394.2,157.97,427.2,156.65,434.19,331.87,401.19,333.19
396.62,158.86,432.11,158.34,434.69,335.52,399.2,336.03
397.83,160.23,437.01,160.44,436.1,332.26,396.92,332.05
401.66,160.27,444.93,162.32,436.82,333.08,393.55,331.03
403.38,168.17,450.9,171.39,439.98,332.71,392.45,329.49
402.5,170.25,450.77,172.92,441.87,333.86,393.6,331.19
410.82,170.38,479.63,179.47,458.4,340.19,389.59,331.1
400.02,178.77,480.58,178.79,480.54,330.79,399.99,330.77
399.55,175.96,483.99,176.95,482.15,332.47,397.72,331.48
416.67,166.36,477.23,175.07,453.48,340.13,392.93,331.42
424.3,167.73,483.8,178.36,455.12,338.88,395.62,328.24
417.63,166.2,484.8,165.48,486.59,332.87,419.42,333.59
421.34,169.53,491.35,170.62,488.83,332.39,418.82,331.3
430.26,167.02,488.16,171.39,475.58,338.05,417.68,333.67
426.2,162.56,493.33,163.1,491.97,333.45,424.83,332.91
419.27,164.27,470.88,155.7,499.85,330.23,448.24,338.8
434.38,167.4,472.78,169.23,464.9,335.05,426.49,333.22
432.05,155.3,468.63,154.56,472.23,331.78,435.65,332.52
426.41,158.38,475.88,153.8,492.45,332.48,442.98,337.07
420.13,160.48,470.2,152.33,499.57,332.82,449.5,340.97
420.56,160.36,469.75,152.45,499.44,337.14,450.25,345.05
419.87,160.75,467.36,152.38,500.01,337.63,452.52,346.0
420.27,160.67,466.78,152.62,498.9,338.19,452.39,346.24
420.19,161.15,466.23,153.67,496.71,341.35,450.67,348.83
419.92,160.27,465.59,153.13,494.59,338.69,448.92,345.82
418.58,161.65,464.78,154.98,490.83,335.44,444.63,342.11
417.63,161.21,463.62,154.88,488.43,335.16,442.44,341.49
415.63,160.79,463.43,155.31,484.12,335.77,436.33,341.25
414.17,163.09,461.44,157.22,484.24,340.91,436.97,346.78
412.99,162.35,459.69,157.24,479.77,340.55,433.07,345.67
409.25,163.71,457.37,158.3,477.97,341.45,429.84,346.86
404.52,161.28,453.67,155.43,476.02,343.46,426.87,349.3
403.43,158.54,450.87,153.32,471.75,343.03,424.3,348.25
400.02,159.08,450.47,154.13,468.54,338.46,418.09,343.41
396.61,159.09,443.72,153.47,465.22,333.78,418.11,339.4
395.17,157.92,441.09,152.91,461.28,338.04,415.36,343.05
390.21,156.43,437.5,150.57,460.2,333.65,412.91,339.51
390.67,157.35,437.78,152.3,457.03,331.75,409.92,336.81
389.65,157.81,437.21,152.85,455.82,331.3,408.26,336.26
389.53,156.14,438.49,151.65,455.15,333.34,406.2,337.83
390.61,154.46,440.71,151.05,453.12,333.03,403.02,336.45
390.33,154.81,435.48,150.17,454.11,331.07,408.96,335.72
389.87,154.99,438.35,150.72,454.5,333.82,406.02,338.09
389.25,153.62,436.71,148.93,455.05,334.64,407.59,339.33
391.16,153.44,442.41,150.16,454.35,337.12,403.1,340.4
394.28,172.69,443.74,169.35,454.85,333.94,405.4,337.28
392.93,148.7,441.85,145.5,454.13,333.24,405.2,336.44
394.01,151.33,442.95,148.55,453.37,331.88,404.44,334.67
395.9,150.58,447.61,148.5,455.14,335.91,403.43,337.99
395.01,149.02,446.83,147.09,453.77,333.26,401.95,335.19
397.71,148.97,450.14,147.74,454.48,333.51,402.06,334.74
392.91,148.98,439.69,144.6,457.45,333.91,410.68,338.3
392.78,149.97,439.86,145.32,458.54,334.4,411.45,339.05
393.04,150.17,442.19,145.91,458.75,336.96,409.59,341.22
393.1,147.9,440.36,143.0,460.52,337.41,413.26,342.31
399.8,146.34,455.43,146.13,456.17,337.58,400.53,337.8
394.24,147.63,443.25,143.38,460.21,339.03,411.21,343.28
395.86,145.09,447.62,141.73,460.08,333.61,408.32,336.97
393.61,146.43,440.33,141.71,459.74,333.98,413.03,338.7
392.11,144.85,441.44,139.99,460.46,333.08,411.13,337.94
394.73,143.73,444.53,139.24,462.03,333.25,412.23,337.74
396.43,144.42,447.11,140.07,463.55,331.6,412.87,335.95
396.23,142.18,446.57,137.73,463.54,329.7,413.2,334.15
396.31,143.44,444.59,138.33,464.97,330.83,416.68,335.94
396.57,140.49,447.04,135.62,465.49,327.02,415.02,331.88
401.84,133.88,455.42,131.31,464.99,330.34,411.41,332.91
399.79,135.74,457.54,133.26,466.02,330.68,408.27,333.16
401.78,138.19,456.24,134.71,468.58,327.18,414.11,330.67
400.37,138.23,457.7,134.48,470.36,328.14,413.03,331.89
406.66,136.99,463.48,135.85,467.34,328.51,410.53,329.65
407.92,136.92,460.4,134.7,468.54,327.04,416.06,329.26
416.84,133.09,469.63,136.22,458.07,331.01,405.28,327.88
417.6,133.16,456.75,135.19,446.7,328.94,407.56,326.91
415.25,133.5,467.03,133.95,465.31,328.5,413.53,328.04
414.57,132.85,465.72,132.13,468.46,328.04,417.31,328.76
416.22,133.94,469.62,133.7,470.48,326.24,417.07,326.48
413.43,134.49,467.83,133.2,472.41,326.72,418.0,328.0
412.83,133.23,461.9,132.15,466.19,325.99,417.12,327.07
409.44,134.25,459.13,131.78,468.76,326.0,419.08,328.46
408.85,132.33,459.19,131.26,463.31,326.16,412.96,327.23
412.42,129.13,449.81,130.56,442.28,326.13,404.89,324.69
407.62,130.21,446.43,130.89,443.04,324.88,404.23,324.2
403.65,127.82,440.26,127.72,440.82,323.29,404.21,323.39
404.56,127.26,443.43,128.42,437.59,324.57,398.72,323.41
398.48,129.2,441.76,129.97,438.35,321.87,395.07,321.1
394.88,128.28,436.57,129.14,432.58,322.09,390.89,321.23
392.7,126.78,433.27,127.44,430.12,321.73,389.55,321.07
387.51,128.37,430.29,128.2,431.05,320.35,388.26,320.52
388.58,127.04,431.83,128.54,425.12,321.7,381.86,320.2
383.37,127.73,426.53,128.01,425.3,318.83,382.14,318.56
380.1,126.92,424.25,126.74,425.02,317.9,380.88,318.07
377.61,124.62,424.75,125.04,423.02,318.53,375.88,318.1
377.24,121.85,423.26,122.46,420.69,316.94,374.66,316.33
374.86,124.34,422.32,124.51,421.64,317.0,374.19,316.83
372.37,124.51,423.51,124.17,424.75,315.03,373.61,315.37
369.08,122.25,420.28,121.21,424.19,314.02,373.0,315.06
367.38,123.16,422.11,122.28,425.18,314.0,370.45,314.87
368.88,121.45,424.78,121.34,425.14,312.52,369.24,312.62
364.82,119.88,421.4,117.65,428.99,310.47,372.4,312.7
361.58,120.83,416.88,117.53,428.33,309.33,373.03,312.63
361.37,119.55,416.15,116.27,427.6,307.9,372.82,311.17
360.9,119.1,414.93,115.85,426.41,306.89,372.38,310.14
360.93,117.75,414.3,114.6,425.65,306.77,372.27,309.92
359.07,116.41,411.58,112.88,424.54,305.36,372.03,308.9
357.26,117.62,409.69,113.46,424.87,304.68,372.43,308.84
356.82,118.12,411.1,114.58,423.49,304.46,369.21,308.0
354.46,118.03,410.03,114.63,421.69,305.02,366.12,308.42
354.66,118.38,407.88,114.77,420.74,304.34,367.53,307.95
353.17,117.98,405.5,113.65,421.21,303.62,368.87,307.95
352.22,117.54,406.83,113.85,419.72,304.82,365.12,308.51
352.11,117.35,406.92,113.98,418.63,304.44,363.82,307.81
350.17,119.05,403.46,114.87,418.27,303.86,364.98,308.04
350.04,118.81,402.08,114.94,416.1,303.54,364.06,307.41
349.8,117.58,403.77,114.39,415.03,304.67,361.06,307.87
349.0,117.97,401.42,115.0,412.18,304.74,359.76,307.71
348.56,119.8,399.83,117.01,410.1,305.68,358.82,308.47
348.41,122.41,400.85,119.43,411.5,306.53,359.06,309.51
347.17,121.08,398.41,118.17,409.09,306.6,357.85,309.5
345.58,120.81,396.01,117.79,407.47,309.05,357.04,312.07
347.09,121.47,396.91,119.4,404.8,309.08,354.97,311.15
346.21,124.23,393.58,121.95,402.39,305.39,355.02,307.67
345.59,124.37,395.58,122.95,400.91,310.93,350.93,312.35
347.17,123.73,395.91,123.35,397.4,313.32,348.65,313.7
341.14,125.26,389.81,123.27,397.64,314.64,348.98,316.64
340.39,125.14,392.16,123.66,397.6,313.87,345.83,315.35
336.66,124.58,385.03,122.19,394.71,317.86,346.34,320.25
333.27,118.33,383.36,115.8,393.46,315.82,343.37,318.35
331.23,120.26,380.53,117.79,390.25,311.29,340.96,313.77
326.52,121.43,375.96,118.47,387.54,311.93,338.11,314.89
324.89,121.29,371.86,117.86,386.04,312.08,339.08,315.51
320.37,120.14,365.5,116.58,380.87,311.25,335.73,314.81
318.52,119.49,362.72,116.36,376.63,312.69,332.43,315.82
317.72,121.15,361.27,118.71,372.13,311.78,328.58,314.23
316.96,122.87,359.3,120.63,369.47,313.19,327.13,315.43
311.51,124.06,354.55,121.84,364.41,313.45,321.36,315.66
307.39,125.56,351.47,123.02,362.4,313.29,318.32,315.82
303.3,127.13,345.8,124.43,357.81,313.44,315.3,316.14
297.93,126.19,340.89,122.59,356.77,312.2,313.81,315.8
296.02,125.76,338.04,122.56,352.46,311.92,310.44,315.12
291.91,126.38,333.5,122.6,350.62,310.79,309.02,314.57
287.57,126.96,331.18,123.03,348.0,310.15,304.4,314.07
283.17,127.63,327.72,123.19,346.44,310.92,301.89,315.36
278.29,126.82,324.89,120.65,349.8,308.74,303.2,314.91
279.47,125.34,328.68,119.58,350.97,309.9,301.76,315.67
279.6,125.75,329.36,119.51,353.26,309.78,303.5,316.03
277.57,130.24,329.84,122.91,356.01,309.46,303.74,316.79
275.33,127.9,326.47,120.65,353.09,308.48,301.94,315.73
274.69,130.11,324.22,122.89,351.36,309.14,301.83,316.36
273.01,131.78,323.59,125.26,347.56,311.21,296.98,317.73
272.86,129.31,323.16,122.47,348.69,310.46,298.39,317.29
276.06,128.99,324.43,123.55,345.85,313.87,297.48,319.32
276.83,128.67,322.23,124.08,341.43,314.13,296.03,318.71
284.25,126.5,325.85,126.38,326.43,318.9,284.83,319.02
285.63,128.36,331.84,130.0,325.09,320.36,278.88,318.72
282.46,130.15,330.76,132.24,322.56,321.53,274.26,319.43
283.09,131.06,332.05,133.6,322.29,321.27,273.33,318.72
283.66,129.89,329.7,132.9,317.61,317.84,271.57,314.83
279.71,131.11,329.15,133.63,319.75,318.16,270.3,315.64
277.74,133.47,324.42,134.24,321.38,317.55,274.7,316.78
272.56,134.08,321.36,134.24,320.73,317.44,271.93,317.27
271.94,135.37,324.74,135.1,325.66,319.21,272.86,319.47
257.38,137.96,321.01,132.21,337.62,316.04,273.99,321.79
266.87,137.07,328.58,138.85,323.32,321.94,261.61,320.17
265.95,138.72,320.45,136.99,326.11,314.63,271.61,316.37
261.74,140.8,319.82,137.52,330.01,318.2,271.94,321.48
259.23,142.27,316.04,138.55,327.48,313.41,270.67,317.13
257.96,140.37,316.58,137.48,325.55,319.33,266.93,322.22
257.02,140.89,316.98,137.91,326.02,319.3,266.06,322.28
256.28,143.34,314.5,139.77,325.25,314.75,267.04,318.33
256.04,142.51,313.38,139.19,323.81,319.47,266.47,322.78
256.18,144.45,313.43,140.46,325.7,316.25,268.45,320.25
258.2,145.98,315.47,142.95,324.95,322.2,267.68,325.23
260.34,147.48,316.63,144.89,324.68,319.97,268.38,322.55
258.99,148.85,317.76,145.47,327.36,312.45,268.59,315.83
261.54,148.97,322.61,146.46,329.77,321.14,268.71,323.64
263.42,149.51,325.19,147.53,330.82,323.31,269.05,325.29
265.64,150.41,324.63,149.05,328.6,321.01,269.61,322.37
267.83,151.61,326.08,150.97,328.03,326.98,269.79,327.62
269.0,151.68,330.57,151.43,331.28,326.09,269.7,326.33
272.26,150.55,333.63,150.86,332.75,325.59,271.38,325.28
274.07,150.48,330.18,150.08,331.42,327.42,275.31,327.81
276.29,150.5,336.24,150.56,336.06,323.49,276.12,323.43
278.64,148.89,332.88,148.25,334.94,323.65,280.7,324.29
276.41,147.21,332.85,147.05,333.35,323.18,276.91,323.34
277.11,143.43,333.94,143.29,334.37,319.44,277.53,319.58
277.01,146.9,328.1,143.78,339.09,323.59,288.0,326.71
276.54,145.26,332.28,144.3,335.41,325.08,279.67,326.05
275.76,144.13,328.58,143.64,330.28,329.0,277.46,329.48
272.14,148.12,327.99,144.89,338.36,324.52,282.5,327.74
270.67,146.34,319.57,141.22,338.82,324.91,289.91,330.04
271.28,148.57,317.74,143.39,338.65,331.02,292.19,336.2
271.69,147.19,321.57,146.73,323.25,330.41,273.37,330.87
270.71,142.04,321.77,141.64,323.2,324.52,272.15,324.92
269.94,145.54,322.75,145.94,321.36,328.15,268.55,327.74
264.64,144.83,314.14,141.13,327.93,325.47,278.43,329.17
261.72,147.78,306.46,143.49,324.52,331.82,279.78,336.11
253.44,149.84,310.64,145.59,321.74,295.1,264.54,299.35
255.09,146.74,307.68,143.81,317.2,314.78,264.61,317.7
250.75,144.64,301.55,142.24,310.32,327.8,259.52,330.2
250.05,147.78,308.11,140.39,329.78,310.77,271.72,318.16
250.08,141.3,296.51,136.54,315.36,320.03,268.92,324.8
251.45,140.04,300.8,135.56,317.38,318.33,268.02,322.8
250.33,136.59,295.87,133.94,307.14,327.7,261.59,330.35
250.86,136.84,303.95,136.6,304.78,323.12,251.69,323.36
249.67,137.46,300.2,135.91,306.18,331.27,255.65,332.82
249.72,139.28,304.14,138.82,305.74,324.94,251.32,325.41
249.36,141.31,297.71,138.96,307.13,332.71,258.77,335.06
251.59,143.57,297.92,140.66,309.88,330.66,263.54,333.58
252.39,146.02,300.06,143.61,310.05,341.86,262.38,344.27
255.75,145.0,306.82,145.31,305.67,335.06,254.59,334.75
254.18,151.43,309.69,151.52,309.42,328.48,253.91,328.4
256.62,151.99,315.08,153.3,311.15,328.72,252.69,327.41
258.37,150.65,316.54,150.93,315.66,330.6,257.49,330.32
258.5,147.05,313.78,148.5,309.09,327.68,253.81,326.23
258.76,149.12,311.65,148.8,312.79,335.67,259.9,335.99
257.13,145.15,309.55,145.72,307.5,336.12,255.08,335.56
251.27,155.59,306.22,146.76,334.15,320.55,279.2,329.38
249.72,154.05,308.21,145.9,332.76,322.06,274.27,330.21
248.39,151.31,305.33,143.63,329.47,322.52,272.54,330.2
245.73,147.92,301.43,139.39,329.01,319.47,273.32,328.0
243.31,146.56,299.76,136.96,330.52,317.81,274.06,327.41
245.01,142.61,295.89,135.46,321.79,319.67,270.92,326.82
241.85,142.36,295.49,133.95,324.13,316.58,270.49,324.99
239.78,139.37,293.51,131.22,321.36,314.64,267.63,322.79
239.08,137.21,296.1,128.5,323.49,307.62,266.48,316.34
237.41,135.64,286.4,128.25,313.58,308.39,264.6,315.78
237.14,135.68,294.7,127.77,319.33,306.98,261.76,314.89
236.0,133.19,295.33,124.65,321.45,306.23,262.12,314.77
236.07,132.55,292.54,124.7,317.88,307.11,261.42,314.96
236.22,131.96,295.82,123.75,320.53,303.08,260.93,311.29
235.57,131.51,296.5,122.99,321.09,298.85,260.16,307.37
236.26,130.73,297.88,122.48,321.7,300.36,260.08,308.61
238.15,128.69,297.03,125.14,307.59,299.88,248.7,303.44
238.27,128.42,295.93,123.58,310.92,302.24,253.27,307.08
240.04,128.54,296.24,124.29,309.83,304.06,253.63,308.31
241.56,126.87,299.49,124.19,307.78,303.7,249.85,306.37
243.67,125.36,302.36,123.59,307.7,300.35,249.01,302.12
243.86,125.07,305.68,124.78,306.56,306.86,244.74,307.15
246.5,123.42,304.12,122.86,305.89,303.98,248.27,304.55
247.89,120.67,304.34,120.52,304.82,304.08,248.37,304.23
242.03,121.72,305.11,117.28,317.7,296.14,254.61,300.58
244.59,119.89,303.38,114.72,318.97,291.8,260.18,296.98
243.53,116.81,300.36,110.19,321.62,292.82,264.79,299.44
243.81,116.51,298.86,108.26,324.79,281.32,269.74,289.57
246.07,114.88,300.95,106.94,325.76,278.49,270.88,286.42
247.26,111.69,299.89,104.57,323.15,276.51,270.52,283.63
246.89,106.97,304.97,98.539,329.78,269.54,271.7,277.97
245.99,105.56,306.31,96.502,332.08,268.13,271.77,277.19
246.02,103.71,305.92,93.965,334.19,267.82,274.29,277.56
248.28,102.83,307.17,94.536,331.65,268.44,272.76,276.73
250.98,99.42,307.24,95.375,319.77,269.64,263.52,273.68
251.48,102.74,306.84,97.833,321.6,264.53,266.24,269.43
250.15,95.705,307.29,91.667,319.3,261.59,262.16,265.62
252.38,95.475,306.44,91.217,319.92,262.36,265.86,266.62
253.89,93.057,306.48,89.994,316.65,264.59,264.06,267.65
251.81,93.527,305.15,89.807,317.08,260.92,263.74,264.64
254.4,93.025,306.24,93.863,303.53,261.23,251.69,260.39
253.81,90.378,304.68,90.293,304.97,264.79,254.1,264.87
249.14,101.65,294.54,97.62,309.84,270.11,264.43,274.14
255.13,90.39,305.75,90.737,304.49,275.19,253.87,274.85
252.99,89.847,303.63,89.839,303.66,272.61,253.02,272.61
253.11,89.015,304.67,89.48,302.96,279.88,251.39,279.42
249.73,90.066,303.81,88.987,307.26,262.15,253.18,263.23
250.21,89.109,302.16,88.843,303.06,265.16,251.11,265.43
246.88,83.844,301.36,83.724,301.78,276.8,247.31,276.92
239.15,96.898,292.73,86.932,324.16,255.93,270.59,265.89
243.3,82.346,297.86,79.209,308.32,261.09,253.76,264.22
238.64,84.538,293.65,77.171,317.14,252.59,262.13,259.96
240.37,79.575,294.01,74.637,311.17,261.03,257.52,265.97
242.18,79.501,293.81,78.46,297.43,258.08,245.8,259.12
232.73,82.529,287.95,70.917,325.71,250.49,270.48,262.1
232.44,81.348,285.25,70.534,320.56,242.98,267.75,253.79
227.22,77.773,285.18,65.323,322.14,237.42,264.18,249.87
227.51,80.97,284.89,68.229,320.85,230.17,263.48,242.91
223.73,79.924,282.58,65.987,319.9,223.53,261.05,237.47
222.14,76.302,280.92,62.727,318.16,223.96,259.37,237.53
219.59,74.192,279.25,60.648,316.5,224.73,256.85,238.27
220.12,74.229,278.7,61.733,313.45,224.63,254.87,237.13
219.88,73.042,278.14,60.971,314.7,237.39,256.44,249.46
217.57,72.79,276.87,60.218,311.2,222.18,251.9,234.75
216.85,73.056,276.53,60.357,310.26,218.87,250.58,231.57
218.86,70.414,276.25,59.349,307.23,220.05,249.84,231.12
215.98,72.393,275.27,59.378,310.51,219.93,251.21,232.94
218.24,67.72,276.37,56.676,307.6,221.03,249.47,232.07
216.68,67.211,275.56,55.538,307.8,218.13,248.91,229.81
219.89,67.406,275.79,56.671,306.83,218.3,250.93,229.04
222.52,63.445,276.73,54.361,304.13,217.9,249.93,226.98
221.52,61.489,277.05,53.241,303.3,229.94,247.76,238.18
221.58,56.277,277.34,47.888,303.18,219.67,247.43,228.06
221.96,55.173,277.84,47.507,301.01,216.43,245.14,224.09
221.42,55.511,279.46,47.87,301.25,213.41,243.21,221.05
224.76,51.784,281.11,47.356,294.25,214.58,237.9,219.01
222.12,49.698,280.87,45.492,291.8,198.19,233.05,202.4
223.14,43.292,282.26,43.944,280.6,194.22,221.49,193.57
220.23,49.711,279.16,43.944,293.96,195.23,235.04,201.0
221.19,47.771,282.24,45.274,288.44,196.9,227.4,199.4
221.06,39.692,280.54,38.492,283.99,209.64,224.51,210.84
222.4,37.417,281.11,36.891,282.56,198.79,223.85,199.32
219.53,38.854,276.86,34.177,291.18,209.74,233.86,214.42
221.75,34.236,274.12,34.497,273.3,197.97,220.94,197.71
218.57,38.165,272.39,35.803,279.5,197.89,225.69,200.25
216.36,40.969,270.02,36.597,283.09,197.06,229.44,201.43
212.8,42.809,267.59,36.059,288.1,202.57,233.31,209.32
211.06,42.65,266.26,33.964,291.24,192.7,236.03,201.39
207.43,42.269,264.44,31.949,293.46,192.29,236.45,202.61
206.57,42.043,263.28,31.185,293.94,191.32,237.23,202.18
206.62,41.614,262.61,31.146,291.81,187.31,235.82,197.78
205.97,42.679,259.68,32.281,289.88,188.29,236.17,198.69
207.98,35.603,260.15,27.389,285.94,191.17,233.77,199.38
207.9,33.887,260.36,25.3,287.04,188.29,234.58,196.87
208.14,30.866,261.16,23.821,283.02,188.41,230.0,195.45
209.35,29.591,261.35,22.369,284.54,189.37,232.54,196.59
212.19,26.444,261.09,21.182,279.33,190.73,230.43,195.99
210.06,26.025,262.71,18.521,287.13,189.9,234.48,197.41
215.14,25.597,265.24,19.45,286.27,190.87,236.17,197.01
210.42,25.024,262.56,17.617,287.14,190.59,235.0,198.0
211.67,24.766,261.6,17.623,286.17,189.4,236.24,196.54
211.43,24.574,262.8,17.161,287.43,187.87,236.06,195.28
213.83,22.531,264.9,16.888,283.95,189.3,232.88,194.94
214.79,23.929,265.39,18.704,282.18,181.3,231.58,186.53
215.25,24.737,265.94,19.397,281.22,164.44,230.53,169.78
215.47,26.889,265.28,21.134,285.29,194.3,235.48,200.05
215.39,28.451,263.55,22.729,284.04,195.2,235.88,200.92
216.56,31.017,266.85,26.303,281.21,179.47,230.92,184.18
217.7,30.908,267.2,26.966,280.73,196.92,231.23,200.87
216.24,33.347,267.79,29.355,280.45,192.84,228.9,196.83
214.94,32.331,266.46,26.676,284.87,194.32,233.35,199.98
209.13,38.05,254.25,28.351,286.74,179.46,241.62,189.16
210.02,33.558,257.56,24.028,289.08,181.24,241.54,190.77
209.25,32.078,255.3,22.187,288.89,178.57,242.85,188.46
212.43,29.559,259.08,21.511,288.3,190.87,241.65,198.92
218.85,27.05,270.25,23.026,283.08,186.87,231.69,190.89
223.38,22.041,271.74,21.374,274.07,190.32,225.7,190.98
219.21,24.027,272.11,21.108,281.29,187.61,228.39,190.52
219.07,27.685,271.5,24.47,281.17,182.22,228.74,185.43
219.01,24.599,273.27,21.973,281.01,181.94,226.74,184.57
220.08,29.134,276.49,27.6,280.37,170.44,223.97,171.98
219.68,32.258,274.4,28.622,283.66,168.09,228.95,171.72
219.9,27.618,276.02,25.207,282.28,170.92,226.16,173.33
220.54,29.864,277.18,27.991,281.97,172.96,225.33,174.83
218.45,27.353,274.21,24.606,281.27,167.89,225.51,170.63
219.6,33.443,275.36,29.699,284.8,170.28,229.04,174.03
220.3,37.058,274.64,33.439,283.96,173.38,229.62,177.0
216.23,46.894,270.9,39.571,288.8,173.23,234.13,180.56
217.63,52.112,273.89,44.572,291.67,177.22,235.4,184.76
218.99,56.07,273.3,48.186,292.84,182.83,238.54,190.72
224.9,58.322,278.58,52.335,293.92,189.91,240.25,195.9
222.68,62.957,277.47,54.647,297.64,187.58,242.84,195.89
224.95,57.854,277.58,50.948,297.34,201.52,244.7,208.43
226.18,59.958,283.01,54.367,297.65,203.13,240.81,208.72
224.1,55.211,280.54,46.161,305.03,198.9,248.59,207.95
225.19,59.036,280.34,48.324,309.63,199.12,254.48,209.83
227.37,59.953,281.76,49.227,311.74,201.27,257.36,212.0
229.06,59.561,283.65,47.246,317.89,199.02,263.3,211.34
232.15,59.774,286.79,48.251,318.36,197.95,263.72,209.47
234.34,60.18,287.79,48.367,321.11,199.11,267.65,210.93
236.19,58.661,290.98,46.788,324.16,199.89,269.37,211.76
238.64,57.838,293.99,46.64,322.42,187.17,267.07,198.36
241.63,56.487,296.98,46.084,324.35,191.72,269.01,202.13
241.44,57.087,298.01,45.071,327.54,184.11,270.97,196.12
245.67,59.362,301.53,49.713,324.96,185.34,269.09,194.99
246.03,60.359,302.52,50.187,325.54,178.02,269.05,188.19
250.07,61.869,304.62,53.414,327.08,198.34,272.53,206.79
250.38,62.77,305.73,54.385,327.01,194.86,271.66,203.25
252.41,62.292,307.92,54.624,327.28,194.72,271.76,202.39
254.84,61.179,307.74,54.568,325.75,198.71,272.85,205.32
256.05,59.386,308.65,55.414,320.11,207.15,267.5,211.13
258.23,60.188,309.4,56.659,320.42,216.35,269.25,219.88
259.28,59.325,308.93,56.207,319.23,220.26,269.58,223.38
263.04,56.255,300.35,55.495,303.63,216.51,266.32,217.27
262.6,55.186,302.05,54.196,306.26,222.01,266.82,223.0
262.16,53.346,299.45,51.82,305.73,205.22,268.44,206.75
268.27,51.499,297.0,51.818,295.33,202.56,266.6,202.24
271.87,47.974,302.11,49.768,293.13,201.09,262.89,199.3
273.14,44.768,309.39,48.797,292.32,202.33,256.08,198.3
275.49,42.705,311.75,47.11,293.33,198.75,257.07,194.35
279.73,39.911,317.63,45.851,292.88,203.77,254.98,197.83
283.18,38.121,322.92,45.398,294.59,200.15,254.84,192.87
286.98,38.708,324.19,45.579,296.35,196.33,259.14,189.46
289.87,36.282,326.37,43.287,297.12,195.71,260.62,188.7
291.13,34.609,327.66,41.442,298.96,194.89,262.42,188.06
292.56,35.163,329.83,41.832,302.23,196.04,264.96,189.37
295.33,36.176,331.46,42.326,305.49,194.9,269.36,188.75
296.33,36.781,328.54,40.918,309.01,192.94,276.8,188.8
297.19,37.141,327.79,40.685,310.12,193.26,279.52,189.71
297.79,37.272,329.05,40.376,313.74,194.6,282.48,191.49
302.47,37.845,334.37,42.129,314.08,193.23,282.18,188.95
302.46,38.379,334.62,42.392,315.72,193.8,283.56,189.79
303.83,38.531,336.84,42.459,318.82,193.95,285.81,190.02
300.55,59.728,336.09,62.568,325.65,193.21,290.11,190.37
302.13,36.363,333.11,36.925,330.34,189.57,299.36,189.01
305.37,37.416,341.14,39.349,332.74,194.83,296.97,192.9
303.24,38.01,335.0,38.007,335.01,193.86,303.25,193.86
300.93,36.846,339.68,36.478,341.13,189.39,302.39,189.76
304.73,36.136,340.92,35.973,341.63,192.17,305.43,192.33
300.94,36.886,338.59,34.802,347.2,190.23,309.55,192.32
303.52,37.388,343.73,36.49,347.15,189.5,306.94,190.4
307.5,40.971,353.15,41.052,352.87,194.97,307.23,194.89
307.13,38.131,352.31,38.189,352.11,194.16,306.93,194.1
310.59,42.905,357.42,44.216,353.21,194.58,306.38,193.27
309.54,45.409,356.43,45.28,356.84,194.83,309.95,194.96
309.68,46.36,362.77,46.625,362.04,193.31,308.95,193.04
312.56,46.978,361.76,47.206,361.08,193.63,311.88,193.4
311.48,49.667,365.85,49.993,364.99,193.41,310.62,193.08
314.65,50.526,372.89,53.304,366.24,192.79,308.0,190.02
318.18,50.885,375.11,55.703,363.57,192.03,306.64,187.21
321.48,47.908,376.97,53.632,362.78,191.15,307.29,185.43
323.42,45.869,379.47,52.16,363.86,191.29,307.8,185.0
322.58,45.12,379.44,51.515,363.65,191.95,306.79,185.56
324.32,43.928,380.51,50.706,363.51,191.64,307.32,184.86
325.77,43.507,379.93,50.408,361.76,193.04,307.59,186.14
326.52,41.936,381.04,48.562,363.41,193.63,308.89,187.0
325.87,39.616,377.5,44.687,363.03,192.11,311.39,187.04
330.12,39.995,379.75,45.793,362.34,194.78,312.72,188.98
328.76,39.686,377.32,44.702,361.8,195.01,313.24,190.0
321.01,39.858,369.22,40.555,366.98,195.36,318.77,194.67
318.19,43.335,367.52,43.401,367.31,196.18,317.98,196.11
321.15,42.587,365.69,42.673,365.4,196.13,320.85,196.04
322.1,46.594,365.64,46.172,367.1,197.34,323.56,197.76
322.69,46.706,363.37,46.164,365.39,197.92,324.71,198.46
324.37,47.866,366.75,47.773,367.08,198.78,324.7,198.87
323.01,52.648,368.74,52.088,370.53,197.87,324.8,198.43
324.0,56.977,374.56,56.79,375.09,199.36,324.53,199.55
325.24,57.492,378.97,57.478,379.01,197.38,325.28,197.39
329.2,58.404,386.55,60.326,381.94,197.75,324.59,195.83
333.15,57.705,394.0,60.793,386.99,199.11,326.13,196.02
329.2,58.06,391.45,57.754,392.14,198.26,329.89,198.56
342.2,54.293,404.53,59.603,392.56,200.22,330.22,194.91
336.22,53.337,400.29,55.799,394.78,199.37,330.71,196.91
338.6,50.416,403.79,53.642,396.61,198.72,331.42,195.49
358.61,47.706,412.54,59.458,381.98,199.68,328.05,187.93
347.39,70.964,400.84,72.754,396.74,195.32,343.28,193.53
355.63,45.14,410.5,52.783,390.54,196.06,335.67,188.42
348.33,47.438,406.15,50.242,399.04,196.98,341.21,194.17
345.82,47.518,400.73,48.289,398.67,195.39,343.75,194.62
352.92,45.26,403.47,47.639,396.43,197.2,345.88,194.82
350.58,45.579,397.51,46.003,396.14,197.58,349.21,197.16
352.2,47.003,395.89,47.166,395.34,196.43,351.65,196.27
350.77,47.654,391.39,46.439,395.84,194.95,355.22,196.17
348.35,50.417,387.5,47.946,396.73,194.11,357.57,196.59
346.89,56.237,386.17,53.249,396.82,193.22,357.53,196.21
349.43,57.888,388.11,55.687,395.86,191.84,357.18,194.04
349.42,57.769,387.82,55.268,396.75,192.39,358.35,194.9
347.87,59.653,387.31,56.659,397.48,190.63,358.04,193.63
350.64,56.343,391.08,54.298,397.88,188.79,357.44,190.83
356.91,53.129,397.97,53.111,398.03,188.16,356.97,188.18
357.2,51.012,396.69,50.871,397.18,186.97,357.68,187.12
357.58,48.022,395.61,47.417,397.78,183.98,359.75,184.58
358.65,44.268,394.97,43.767,396.89,183.64,360.58,184.14
360.46,41.995,396.95,41.93,397.19,178.22,360.7,178.28
360.46,37.062,397.77,36.856,398.55,177.26,361.24,177.47
360.21,37.107,397.05,36.659,398.74,175.6,361.9,176.05
360.35,33.692,396.2,32.869,399.5,176.91,363.66,177.73
362.25,30.967,396.31,30.246,399.38,174.95,365.31,175.67
364.4,28.883,397.81,28.635,398.89,173.18,365.47,173.43
365.1,27.247,398.07,27.271,397.96,172.76,364.99,172.73
366.25,27.416,400.12,27.877,398.21,168.23,364.34,167.77
366.23,25.041,399.9,25.232,399.1,166.37,365.43,166.18
366.65,25.635,401.1,26.39,397.95,170.12,363.49,169.36
366.19,25.18,399.17,25.239,398.91,169.49,365.93,169.43
365.38,25.454,396.94,24.349,401.96,167.73,370.4,168.84
366.06,24.698,395.71,23.445,401.79,167.42,372.14,168.68
364.38,24.433,395.14,22.51,404.19,167.33,373.43,169.25
364.37,25.347,394.7,23.678,402.6,167.19,372.27,168.86
363.6,24.526,394.8,22.847,402.59,167.54,371.38,169.22
364.05,23.312,406.68,24.93,401.2,169.19,358.57,167.57
363.64,24.281,406.31,25.737,401.38,169.87,358.71,168.41
363.24,25.25,405.94,26.544,401.56,170.55,358.86,169.26
362.83,26.218,405.57,27.351,401.74,171.23,359.0,170.1
362.43,27.187,405.21,28.158,401.92,171.91,359.14,170.94
362.02,28.156,404.84,28.965,402.1,172.59,359.29,171.78
371.06,28.719,405.58,32.066,392.02,172.01,357.49,168.67
370.08,31.062,404.0,34.215,391.07,173.3,357.15,170.15
369.68,32.121,402.28,34.316,392.94,173.18,360.33,170.99
367.39,33.966,400.74,34.4,398.91,174.82,365.57,174.38
368.36,33.213,401.19,34.726,394.69,175.72,361.86,174.21
363.25,33.729,401.92,35.716,394.74,175.4,356.07,173.42
365.91,35.916,398.39,36.145,397.4,176.2,364.92,175.97
363.9,36.726,399.22,37.668,395.51,176.78,360.19,175.84
363.56,36.187,399.32,36.296,398.9,175.1,363.14,174.99
366.87,36.005,402.4,37.523,396.52,175.33,360.98,173.81
368.27,34.918,405.01,37.236,396.26,175.84,359.52,173.52
368.14,35.619,405.68,38.306,395.75,177.06,358.21,174.38
367.06,36.434,401.31,36.583,400.7,175.87,366.45,175.72
366.02,37.758,401.41,38.028,400.34,177.73,364.95,177.46
366.28,37.804,398.56,38.16,397.05,175.5,364.77,175.15
368.02,38.457,401.34,38.65,400.54,175.64,367.22,175.45
366.53,39.476,400.22,39.604,399.7,176.1,366.01,175.98
367.13,40.672,397.48,40.214,399.52,175.88,369.18,176.33
365.82,41.302,398.11,40.66,400.82,177.34,368.54,177.98
366.2,39.91,399.25,40.065,398.6,176.0,365.56,175.85
365.26,40.127,399.21,40.324,398.42,175.08,364.47,174.89
364.21,41.098,395.32,39.658,401.58,174.93,370.47,176.37
363.44,41.371,396.96,40.546,400.29,175.98,366.78,176.8
364.52,42.436,397.62,42.812,396.1,176.19,363.01,175.81
364.28,43.074,397.85,42.812,398.9,176.69,365.33,176.96
365.93,43.377,399.12,43.453,398.81,176.42,365.62,176.35
363.27,44.842,396.96,44.565,398.05,177.03,364.36,177.3
363.38,57.989,396.89,57.511,398.6,176.83,365.08,177.31
366.06,44.29,396.27,44.459,395.53,177.48,365.32,177.31
363.29,44.072,393.61,43.705,395.25,178.73,364.92,179.1
362.28,44.07,393.72,43.752,395.06,176.41,363.62,176.73
359.88,44.322,391.28,43.16,396.21,176.25,364.81,177.41
360.0,53.117,390.49,52.393,393.45,177.24,362.97,177.97
357.7,45.02,388.56,43.755,393.96,175.35,363.09,176.61
358.04,42.548,388.64,41.782,391.98,175.08,361.38,175.85
357.34,43.666,388.87,43.338,390.23,174.56,358.71,174.88
356.86,43.617,386.74,43.281,388.21,174.15,358.33,174.49
352.32,44.219,383.77,43.066,388.59,174.75,357.15,175.9
351.27,41.822,380.24,40.368,386.94,173.78,357.97,175.24
349.92,45.095,379.96,43.78,385.63,173.28,355.59,174.59
350.15,45.699,381.75,44.781,385.49,173.39,353.89,174.31
348.58,43.318,380.32,42.061,385.46,171.8,353.72,173.06
346.93,50.382,374.86,48.891,381.37,171.0,353.44,172.49
344.72,43.211,373.38,41.515,381.04,171.03,352.38,172.73
342.49,42.836,371.3,40.911,379.97,170.66,351.15,172.58
343.21,41.213,371.29,40.237,375.76,168.74,347.68,169.72
343.86,40.539,370.79,40.169,372.57,169.51,345.64,169.88
340.73,37.237,368.18,36.592,371.27,167.85,343.81,168.49
340.96,37.259,367.07,36.974,368.5,167.79,342.39,168.08
338.59,36.13,365.27,35.466,368.54,166.98,341.86,167.64
338.11,34.201,364.11,34.116,364.54,166.12,338.54,166.2
337.07,35.874,363.01,35.881,362.98,165.88,337.03,165.87
335.4,35.637,362.59,35.994,360.91,164.39,333.72,164.04
332.58,33.996,360.61,34.062,360.3,163.46,332.28,163.4
333.51,33.521,360.82,34.355,356.89,162.95,329.58,162.12
330.14,36.001,358.49,37.157,353.36,163.18,325.0,162.02
321.85,36.402,356.98,36.331,357.24,162.07,322.11,162.14
322.9,36.488,355.77,35.843,358.27,163.17,325.39,163.81
323.47,36.178,354.35,36.227,354.16,162.84,323.27,162.79
324.3,36.336,353.56,36.594,352.44,163.15,323.19,162.9
321.58,37.175,351.22,37.315,350.62,163.94,320.99,163.8
319.51,39.498,350.04,39.528,349.92,163.8,319.39,163.77
323.01,36.449,353.03,38.479,344.64,162.53,314.62,160.5
315.93,36.362,350.25,36.139,351.06,160.42,316.74,160.64
314.33,36.751,348.58,36.315,350.17,160.98,315.92,161.41
313.19,37.537,344.29,37.597,344.05,161.06,312.96,161.01
310.66,35.402,343.24,34.629,346.26,161.94,313.68,162.71
309.46,35.762,343.71,35.369,345.13,159.25,310.89,159.64
308.02,41.078,341.63,40.64,343.21,161.76,309.6,162.2
309.02,37.055,342.11,37.082,342.01,161.86,308.92,161.83
306.56,34.595,340.23,34.366,341.09,161.62,307.43,161.85
306.17,38.126,339.0,37.834,340.1,162.11,307.27,162.4
302.93,38.306,337.14,37.465,340.23,163.26,306.02,164.1
301.01,37.357,332.78,36.235,337.26,162.9,305.48,164.02
301.67,36.253,330.35,36.292,330.18,163.87,301.5,163.83
302.19,36.708,329.64,36.85,328.99,162.98,301.54,162.84
296.8,41.632,328.31,40.819,331.52,165.12,300.01,165.93
296.54,39.463,326.3,38.749,329.24,161.56,299.48,162.27
298.52,39.468,326.16,40.386,321.93,167.84,294.29,166.92
295.02,43.626,325.43,43.887,324.36,168.58,293.95,168.32
297.2,46.089,325.69,47.735,318.71,168.5,290.22,166.86
295.13,48.045,324.6,49.819,317.51,167.59,288.04,165.82
289.97,48.078,320.05,48.747,317.38,168.75,287.3,168.08
294.23,48.957,323.95,51.759,312.73,170.78,283.01,167.98
290.41,48.889,327.51,52.824,314.67,173.73,277.56,169.8
288.92,49.619,326.16,52.992,315.14,174.06,277.91,170.68
279.37,52.025,315.67,50.302,321.42,171.63,285.13,173.35
286.67,51.86,314.69,52.428,312.24,173.39,284.22,172.82
282.06,53.398,312.7,52.164,317.59,173.68,286.96,174.92
279.86,55.423,310.52,53.556,317.78,172.83,287.13,174.7
276.02,55.672,308.21,52.787,318.99,173.06,286.79,175.95
279.19,56.383,309.07,53.737,319.69,173.63,289.8,176.28
281.4,57.162,311.34,56.114,315.5,174.81,285.56,175.86
282.99,59.461,314.98,60.021,312.95,176.12,280.96,175.56
282.7,60.604,316.11,61.235,313.94,176.49,280.52,175.86
280.66,63.726,314.69,64.118,313.39,176.77,279.36,176.38
285.22,63.87,317.39,65.2,312.73,178.02,280.55,176.69
282.51,64.007,315.51,64.764,312.93,177.37,279.93,176.61
281.3,63.004,313.18,63.103,312.83,176.72,280.95,176.63
284.18,60.761,313.71,61.087,312.43,177.43,282.9,177.1
285.01,60.146,315.03,61.17,311.09,176.48,281.08,175.45
285.2,60.643,313.87,61.119,311.96,176.49,283.29,176.01
279.67,58.968,314.4,59.256,313.44,175.39,278.71,175.11
286.54,59.679,312.28,59.824,311.63,174.48,285.89,174.34
286.65,58.262,315.39,58.497,314.44,174.35,285.71,174.11
285.22,56.956,314.02,56.966,313.97,175.31,285.18,175.3
286.63,56.428,316.12,57.146,313.25,175.18,283.76,174.46
288.4,54.304,316.83,55.902,310.11,175.61,281.67,174.02
290.58,53.357,320.72,56.328,308.75,177.75,278.61,174.78
292.6,53.043,323.55,56.931,308.42,177.34,277.47,173.45
292.07,53.111,323.21,56.378,310.65,176.11,279.51,172.85
296.49,53.402,327.06,57.97,309.49,175.55,278.92,170.99
296.8,53.282,328.18,58.198,310.26,172.58,278.88,167.66
302.06,52.156,331.37,57.342,310.92,172.94,281.61,167.76
304.01,55.145,333.36,60.553,312.61,173.14,283.27,167.73
306.16,54.864,335.15,60.012,314.72,175.02,285.74,169.87
310.06,57.454,337.16,62.319,316.84,175.5,289.74,170.64
309.74,56.088,337.98,60.124,321.8,173.41,293.55,169.38
310.51,55.154,336.52,57.613,325.6,173.14,299.59,170.68
313.72,55.016,338.11,57.499,326.22,174.34,301.82,171.86
312.6,56.014,337.79,57.178,332.46,172.54,307.27,171.38
317.53,55.73,340.38,57.287,332.43,173.83,309.59,172.28
318.27,55.333,340.42,56.368,334.98,172.77,312.83,171.73
316.38,55.917,341.07,55.975,340.8,171.64,316.11,171.58
319.23,54.582,342.4,54.786,341.38,171.17,318.21,170.97
321.89,56.271,345.41,57.008,341.79,172.5,318.27,171.76
324.31,58.513,345.87,59.059,342.98,173.1,321.42,172.55
326.48,57.479,349.38,58.109,346.26,171.47,323.36,170.84
327.88,57.912,351.3,58.794,347.02,172.68,323.6,171.8
330.24,56.933,355.33,58.195,349.66,171.05,324.56,169.79
331.11,57.014,355.62,58.252,349.93,170.95,325.42,169.71
331.18,57.113,357.08,57.154,356.9,170.96,331.0,170.92
333.78,56.941,359.03,57.497,356.52,171.48,331.26,170.92
338.23,56.852,363.69,58.584,355.84,173.99,330.38,172.25
337.57,57.136,363.85,58.792,356.6,173.84,330.32,172.18
337.9,55.876,364.92,57.643,357.31,174.02,330.29,172.25
338.25,57.779,366.47,59.413,359.85,173.82,331.62,172.18
340.5,57.041,370.49,59.696,360.42,173.46,330.43,170.8
340.48,56.934,371.01,59.266,362.14,175.31,331.61,172.98
337.44,56.95,368.52,58.428,363.05,173.57,331.97,172.09
344.47,58.725,375.37,62.371,361.89,176.61,330.99,172.96
344.97,57.642,375.49,60.653,364.13,175.83,333.61,172.82
346.89,59.396,379.92,63.753,365.04,176.53,332.01,172.17
340.93,59.833,371.91,60.492,369.47,174.84,338.5,174.18
342.21,60.435,371.5,60.549,371.07,172.62,341.77,172.51
342.51,59.544,370.87,59.687,370.3,172.64,341.94,172.5
342.43,59.228,371.0,59.227,371.0,171.59,342.43,171.59
346.34,58.693,373.71,58.292,375.36,170.8,347.99,171.2
343.94,59.993,369.02,58.295,376.66,171.09,351.57,172.78
346.27,61.195,372.77,59.641,379.36,172.03,352.86,173.59
352.81,60.268,379.9,60.501,378.93,172.92,351.85,172.69
348.68,63.532,375.29,61.808,382.43,171.98,355.82,173.7
350.66,64.293,376.17,62.391,384.32,171.68,358.81,173.58
351.16,66.656,375.76,64.11,386.85,171.3,362.25,173.84
352.46,65.232,378.58,63.049,387.71,172.3,361.59,174.48
358.7,63.298,382.28,62.335,386.75,171.87,363.17,172.84
358.3,63.341,384.86,61.869,390.99,172.39,364.43,173.86
361.22,63.326,386.07,61.748,393.09,172.22,368.23,173.8
364.09,62.147,386.32,60.318,395.49,171.82,373.26,173.65
370.68,61.772,396.31,61.547,397.29,173.48,371.66,173.71
368.79,63.694,394.84,61.827,402.74,172.18,376.7,174.05
371.96,65.186,398.1,63.781,403.98,173.04,377.83,174.45
374.59,63.823,398.82,61.822,407.94,172.15,383.71,174.15
374.55,64.157,399.86,61.692,410.6,171.94,385.29,174.41
380.34,63.816,406.54,63.421,408.17,172.05,381.97,172.45
388.94,60.334,414.59,61.856,407.9,174.65,382.25,173.13
390.2,63.288,412.95,63.601,411.42,174.85,388.67,174.53
384.35,64.025,408.81,60.632,424.03,170.38,399.57,173.77
393.32,63.77,416.16,63.831,415.87,173.55,393.03,173.49
387.71,67.124,413.6,64.092,426.38,173.19,400.48,176.22
392.79,65.025,418.92,63.066,427.15,172.77,401.01,174.73
392.99,64.218,420.48,61.809,430.23,173.14,402.75,175.55
396.42,64.819,423.75,63.141,430.41,171.56,403.07,173.24
400.99,63.104,430.82,62.954,431.38,172.41,401.55,172.56
400.01,64.152,431.73,64.053,432.07,172.68,400.35,172.78
403.01,65.312,432.8,65.286,432.89,172.02,403.1,172.05
400.06,63.097,434.66,63.207,434.31,172.14,399.72,172.03
399.27,66.409,429.68,65.08,434.36,172.13,403.94,173.46
402.14,64.692,429.86,63.805,433.38,173.54,405.66,174.43
400.98,66.861,426.51,65.689,431.43,172.95,405.91,174.13
399.01,71.078,426.2,70.055,430.31,179.35,403.12,180.38
396.36,75.038,423.19,72.973,430.96,173.9,404.13,175.97
395.11,67.95,422.89,67.486,424.69,175.28,396.91,175.74
399.91,66.595,423.83,67.303,420.58,176.96,396.66,176.25
396.35,69.098,421.81,68.273,425.29,175.64,399.82,176.47
392.06,69.483,421.49,69.228,422.42,176.9,392.99,177.15
399.81,69.272,423.14,71.346,413.6,178.73,390.26,176.65
395.64,71.231,419.87,70.217,424.32,176.53,400.09,177.55
394.16,71.131,418.9,70.066,423.57,178.44,398.83,179.5
393.68,74.284,418.52,72.856,424.67,179.9,399.83,181.33
394.13,77.903,417.7,76.196,425.25,180.41,401.67,182.11
395.07,78.105,420.26,77.301,423.64,183.11,398.44,183.91
396.18,77.439,422.89,77.407,423.02,186.14,396.31,186.17
394.55,80.3,426.59,80.79,424.96,187.54,392.92,187.05
393.72,85.415,423.26,85.189,424.07,190.3,394.52,190.52
391.84,87.175,421.36,85.988,425.59,191.09,396.07,192.28
392.12,87.842,418.88,86.901,422.58,191.97,395.82,192.91
391.7,89.285,416.9,88.052,422.09,194.28,396.89,195.51
390.73,91.229,415.2,89.559,422.36,194.48,397.89,196.15
389.13,92.401,413.63,90.562,421.53,195.8,397.03,197.64
389.03,93.45,413.26,91.342,422.35,195.8,398.12,197.91
388.91,95.383,413.51,93.652,420.94,199.2,396.34,200.94
387.22,95.373,413.62,93.443,421.4,199.91,395.01,201.84
386.96,96.456,412.85,94.554,420.72,201.65,394.83,203.55
386.88,98.036,412.91,97.174,416.42,203.18,390.38,204.04
383.52,101.28,411.0,99.036,419.45,202.39,391.96,204.63
384.63,100.92,411.59,99.193,418.31,203.88,391.35,205.61
383.46,102.2,410.66,100.31,417.89,204.8,390.69,206.68
386.01,100.6,414.18,99.912,416.8,207.76,388.63,208.45
382.42,102.88,414.26,101.37,419.3,207.27,387.47,208.79
383.66,104.25,413.63,103.07,417.76,207.66,387.79,208.84
388.02,103.6,416.9,103.46,417.41,207.96,388.53,208.11
387.54,106.08,415.42,105.09,419.1,208.54,391.22,209.53
391.29,105.97,417.9,105.83,418.46,211.21,391.86,211.35
391.7,105.93,419.28,105.81,419.75,209.98,392.16,210.1
391.06,108.21,418.17,107.35,421.4,210.01,394.29,210.86
391.71,110.12,417.5,108.52,423.7,208.96,397.91,210.55
395.34,110.78,419.78,110.54,420.75,211.89,396.31,212.12
392.52,110.99,417.8,108.86,426.4,210.79,401.12,212.92
392.91,111.56,416.65,109.58,425.09,210.59,401.34,212.57
391.72,113.68,415.07,111.16,425.86,211.39,402.51,213.91
392.93,113.11,417.27,111.49,423.94,211.62,399.61,213.24
391.35,114.03,414.95,111.86,424.26,212.85,400.66,215.03
389.28,116.29,411.8,113.01,426.32,212.75,403.8,216.03
388.81,119.39,415.18,115.57,429.48,214.27,403.11,218.09
389.48,121.17,415.85,118.32,426.47,216.44,400.1,219.29
387.45,121.96,414.77,119.5,423.56,217.25,396.24,219.71
385.26,123.37,412.94,120.4,423.48,218.77,395.8,221.73
384.21,122.67,414.66,119.68,424.34,218.18,393.89,221.17
384.8,126.55,415.75,124.2,423.06,220.8,392.11,223.15
382.5,129.76,412.75,127.35,420.64,226.34,390.4,228.75
381.23,130.78,412.64,128.61,419.28,224.36,387.87,226.54
381.59,134.27,412.2,132.24,418.59,228.69,387.97,230.72
380.06,136.99,410.59,135.1,416.5,230.41,385.98,232.3
386.23,139.8,415.78,140.63,413.08,236.6,383.53,235.77
382.19,142.31,411.62,142.08,412.33,232.92,382.91,233.15
377.79,145.32,409.67,143.77,413.95,231.91,382.07,233.45
378.4,145.94,411.84,145.85,412.07,234.93,378.63,235.02
378.32,145.47,408.96,144.64,411.36,233.56,380.72,234.39
379.35,146.55,410.76,147.07,409.24,238.02,377.83,237.5
377.3,147.75,410.72,148.63,408.36,237.88,374.94,237.0
382.05,147.47,416.45,152.25,403.99,241.97,369.58,237.19
374.2,143.33,409.18,144.95,404.69,241.7,369.71,240.08
376.62,142.74,412.04,146.27,402.49,242.21,367.06,238.68
369.3,145.27,402.67,145.84,401.01,242.26,367.63,241.68
375.83,144.68,411.37,148.75,400.69,241.77,365.16,237.69
376.56,144.99,409.67,149.45,397.15,242.28,364.05,237.82
373.95,144.41,405.6,147.02,397.6,243.95,365.95,241.33
370.57,144.3,401.63,144.87,399.84,241.48,368.78,240.91
367.13,144.96,402.64,145.01,402.5,242.09,366.98,242.03
365.62,142.65,397.66,140.89,403.15,240.78,371.11,242.54
365.93,142.05,398.51,140.66,402.79,240.97,370.21,242.36
366.69,141.34,399.28,141.01,400.3,241.45,367.71,241.78
363.96,138.11,398.22,136.42,403.35,240.71,369.08,242.39
362.48,137.51,398.03,134.93,405.74,240.85,370.19,243.44
360.02,133.18,393.25,129.14,406.64,239.35,373.4,243.39
360.73,132.16,395.83,129.06,405.59,239.58,370.48,242.68
361.04,131.53,393.37,129.11,401.75,240.94,369.42,243.37
360.54,130.16,393.55,126.79,405.06,239.33,372.05,242.7
361.49,131.28,394.88,128.75,403.55,243.11,370.17,245.64
359.35,131.26,388.8,127.43,403.68,241.89,374.22,245.72
360.31,132.93,390.13,128.64,406.32,241.1,376.5,245.39
363.16,131.51,393.61,127.89,407.24,242.5,376.79,246.12
366.76,130.35,397.23,127.67,407.37,243.16,376.89,245.84
364.72,130.6,395.36,127.68,406.57,245.4,375.93,248.32
364.44,132.56,394.79,128.75,409.67,247.28,379.33,251.09
365.89,132.41,395.13,128.98,408.7,244.88,379.46,248.3
366.15,134.76,397.25,131.06,411.17,248.05,380.07,251.75
366.95,136.99,396.63,132.94,413.25,254.68,383.58,258.74
366.92,138.17,396.79,134.3,412.31,253.88,382.44,257.75
368.79,138.49,401.27,134.59,415.81,255.58,383.33,259.48
370.69,139.49,401.73,135.92,415.5,255.54,384.46,259.11
370.0,140.26,402.82,135.9,419.09,258.55,386.27,262.9
369.95,141.45,403.6,136.86,420.19,258.37,386.54,262.96
370.51,140.68,405.75,135.38,424.2,257.96,388.96,263.27
371.98,139.48,408.59,134.56,425.12,257.62,388.51,262.54
371.79,138.42,408.07,133.53,425.01,259.15,388.73,264.04
372.81,139.48,412.45,134.12,429.54,260.44,389.9,265.8
376.17,140.12,418.29,136.82,428.12,262.26,386.0,265.56
377.23,139.51,418.21,136.63,427.04,262.37,386.06,265.24
377.83,137.56,419.17,134.63,428.13,260.84,386.8,263.77
379.42,136.04,422.95,133.59,430.02,259.07,386.49,261.52
382.41,135.02,423.22,132.87,429.82,258.54,389.01,260.68
386.11,132.48,433.49,131.81,435.35,262.37,387.97,263.04
383.96,134.29,428.65,131.9,435.61,261.88,390.92,264.27
380.9,135.31,424.09,130.56,438.6,262.33,395.42,267.09
395.33,129.0,441.68,129.94,438.95,265.24,392.6,264.31
395.68,129.99,444.51,130.57,442.91,266.29,394.08,265.71
391.36,132.95,431.79,128.4,447.12,264.59,406.69,269.14
393.24,131.27,432.86,126.89,448.19,265.43,408.58,269.82
388.91,131.42,438.62,127.78,448.83,266.87,399.12,270.52
397.16,129.97,445.59,129.32,447.45,267.34,399.03,268.0
391.63,125.96,441.57,122.35,451.99,266.2,402.04,269.81
398.52,125.13,448.01,124.63,449.5,270.49,400.01,270.99
393.5,125.68,445.46,122.79,453.58,269.43,401.62,272.31
402.42,124.73,452.67,125.33,450.88,275.34,400.63,274.74
399.3,127.75,453.59,127.56,454.1,275.27,399.82,275.46
402.22,123.7,453.33,123.1,455.12,274.43,404.01,275.03
392.88,124.89,442.23,120.54,455.74,274.01,406.39,278.35
385.22,125.91,436.56,119.17,456.23,268.99,404.9,275.74
396.07,122.38,445.62,119.09,455.65,270.33,406.1,273.62
393.47,121.05,443.52,116.82,456.48,270.07,406.42,274.3
384.15,122.45,436.79,114.78,459.28,269.15,406.65,276.82
397.91,116.58,451.43,114.41,457.84,272.37,404.31,274.54
380.24,122.14,434.41,113.22,460.67,272.74,406.49,281.66
393.76,117.76,445.68,114.03,457.26,274.91,405.33,278.65
385.57,118.83,436.61,111.66,459.12,271.97,408.09,279.13
388.55,116.43,436.72,111.25,454.53,276.82,406.36,282.0
391.55,114.34,439.16,109.79,454.99,275.2,407.39,279.76
394.23,112.1,442.99,108.98,453.68,275.93,404.92,279.05
397.49,108.59,445.35,106.39,453.15,276.03,405.29,278.23
400.45,108.57,449.79,106.87,455.6,275.34,406.26,277.04
402.37,108.37,451.96,107.07,456.38,276.09,406.78,277.38
403.12,111.43,455.5,111.47,455.37,281.93,402.98,281.88
403.84,113.82,458.32,113.56,459.14,280.87,404.66,281.13
399.18,113.32,457.28,112.06,460.97,282.74,402.86,283.99
401.28,112.68,459.77,112.49,460.33,282.87,401.83,283.06
397.96,111.54,457.26,110.11,461.39,282.03,402.1,283.46
399.22,110.27,458.35,108.82,462.55,280.31,403.42,281.76
394.39,110.08,456.99,107.43,464.24,279.18,401.64,281.83
390.89,111.22,457.22,107.29,467.39,278.94,401.06,282.87
394.14,108.39,457.28,105.21,466.05,279.82,402.91,282.99
392.98,110.03,457.63,105.99,468.57,280.92,403.92,284.97
393.26,111.96,457.91,107.97,468.72,282.9,404.06,286.89
391.2,111.79,452.73,107.34,465.59,284.9,404.06,289.36
393.05,114.98,454.24,110.35,467.52,285.87,406.33,290.5
396.83,114.5,454.88,111.87,462.84,287.84,404.79,290.46
401.41,115.71,460.13,114.12,464.85,288.2,406.13,289.79
401.88,118.66,459.66,115.52,468.96,286.41,411.18,289.55
403.76,119.65,461.78,116.76,470.26,287.1,412.23,289.99
406.96,117.55,463.64,115.25,470.62,287.07,413.94,289.37
407.29,118.27,464.96,115.27,473.97,288.62,416.29,291.62
407.4,120.04,464.04,116.48,474.99,290.73,418.35,294.29
409.78,119.44,468.58,116.78,476.4,289.76,417.6,292.42
413.17,118.95,470.2,116.4,477.99,290.73,420.95,293.28
415.42,118.85,472.44,117.19,477.48,290.59,420.47,292.25
412.31,116.82,467.49,112.54,480.94,285.92,425.76,290.2
406.96,115.56,466.13,108.81,485.66,280.28,426.5,287.02
410.63,110.56,467.22,104.14,486.79,276.54,430.21,282.96
407.87,112.55,465.21,104.56,488.88,274.3,431.53,282.29
410.55,106.85,466.23,100.79,484.91,272.38,429.23,278.44
415.11,104.56,467.2,101.38,477.69,273.28,425.59,276.46
415.17,105.13,469.81,102.37,478.57,275.82,423.93,278.58
418.12,104.02,471.05,102.11,477.36,277.9,424.44,279.8
412.77,108.68,466.32,104.6,479.69,279.99,426.15,284.08
411.91,110.49,464.32,105.77,480.21,282.18,427.8,286.9
408.93,111.18,461.79,106.01,479.33,285.26,426.46,290.43
409.33,114.57,461.82,109.72,478.2,287.0,425.7,291.85
411.13,114.1,464.84,110.4,477.21,289.86,423.5,293.56
410.4,119.86,462.91,114.68,480.43,292.35,427.92,297.53
412.81,120.79,463.36,117.32,475.47,293.8,424.92,297.27
415.65,119.42,464.25,117.12,472.64,294.34,424.03,296.64
412.61,120.21,461.95,117.51,471.69,295.53,422.35,298.23
416.06,121.96,462.9,120.49,468.49,297.59,421.64,299.06
420.47,121.97,465.28,122.11,464.74,299.32,419.93,299.19
420.0,123.51,465.89,123.39,466.37,300.93,420.47,301.06
414.25,128.04,463.28,125.73,471.48,299.62,422.45,301.93
414.75,129.6,463.92,126.84,473.62,299.56,424.44,302.32
421.06,125.76,468.12,125.6,468.72,300.35,421.65,300.51
428.2,124.71,471.08,125.33,468.59,297.31,425.71,296.69
428.24,126.39,472.21,127.09,469.49,296.42,425.52,295.71
428.21,126.91,474.39,126.96,474.18,297.32,428.01,297.27
430.5,126.25,474.44,126.49,473.5,296.66,429.56,296.42
433.9,122.64,479.15,124.53,471.92,297.8,426.67,295.91
438.02,122.0,481.84,124.76,470.96,297.67,427.14,294.92
441.21,121.97,484.18,125.51,469.93,298.41,426.96,294.87
437.5,123.07,483.57,125.45,474.57,299.39,428.51,297.01
439.24,122.53,485.41,125.42,474.37,302.12,428.19,299.23
437.51,124.86,483.99,126.77,476.87,300.03,430.39,298.12
438.57,124.85,485.24,127.33,475.7,306.44,429.03,303.95
436.82,124.37,486.16,126.41,478.76,305.93,429.42,303.89
437.7,125.84,487.22,128.19,478.7,307.8,429.18,305.45
444.36,126.15,490.07,129.52,476.87,308.61,431.16,305.24
437.75,128.11,484.5,129.32,479.92,306.24,433.17,305.03
437.89,128.08,484.22,129.31,479.6,303.45,433.26,302.22
434.14,132.82,482.2,132.87,482.03,299.77,433.97,299.72
434.25,130.22,481.41,130.02,482.14,302.88,434.98,303.08
430.34,132.32,480.33,131.0,484.86,302.69,434.87,304.01
432.14,129.77,481.19,129.66,481.6,305.02,432.55,305.14
425.96,131.38,477.51,128.99,485.65,304.46,434.1,306.85
427.61,132.11,475.79,130.16,482.84,304.52,434.66,306.47
425.14,133.84,471.84,130.73,483.27,302.52,436.56,305.63
421.33,132.26,470.64,127.72,486.28,297.79,436.97,302.33
418.37,133.74,466.67,129.12,483.24,302.32,434.94,306.94
424.46,132.4,466.61,129.52,478.16,298.83,436.02,301.7
417.68,132.78,462.97,127.9,481.45,299.31,436.16,304.19
422.35,132.87,463.71,129.95,475.64,298.66,434.28,301.58
420.22,131.45,462.54,128.73,473.49,298.95,431.16,301.67
420.09,130.36,460.77,128.26,469.58,299.12,428.9,301.22
416.24,128.86,458.2,125.88,470.5,298.7,428.54,301.69
416.06,136.78,455.7,134.2,466.26,296.12,426.62,298.71
411.1,122.55,451.24,119.77,463.36,294.53,423.22,297.31
407.15,123.07,448.66,119.7,462.56,290.76,421.05,294.13
403.38,119.84,445.6,115.8,461.76,284.94,419.54,288.97
402.86,117.22,444.61,113.58,459.47,283.9,417.71,287.54
401.83,114.04,444.07,110.54,458.13,280.27,415.89,283.76
402.82,109.76,445.59,106.96,456.92,280.05,414.15,282.85
403.72,106.9,447.37,104.31,457.7,278.64,414.05,281.23
403.1,103.27,445.24,99.843,459.47,274.85,417.33,278.28
401.37,104.95,447.27,99.898,466.35,273.14,420.45,278.2
409.0,99.634,449.61,96.594,462.73,271.81,422.12,274.85
409.61,98.674,450.75,95.107,465.73,267.87,424.59,271.43
410.6,94.748,453.61,92.258,463.73,267.08,420.73,269.57
411.03,95.011,454.4,92.411,464.72,264.54,421.35,267.14
407.56,93.535,452.71,88.921,470.61,264.08,425.45,268.7
408.04,94.496,453.26,89.467,472.56,263.02,427.33,268.05
412.91,93.266,455.46,90.036,468.5,261.78,425.95,265.01
408.67,94.788,455.12,89.8,473.43,260.27,426.98,265.26
416.03,90.97,456.99,88.264,468.18,257.79,427.23,260.5
415.74,91.013,457.63,89.057,465.53,258.3,423.65,260.26
414.35,90.193,457.3,87.259,468.85,256.46,425.91,259.39
411.27,91.115,456.28,86.86,472.19,255.18,427.18,259.44
410.84,89.251,456.24,84.918,472.49,255.21,427.09,259.54
409.22,87.567,454.91,82.568,473.75,254.78,428.07,259.78
415.79,82.795,457.42,80.619,466.53,254.93,424.9,257.11
414.23,84.191,456.35,81.77,466.35,255.85,424.24,258.27
413.71,84.114,456.29,81.275,467.82,254.17,425.23,257.01
413.57,80.615,456.05,77.647,468.36,253.87,425.89,256.84
410.13,81.526,455.57,77.101,472.54,251.32,427.09,255.74
417.62,78.079,459.0,75.537,469.75,250.63,428.37,253.17
414.85,78.329,457.41,74.529,473.2,251.42,430.64,255.22
418.23,78.131,459.76,75.082,472.76,252.1,431.23,255.15
418.07,81.446,461.19,78.178,474.37,252.04,431.24,255.31
415.34,80.609,460.96,76.083,478.37,251.57,432.75,256.1
419.81,79.584,463.23,76.701,474.78,250.63,431.37,253.51
422.27,79.677,463.96,77.346,473.7,251.5,432.01,253.83
425.69,77.815,465.25,76.15,472.65,252.11,433.09,253.77
420.36,80.842,463.56,76.92,479.44,251.87,436.25,255.79
423.5,82.851,464.65,80.354,475.11,252.76,433.97,255.26
424.02,83.084,465.36,80.623,475.68,254.08,434.34,256.54
421.37,84.258,463.54,81.179,476.29,255.79,434.13,258.87
421.88,86.117,464.05,83.097,476.47,256.47,434.29,259.49
426.58,88.109,466.26,86.452,473.38,256.93,433.7,258.59
419.7,91.409,464.3,87.429,479.52,257.94,434.92,261.92
424.87,91.155,467.01,88.698,476.97,259.57,434.83,262.02
424.88,91.136,466.5,88.685,476.59,259.99,434.97,262.44
427.53,89.912,467.62,88.227,474.93,262.07,434.84,263.76
426.14,91.873,468.24,89.477,478.09,262.5,436.0,264.9
426.0,93.018,468.23,90.598,478.15,263.59,435.92,266.01
426.54,97.611,469.4,95.512,477.8,267.04,434.94,269.14
428.65,100.54,469.52,98.545,477.85,269.07,436.98,271.06
426.53,105.88,469.01,103.24,479.51,271.99,437.02,274.63
428.73,104.7,469.79,102.98,476.99,274.72,435.93,276.45
428.28,107.52,469.76,105.65,477.49,276.84,436.01,278.72
426.44,111.17,469.33,109.03,477.83,279.17,434.94,281.31
426.25,114.48,469.59,111.98,479.41,281.93,436.07,284.43
425.7,115.87,469.11,113.78,477.34,284.01,433.93,286.1
424.66,118.38,466.55,116.37,474.74,287.28,432.85,289.29
421.65,121.47,465.23,118.54,476.64,288.21,433.07,291.14
420.04,119.74,463.7,117.22,473.81,291.94,430.14,294.46
422.59,121.58,465.19,119.89,472.12,293.79,429.52,295.49
421.95,123.67,464.03,122.12,470.44,295.75,428.36,297.3
420.3,126.8,462.63,124.97,470.12,298.8,427.79,300.63
416.9,130.61,461.46,127.6,473.14,300.92,428.58,303.93
419.64,130.76,461.67,129.07,468.66,303.52,426.64,305.2
420.65,130.71,462.43,129.05,469.34,303.26,427.57,304.92
422.6,132.32,462.78,131.22,467.48,304.14,427.31,305.23
422.45,131.37,464.12,130.32,468.52,304.75,426.85,305.8
424.45,132.8,465.46,132.07,468.54,305.15,427.54,305.88
420.85,133.06,463.32,131.3,470.53,305.81,428.05,307.57
421.71,132.42,463.54,130.52,471.49,305.04,429.66,306.94
422.49,134.2,465.31,132.69,471.41,305.73,428.59,307.24
426.07,132.06,467.62,131.65,469.36,305.33,427.81,305.74
424.3,133.0,466.41,131.92,470.82,304.79,428.71,305.86
426.25,133.02,467.78,132.65,469.3,304.69,427.77,305.05
425.74,130.72,468.51,129.71,472.64,305.1,429.87,306.11
426.05,133.19,469.0,132.6,471.39,305.25,428.44,305.85
427.3,133.03,470.77,132.67,472.21,305.3,428.75,305.66
428.14,133.26,470.6,133.13,471.11,305.97,428.65,306.1
423.16,136.27,466.46,134.81,472.29,307.27,428.99,308.74
423.52,136.9,466.54,135.6,471.79,309.58,428.78,310.88
426.31,135.56,468.08,134.71,471.61,308.78,429.84,309.63
428.18,133.43,470.31,133.23,471.13,307.91,429.0,308.11
427.19,134.63,469.96,133.76,473.46,305.96,430.69,306.83
425.87,134.14,468.17,133.0,472.77,302.91,430.47,304.06
426.0,134.76,467.62,133.62,472.33,304.83,430.72,305.97
427.66,132.88,468.76,131.9,472.84,303.22,431.74,304.2
429.49,133.24,472.72,133.16,473.06,306.27,429.82,306.35
427.53,134.04,470.45,132.98,474.63,302.83,431.71,303.88
424.3,132.69,469.25,130.89,476.15,302.65,431.19,304.46
420.0,132.56,465.52,129.92,475.52,303.05,430.0,305.69
421.67,132.98,467.01,130.77,475.5,304.27,430.16,306.49
422.83,132.51,467.63,130.53,475.22,302.82,430.43,304.8
422.16,132.71,467.17,130.67,474.99,302.78,429.98,304.83
421.91,135.87,467.38,133.58,475.94,303.35,430.47,305.64
419.28,131.68,466.07,128.68,477.23,302.45,430.45,305.46
422.98,133.87,467.48,132.09,474.3,302.76,429.8,304.54
420.88,133.98,465.65,131.79,473.98,302.62,429.21,304.8
418.98,135.31,465.76,133.11,473.75,302.59,426.97,304.8
423.36,133.42,465.45,132.04,471.02,302.15,428.93,303.53
424.15,133.14,467.5,132.44,470.21,301.01,426.86,301.71
418.42,131.85,462.35,129.76,470.45,300.12,426.52,302.21
417.84,133.62,461.4,130.97,471.71,300.66,428.16,303.31
420.98,131.77,464.44,130.71,468.56,300.53,425.1,301.59
419.32,135.51,461.77,134.3,466.5,300.09,424.05,301.31
420.09,136.3,462.33,135.48,465.51,298.73,423.27,299.55
413.78,136.69,458.74,134.28,467.56,298.98,422.6,301.39
414.94,135.86,458.96,134.19,465.2,298.44,421.18,300.11
415.43,136.79,457.96,134.78,465.64,296.97,423.1,298.99
414.24,136.05,456.61,133.98,464.64,298.12,422.27,300.19
414.32,137.41,457.19,135.29,465.23,298.25,422.36,300.36
415.2,137.82,457.3,135.79,465.01,295.08,422.91,297.12
415.2,137.71,456.49,135.73,464.3,298.11,423.0,300.09
414.9,134.41,457.82,132.74,464.19,296.91,421.27,298.58
412.13,136.12,455.01,133.65,464.43,297.5,421.55,299.97
411.98,140.2,453.0,137.13,464.85,295.11,423.83,298.19
412.41,140.3,454.0,137.56,464.41,295.96,422.82,298.69
414.13,136.51,455.53,134.44,463.54,294.56,422.15,296.64
413.81,140.98,455.52,138.99,462.89,293.67,421.18,295.66
412.57,139.86,454.43,137.57,462.84,291.56,420.98,293.85
411.14,138.83,454.88,136.69,462.49,292.55,418.75,294.68
413.7,140.29,455.71,137.93,464.34,291.77,422.33,294.13
411.16,137.11,454.33,133.67,466.92,291.26,423.75,294.71
409.66,139.81,455.23,136.87,465.2,291.13,419.62,294.07
407.91,138.94,457.0,134.96,469.63,290.81,420.54,294.79
407.08,138.0,456.06,134.78,466.24,289.71,417.27,292.92
409.15,139.1,459.49,136.92,466.27,293.73,415.94,295.91
411.24,141.19,461.36,140.46,463.63,295.96,413.51,296.69
407.67,142.59,457.07,139.35,466.93,289.79,417.53,293.03
405.52,140.46,452.02,134.02,473.14,286.42,426.64,292.87
404.86,142.67,449.34,135.02,474.92,283.74,430.44,291.39
407.01,143.56,451.03,137.62,471.64,290.19,427.61,296.14
407.15,143.12,448.73,137.3,469.79,287.83,428.22,293.65
411.59,141.43,451.47,137.74,466.17,296.66,426.29,300.35
410.25,140.16,449.77,135.89,466.91,294.41,427.39,298.68
410.04,140.94,450.39,137.06,465.98,299.25,425.63,303.13
407.31,142.31,449.65,137.87,466.6,299.47,424.26,303.91
410.85,139.37,451.89,136.41,463.35,295.11,422.31,298.07
410.69,141.17,451.52,138.89,460.57,301.04,419.74,303.32
404.58,142.39,449.46,137.74,466.38,301.24,421.5,305.88
409.07,135.55,453.71,133.78,460.51,304.91,415.87,306.69
403.2,136.67,447.96,131.76,466.95,304.59,422.19,309.51
401.3,137.32,447.36,131.94,467.5,304.6,421.44,309.97
397.96,137.29,443.42,131.13,466.82,303.82,421.37,309.98
395.97,136.63,442.37,129.79,467.97,303.4,421.57,310.24
397.2,139.22,443.67,133.15,465.93,303.5,419.46,309.58
397.25,138.08,443.26,131.56,467.57,303.08,421.56,309.6
396.11,134.76,442.78,128.26,466.93,301.66,420.25,308.16
397.12,133.59,442.7,126.95,468.29,302.64,422.71,309.28
395.18,135.21,442.7,127.84,469.79,302.47,422.28,309.84
394.99,132.85,441.35,126.1,466.27,297.4,419.91,304.14
391.51,134.34,440.24,126.18,468.56,295.43,419.84,303.58
389.37,133.57,439.71,124.99,469.06,297.18,418.71,305.75
392.64,129.83,440.54,122.39,467.07,293.27,419.17,300.71
392.64,129.87,443.61,122.52,468.82,297.45,417.84,304.8
392.72,129.01,441.37,121.7,467.75,297.23,419.1,304.54
391.28,126.52,441.41,118.71,469.22,297.19,419.09,305.0
388.8,127.02,445.29,117.55,474.64,292.75,418.15,302.21
394.48,123.75,450.62,116.86,472.31,293.39,416.17,300.29
394.28,122.69,444.42,117.17,463.78,293.02,413.64,298.54
394.1,121.32,441.78,115.58,462.87,290.68,415.19,296.42
392.18,121.73,441.33,116.67,459.26,290.9,410.11,295.96
391.99,116.51,438.29,112.01,455.51,288.98,409.21,293.49
389.35,115.45,438.71,111.07,454.44,288.23,405.09,292.61
395.93,112.64,442.77,109.88,453.21,286.82,406.36,289.58
391.91,114.17,440.06,111.48,449.91,287.62,401.76,290.31
384.45,115.57,437.2,111.04,452.16,285.39,399.41,289.92
383.55,114.42,435.65,110.34,449.23,283.67,397.13,287.75
379.74,115.61,431.15,110.65,447.86,283.86,396.45,288.82
379.25,114.55,431.68,110.26,445.74,281.97,393.31,286.26
374.37,119.34,429.18,113.52,446.9,280.28,392.1,286.1
377.49,118.76,425.97,112.08,449.04,279.25,400.56,285.94
389.27,115.03,449.39,118.26,440.63,281.29,380.5,278.06
377.0,115.07,441.65,114.89,442.12,280.0,377.47,280.19
379.31,116.92,439.65,117.39,438.37,280.2,378.04,279.72
365.37,120.12,426.84,115.71,438.67,280.38,377.2,284.8
364.91,122.71,421.87,119.45,431.19,282.17,374.22,285.43
369.2,119.65,425.41,119.32,426.39,283.65,370.18,283.99
356.7,117.01,416.96,112.94,428.5,283.82,368.24,287.89
351.56,121.0,410.83,115.59,426.38,286.0,367.11,291.41
351.8,118.02,407.15,112.48,424.52,285.85,369.18,291.39
353.22,115.36,407.06,110.3,423.31,283.29,369.47,288.35
350.71,116.18,404.3,110.44,422.75,282.64,369.16,288.38
348.64,113.94,404.31,108.83,420.22,282.21,364.56,287.32
351.1,115.12,403.44,110.2,419.75,283.5,367.41,288.43
352.03,115.28,400.87,110.33,418.5,284.45,369.66,289.4
350.71,117.27,400.69,111.7,420.33,287.88,370.35,293.45
352.35,118.44,402.92,113.43,420.28,288.95,369.71,293.95
352.9,121.34,408.3,117.07,421.46,288.0,366.06,292.26
361.07,121.68,412.91,120.05,418.29,291.55,366.45,293.18
365.06,121.63,416.66,119.83,422.61,290.54,371.02,292.34
368.89,124.07,421.71,122.95,425.29,292.11,372.47,293.23
367.24,123.02,424.56,122.49,426.14,292.49,368.81,293.02
372.57,123.79,427.82,124.37,426.0,295.15,370.75,294.56
370.62,126.84,428.97,127.46,427.17,298.52,368.82,297.9
371.77,130.4,431.53,131.59,428.22,298.31,368.46,297.13
368.62,132.1,431.04,132.37,430.3,301.42,367.89,301.15
370.8,133.92,433.75,135.39,429.76,306.44,366.81,304.97
370.31,137.86,431.87,137.81,432.02,305.48,370.47,305.53
369.8,141.75,430.31,141.05,432.27,307.95,371.76,308.66
368.29,143.22,430.07,142.32,432.51,308.84,370.73,309.75
379.65,142.09,435.34,143.19,432.03,311.23,376.34,310.13
373.99,143.35,429.47,142.32,432.63,313.63,377.15,314.65
374.33,146.66,432.83,146.17,434.21,311.43,375.72,311.92
371.08,148.25,426.34,144.83,436.76,313.29,381.5,316.71
376.39,146.61,430.96,145.06,435.69,312.1,381.12,313.65
378.5,147.87,434.55,147.27,436.37,316.08,380.32,316.68
381.44,150.96,439.93,152.38,435.86,320.09,377.36,318.67
394.19,151.34,444.05,156.75,426.11,322.28,376.25,316.88
387.76,154.18,439.19,152.54,444.46,318.0,393.02,319.64
386.46,156.5,437.33,154.47,443.83,317.76,392.95,319.78
386.83,160.98,436.17,157.24,448.3,317.15,398.96,320.9
388.7,161.69,438.32,158.92,447.24,318.74,397.63,321.51
393.73,167.44,441.14,166.46,444.29,319.32,396.88,320.3
387.6,173.71,440.37,169.49,452.26,318.02,399.5,322.24
400.51,176.37,446.1,177.48,442.67,318.07,397.08,316.96
399.55,176.05,451.49,177.73,446.96,317.69,395.02,316.01
398.59,176.86,450.06,178.73,444.98,318.7,393.51,316.84
402.53,178.21,452.51,182.61,440.32,321.02,390.35,316.62
393.84,177.19,448.9,178.26,446.19,317.52,391.14,316.45
396.11,173.92,449.67,176.36,443.18,319.48,389.61,317.05
394.63,174.89,450.13,176.02,447.28,317.22,391.77,316.09
396.1,170.93,450.91,173.76,443.37,319.81,388.55,316.98
396.13,174.37,451.73,177.88,442.53,323.86,386.92,320.35
394.56,172.46,450.13,174.87,443.68,323.31,388.1,320.89
396.33,171.41,451.28,175.26,440.59,327.65,385.65,323.8
392.34,169.68,446.95,170.38,444.96,324.0,390.35,323.3
391.49,174.02,446.29,175.61,442.03,322.51,387.24,320.93
391.47,174.56,442.85,175.17,441.14,319.93,389.76,319.33
389.31,173.77,443.58,173.59,444.06,320.18,389.79,320.36
384.18,179.02,441.87,177.16,446.52,320.94,388.82,322.8
380.18,178.52,435.3,174.28,446.26,316.71,391.15,320.95
380.29,175.73,433.7,171.07,446.22,314.4,392.81,319.06
377.7,178.41,434.28,172.0,450.36,314.02,393.79,320.43
376.16,176.63,433.98,169.87,450.48,311.12,392.66,317.87
369.99,175.41,424.31,166.67,446.57,304.93,392.26,313.67
365.18,174.21,420.98,162.94,449.11,302.27,393.32,313.54
363.3,171.25,419.04,159.83,447.92,300.81,392.17,312.23
360.74,169.15,416.19,156.39,449.63,301.71,394.17,314.46
361.06,167.68,415.12,155.31,446.89,294.15,392.82,306.52
362.04,166.52,413.42,154.4,445.62,290.93,394.24,303.05
360.09,162.92,412.96,150.99,444.28,289.81,391.42,301.74
361.92,161.74,414.67,150.79,443.51,289.66,390.76,300.61
361.25,156.57,411.62,146.4,440.34,288.67,389.97,298.84
361.46,156.24,413.14,145.52,442.08,285.04,390.4,295.76
362.19,149.48,410.0,139.7,438.84,280.75,391.03,290.53
361.4,147.95,409.21,137.43,440.03,277.4,392.23,287.93
365.36,143.55,410.55,135.77,435.23,278.98,390.03,286.77
367.13,138.82,409.68,132.36,431.6,276.81,389.05,283.27
368.94,138.59,410.23,132.76,430.4,275.68,389.11,281.51
369.32,135.43,409.38,129.28,431.93,276.28,391.87,282.43
372.29,132.39,416.61,128.96,427.84,274.14,383.52,277.56
378.34,131.2,417.33,128.78,426.29,273.0,387.3,275.43
369.94,133.2,422.05,127.28,438.06,273.6,385.95,279.52
374.59,133.15,421.75,128.15,436.41,273.05,389.25,278.05
379.23,133.09,421.45,129.03,434.77,272.51,392.55,276.57
383.88,133.04,421.16,129.9,433.12,271.96,395.84,275.1
382.59,131.73,421.3,128.57,433.01,270.87,394.3,274.03
381.31,130.42,421.44,127.23,432.89,269.78,392.76,272.97
380.02,129.11,421.57,125.9,432.78,268.69,391.23,271.9
378.74,127.8,421.71,124.57,432.67,267.6,389.69,270.83
377.45,126.49,421.85,123.24,432.55,266.51,388.15,269.76
376.16,125.18,421.99,121.91,432.44,265.42,386.61,268.69
374.88,123.87,422.13,120.57,432.32,264.33,385.07,267.63
373.59,122.56,422.27,119.24,432.21,263.24,383.53,266.56
372.31,121.25,422.41,117.91,432.1,262.15,381.99,265.49
371.02,119.94,422.55,116.58,431.98,261.06,380.45,264.42
370.3,120.52,422.9,117.64,430.98,260.91,378.39,263.79
369.58,121.1,423.25,118.7,429.99,260.76,376.32,263.16
368.87,121.68,423.6,119.76,428.99,260.61,374.26,262.53
377.56,116.87,410.0,112.98,426.94,254.07,394.49,257.97
375.13,120.41,408.17,116.27,425.1,251.24,392.07,255.38
368.97,125.85,405.55,119.92,426.44,248.72,389.85,254.65
373.29,126.36,408.58,122.49,422.63,250.85,387.35,254.72
371.41,125.93,406.73,122.11,420.45,249.02,385.14,252.84
372.17,123.5,406.69,120.38,418.41,249.61,383.89,252.74
373.39,119.15,407.45,117.66,413.17,248.97,379.12,250.45
374.4,118.63,408.36,118.33,409.51,250.64,375.55,250.93
371.22,117.04,414.49,120.3,404.53,252.21,361.27,248.94
367.65,117.82,405.92,117.59,406.72,249.01,368.46,249.24
372.11,116.79,406.4,117.01,405.55,252.52,371.26,252.3
368.61,121.92,405.9,121.77,406.43,252.35,369.14,252.5
369.02,120.52,406.21,120.66,405.67,256.43,368.48,256.28
368.25,119.47,414.28,126.19,395.2,256.78,349.17,250.05
364.9,119.07,403.43,120.04,399.94,258.83,361.42,257.87
365.61,119.46,406.09,121.89,397.66,262.47,357.18,260.04
369.4,121.35,411.11,126.23,394.91,264.7,353.2,259.82
368.27,121.72,410.66,126.57,394.66,266.38,352.28,261.53
361.81,125.96,404.19,128.28,396.52,268.78,354.14,266.47
364.05,127.52,403.98,129.52,396.97,269.49,357.04,267.49
358.65,131.12,400.9,131.89,398.38,270.25,356.13,269.48
360.5,129.88,401.26,130.82,397.92,275.5,357.15,274.55
357.72,132.61,402.4,134.42,396.78,273.42,352.1,271.61
360.3,134.83,404.39,137.8,395.17,274.76,351.08,271.79
360.81,134.06,406.07,138.06,394.01,274.37,348.76,270.36
360.5,135.87,404.11,139.24,393.58,275.86,349.97,272.5
363.58,140.14,408.53,145.87,391.55,279.08,346.6,273.35
358.97,144.09,398.82,145.47,394.18,279.51,354.33,278.13
359.5,146.62,398.47,148.32,392.58,283.51,353.61,281.81
358.29,147.27,400.84,150.3,391.35,283.41,348.8,280.37
362.8,148.72,405.83,154.5,388.23,285.5,345.2,279.72
361.47,148.03,402.29,151.42,390.97,287.79,350.16,284.4
360.16,150.19,406.4,156.66,387.82,289.66,341.58,283.2
359.84,149.79,407.09,157.08,386.73,288.98,339.49,281.69
359.41,151.3,405.85,157.97,387.01,289.29,340.57,282.63
355.87,153.9,395.76,155.55,390.21,289.71,350.31,288.06
355.45,154.08,397.69,157.32,387.37,291.88,345.14,288.64
355.6,153.6,400.01,157.6,387.81,292.92,343.4,288.91
351.41,157.18,392.49,157.56,391.24,292.34,350.16,291.96
356.84,156.79,401.76,161.7,387.39,293.35,342.47,288.44
355.77,158.12,399.05,161.55,388.32,296.96,345.04,293.53
351.11,160.04,392.37,160.16,391.96,295.12,350.7,295.0
352.82,157.43,397.61,160.73,387.85,293.08,343.07,289.78
347.39,159.93,391.82,159.72,392.45,292.77,348.02,292.99
346.87,158.14,386.93,158.05,387.23,293.79,347.18,293.89
349.42,159.78,393.29,162.58,385.05,291.79,341.18,289.0
347.12,161.84,389.36,162.1,388.55,295.18,346.31,294.92
346.47,163.49,389.08,164.31,386.55,295.41,343.94,294.58
342.47,162.73,385.53,161.3,389.97,295.57,346.91,297.0
340.9,163.19,385.29,162.43,387.58,295.5,343.18,296.26
343.69,164.89,387.95,168.2,378.23,298.15,333.98,294.84
342.65,167.15,385.99,170.27,376.62,300.49,333.27,297.37
337.21,168.49,379.03,168.51,378.97,299.72,337.15,299.7
337.65,167.35,383.6,169.78,376.69,300.65,330.74,298.22
332.98,172.16,375.75,171.67,377.2,298.81,334.43,299.3
330.77,175.54,374.73,173.84,379.55,298.2,335.59,299.9
328.74,174.49,374.78,172.68,379.72,298.0,333.68,299.81
327.33,174.52,371.01,173.02,375.39,300.27,331.72,301.77
330.62,174.52,372.02,175.26,369.73,303.18,328.34,302.44
330.24,173.06,370.0,174.6,364.92,305.05,325.17,303.5
328.85,176.23,369.0,178.4,362.15,305.03,322.01,302.86
328.59,175.86,368.54,178.48,360.24,305.11,320.28,302.49
324.98,177.33,364.65,178.84,359.84,305.2,320.17,303.69
326.8,175.48,365.92,179.46,353.01,306.45,313.89,302.47
323.92,175.64,364.61,180.11,350.76,306.23,310.07,301.77
317.34,178.04,359.58,179.14,356.32,305.0,314.07,303.91
321.02,177.93,361.78,183.62,344.51,307.29,303.75,301.6
317.32,180.55,358.21,185.86,342.11,309.59,301.22,304.27
313.49,179.53,351.95,182.37,342.55,310.03,304.08,307.2
313.35,179.68,353.01,184.71,337.03,310.62,297.37,305.58
309.22,179.41,348.94,183.63,335.64,308.62,295.92,304.4
306.56,177.78,344.22,180.49,335.04,308.04,297.38,305.32
303.85,177.28,343.81,181.97,328.99,308.46,289.02,303.78
301.73,177.83,342.07,182.13,328.65,307.95,288.31,303.64
296.19,181.09,335.82,182.93,330.01,307.92,290.39,306.08
297.29,178.16,338.37,183.98,320.61,309.37,279.53,303.55
293.05,177.35,335.25,182.86,318.82,308.58,276.62,303.06
289.33,182.62,332.23,188.04,316.97,308.67,274.08,303.24
284.09,182.49,327.13,184.8,320.63,305.76,277.59,303.45
286.28,181.44,328.18,187.17,311.59,308.38,269.69,302.64
284.24,181.05,326.54,186.27,311.5,308.07,269.2,302.85
280.38,182.22,322.28,187.29,307.71,307.85,265.8,302.78
279.94,184.21,318.39,188.18,306.04,307.89,267.59,303.93
277.98,183.94,317.26,188.83,302.31,308.86,263.03,303.97
274.52,183.07,310.88,185.52,302.48,310.14,266.12,307.69
270.65,186.98,305.46,187.88,302.37,306.99,267.56,306.08
265.31,184.01,302.82,184.52,301.16,307.84,263.65,307.34
265.88,185.97,303.88,188.73,295.21,307.76,257.22,304.99
263.98,189.46,303.71,193.77,290.96,311.31,251.24,307.0
261.14,188.98,298.13,192.21,287.81,310.36,250.83,307.13
260.74,191.72,301.45,197.79,284.63,310.56,243.92,304.48
257.81,192.94,298.35,199.24,280.87,311.75,240.32,305.45
255.81,194.62,298.53,202.31,278.73,312.35,236.01,304.67
253.81,195.47,297.66,204.39,275.71,312.31,231.86,303.39
247.98,196.95,290.23,203.0,274.67,311.78,232.41,305.73
246.09,197.59,286.44,202.13,274.3,309.96,233.95,305.42
246.32,197.06,288.93,204.71,269.84,311.11,227.23,303.46
244.59,196.25,284.44,202.53,267.23,311.71,227.39,305.43
238.39,196.71,274.97,199.32,267.08,310.1,230.49,307.49
238.67,194.73,277.99,200.15,262.73,311.02,223.41,305.61
