333.0,40.0,373.0,40.0,373.0,80.0,333.0,80.0
334.53,31.184,370.41,31.526,370.0,74.525,334.12,74.184
337.17,22.069,368.94,23.938,366.2,70.6,334.43,68.731
341.42,12.509,374.73,19.523,363.96,70.676,330.65,63.663
341.86,11.921,373.9,16.573,366.66,66.445,334.62,61.794
350.15,10.689,383.64,20.68,369.15,69.276,335.65,59.285
349.85,16.977,389.45,23.069,381.74,73.191,342.14,67.098
360.91,25.479,394.34,36.2,380.05,80.754,346.62,70.032
359.02,34.502,396.69,40.389,389.8,84.5,352.12,78.613
369.29,41.101,401.95,50.434,389.14,95.276,356.48,85.944
365.54,49.965,404.85,52.988,401.32,98.794,362.02,95.771
376.46,54.146,409.41,62.059,397.96,109.74,365.01,101.83
361.87,62.344,400.67,63.549,399.42,103.79,360.62,102.59
366.32,52.415,401.77,56.846,395.74,105.09,360.29,100.66
353.97,50.148,393.27,53.65,389.44,96.622,350.14,93.119
343.06,41.881,383.88,43.003,382.61,89.498,341.79,88.376
344.39,28.748,380.92,38.429,368.06,86.948,331.53,77.267
326.78,26.912,366.79,25.626,368.27,71.613,328.26,72.899
332.75,21.668,365.77,27.357,358.54,69.323,325.52,63.634
317.0,23.0,359.0,23.0,359.0,58.0,317.0,58.0
320.96,21.544,359.16,23.932,356.78,62.126,318.57,59.738
317.31,16.583,357.98,16.251,358.36,62.702,317.69,63.034
326.94,17.113,364.1,23.719,355.18,73.918,318.01,67.312
336.82,21.625,368.9,35.622,347.16,85.43,315.09,71.432
325.0,30.0,368.0,30.0,368.0,76.0,325.0,76.0
351.72,24.732,382.72,46.188,349.81,93.716,318.82,72.26
346.86,25.54,385.1,42.636,362.06,94.182,323.82,77.086
347.14,22.692,386.27,37.379,367.31,87.885,328.18,73.198
335.46,22.802,383.76,21.991,384.6,71.774,336.3,72.586
348.23,16.192,388.19,23.241,379.58,72.055,339.62,65.006
355.9,14.858,392.74,23.874,380.06,75.693,343.22,66.677
364.25,17.484,401.67,27.742,387.61,79.021,350.19,68.763
349.4,50.906,394.6,23.094,416.81,59.193,371.62,87.004
387.76,36.128,425.1,47.33,409.28,100.08,371.94,88.881
413.82,52.418,439.38,73.709,401.57,119.1,376.01,97.812
396.18,76.119,433.31,80.064,428.32,127.03,391.19,123.09
394.51,97.329,434.24,96.36,435.05,129.6,395.32,130.57
402.0,102.0,437.0,102.0,437.0,131.0,402.0,131.0
400.0,106.0,441.0,106.0,441.0,139.0,400.0,139.0
397.5,108.5,440.5,108.5,440.5,145.5,397.5,145.5
395.0,111.0,440.0,111.0,440.0,152.0,395.0,152.0
391.0,110.0,439.0,110.0,439.0,156.0,391.0,156.0
386.77,113.28,439.32,108.51,443.75,157.29,391.2,162.06
378.47,92.677,432.02,92.713,431.99,147.17,378.43,147.14
399.85,64.645,433.37,93.01,395.04,138.32,361.51,109.95
378.24,42.273,417.97,60.006,392.34,117.42,352.61,99.685
359.55,21.126,398.75,33.305,378.56,98.277,339.36,86.098
336.7,13.506,379.08,16.521,374.77,77.074,332.39,74.059
320.67,8.3938,363.74,13.059,356.84,76.817,313.77,72.152
315.41,5.2257,357.41,19.627,336.57,80.424,294.56,66.022
301.38,12.973,347.63,19.982,339.15,75.963,292.9,68.954
302.98,18.131,349.23,24.297,342.1,77.747,295.86,71.581
299.0,26.0,348.0,26.0,348.0,79.0,299.0,79.0
305.0,27.0,354.0,27.0,354.0,84.0,305.0,84.0
303.0,28.0,355.0,28.0,355.0,81.0,303.0,81.0
316.26,18.16,362.0,33.738,341.92,92.675,296.19,77.098
304.26,15.911,353.33,18.967,349.46,81.146,300.39,78.09
298.64,11.19,350.71,12.0,349.74,74.758,297.66,73.949
293.11,10.031,345.92,10.079,345.87,70.199,293.05,70.151
293.34,6.6995,344.29,10.65,339.22,76.089,288.27,72.138
293.62,8.1869,341.46,9.6996,339.35,76.241,291.51,74.728
299.23,7.6033,347.46,8.2609,346.51,77.811,298.29,77.153
307.91,4.6018,359.84,4.2489,360.29,71.17,308.37,71.523
323.71,-0.14551,376.73,2.7886,373.24,65.748,320.22,62.814
336.85,-7.1089,388.07,6.1017,370.43,74.473,319.22,61.263
332.18,-3.608,383.62,4.4361,372.54,75.287,321.1,67.243
328.46,2.4754,379.14,8.4828,371.08,76.532,320.4,70.525
324.23,5.803,379.21,10.583,373.34,78.073,318.37,73.293
320.85,9.024,378.86,8.7137,379.24,78.876,321.23,79.186
314.74,3.0595,376.75,0.072917,380.09,69.532,318.08,72.519
312.17,1.5195,376.96,0.46207,378.08,68.821,313.28,69.879
309.23,-6.9155,375.36,-7.2636,375.77,68.938,309.63,69.286
303.18,-1.3976,373.43,-1.5632,373.6,68.893,303.34,69.058
298.98,-2.4072,366.01,-0.89568,364.34,73.309,297.31,71.797
278.2,-0.8186,352.71,2.522,349.02,84.814,274.51,81.473
268.77,26.78,344.38,26.19,345.1,119.22,269.49,119.81
279.72,56.852,361.61,57.145,361.24,158.29,279.35,158.0
299.63,98.751,380.91,96.797,383.42,201.35,302.14,203.31
318.57,140.67,399.84,139.53,401.21,236.45,319.93,237.6
333.0,155.78,411.46,162.19,404.27,250.06,325.82,243.65
328.92,168.56,410.11,165.51,413.41,253.53,332.22,256.57
355.52,155.76,403.79,190.99,349.06,265.96,300.79,230.72
330.79,156.21,397.39,181.04,366.54,263.79,299.94,238.96
328.47,146.72,389.43,177.59,349.55,256.35,288.59,225.48
313.52,136.38,373.68,165.8,334.44,246.05,274.28,216.63
272.12,123.15,347.08,129.45,339.96,214.1,265.0,207.79
246.92,102.67,323.48,101.7,324.58,188.47,248.02,189.44
231.77,80.101,315.78,79.455,316.48,170.85,232.47,171.49
218.21,54.469,304.66,54.277,304.88,156.11,218.44,156.3
216.22,23.083,300.46,28.281,293.65,138.51,209.42,133.31
192.0,2.0,289.0,2.0,289.0,123.0,192.0,123.0
200.24,-185.8,293.02,-176.63,264.03,116.84,171.24,107.67
173.69,-164.08,260.52,-157.67,240.28,116.1,153.45,109.68
137.9,2.0702,236.18,0.5656,238.11,126.49,139.83,127.99
136.53,5.2615,233.68,6.0399,232.7,128.7,135.54,127.92
151.15,7.7337,247.26,26.412,223.22,150.13,127.1,131.45
154.64,12.964,247.85,28.377,226.5,157.56,133.28,142.15
160.43,18.204,256.34,32.849,236.11,165.32,140.2,150.68
156.35,18.268,265.07,28.261,252.07,169.65,143.35,159.66
155.38,10.033,268.94,18.338,258.64,159.09,145.09,150.79
