520.83,201.18,575.5,199.61,576.32,228.22,521.65,229.78
508.89,202.35,558.96,195.05,562.43,218.84,512.36,226.13
501.18,202.72,551.73,193.53,556.3,218.66,505.76,227.86
489.95,201.42,537.13,196.39,540.17,224.9,492.99,229.93
478.96,201.17,529.49,196.52,532.04,224.28,481.52,228.93
472.16,201.32,518.21,197.43,520.35,222.69,474.29,226.58
461.39,196.18,507.77,199.58,505.96,224.24,459.58,220.84
444.92,192.36,485.23,192.0,485.48,219.47,445.17,219.84
435.72,190.09,478.5,188.38,479.76,219.89,436.98,221.6
422.56,190.95,444.15,173.68,472.34,208.93,450.76,226.2
410.02,184.19,430.98,169.75,463.03,216.27,442.06,230.71
401.99,187.12,423.46,170.0,459.39,215.05,437.93,232.17
382.26,189.85,399.79,169.81,447.43,211.5,429.9,231.54
369.7,181.75,387.26,163.12,433.08,206.3,415.51,224.94
363.02,182.43,379.31,162.32,431.75,204.82,415.45,224.93
349.04,179.98,365.63,160.26,416.56,203.09,399.97,222.82
340.88,175.08,354.21,159.43,399.42,197.94,386.1,213.59
346.85,154.06,392.82,197.73,378.25,213.06,332.28,169.39
319.95,174.68,337.22,154.82,377.77,190.07,360.5,209.93
327.09,154.08,371.65,180.99,355.31,208.06,310.74,181.16
315.42,154.54,360.93,177.88,348.1,202.9,302.59,179.56
301.13,154.75,351.54,175.71,340.45,202.37,290.05,181.41
286.0,152.84,337.1,165.1,329.4,197.18,278.3,184.91
284.39,154.53,329.67,162.33,324.96,189.68,279.68,181.88
272.72,152.55,316.98,162.76,309.87,193.58,265.61,183.37
260.46,162.28,304.41,159.54,306.33,190.29,262.38,193.04
246.46,166.01,292.92,157.56,298.49,188.18,252.02,196.63
246.62,153.01,285.14,163.3,276.84,194.4,238.31,184.12
225.55,170.5,266.97,159.4,273.95,185.47,232.54,196.57
233.89,152.07,269.09,170.58,254.85,197.68,219.64,179.17
219.15,164.01,264.29,166.22,263.19,188.65,218.05,186.43
200.58,167.57,249.66,165.12,250.97,191.35,201.89,193.81
191.25,162.0,245.31,164.77,243.76,195.0,189.71,192.23
185.68,165.11,241.09,165.2,241.05,190.16,185.64,190.07
184.9,158.15,234.74,164.13,231.31,192.76,181.47,186.78
175.89,159.68,221.28,160.86,220.65,185.01,175.26,183.84
162.29,154.51,210.57,156.11,209.51,187.96,161.23,186.36
169.72,149.94,199.45,150.85,198.22,191.43,168.49,190.53
154.76,167.74,180.8,147.95,205.62,180.61,179.58,200.4
151.29,171.37,186.46,157.38,200.29,192.16,165.12,206.15
145.62,172.15,186.28,170.38,187.81,205.53,147.14,207.3
142.32,170.27,185.06,187.34,175.57,211.08,132.84,194.01
137.1,173.88,177.56,190.92,165.34,219.93,124.88,202.9
138.61,169.95,179.05,195.04,162.78,221.27,122.34,196.17
137.31,171.47,181.15,177.45,176.56,211.1,132.72,205.13
142.14,174.05,185.68,176.67,183.92,205.96,140.38,203.34
138.27,168.91,182.53,167.3,183.73,200.41,139.47,202.02
139.54,170.33,178.86,172.11,177.42,203.71,138.11,201.93
145.45,180.89,178.87,179.65,179.84,205.82,146.42,207.06
146.97,180.3,185.76,180.56,185.6,205.18,146.8,204.92
149.89,180.58,185.29,178.4,186.91,204.59,151.51,206.77
149.12,185.12,168.96,165.1,196.52,192.43,176.68,212.44
159.86,170.68,199.08,186.67,190.17,208.52,150.95,192.52
150.18,187.66,165.78,166.84,202.71,194.52,187.11,215.33
153.0,192.0,175.0,170.0,201.5,196.5,179.5,218.5
174.0,172.01,206.43,193.61,190.63,217.34,158.19,195.74
162.09,180.21,200.34,180.53,200.08,211.11,161.83,210.79
163.97,181.62,199.95,178.93,202.1,207.65,166.11,210.34
163.41,191.07,180.88,169.88,209.35,193.35,191.88,214.54
165.47,182.99,195.92,171.49,208.36,204.44,177.91,215.94
170.69,174.43,207.71,182.37,200.45,216.24,163.43,208.31
172.23,175.91,209.77,180.09,205.76,216.2,168.22,212.02
167.38,194.42,187.22,170.87,220.63,199.0,200.79,222.56
176.3,175.49,207.21,175.68,206.96,215.66,176.05,215.46
177.96,183.72,208.9,179.3,213.42,210.94,182.48,215.36
175.48,189.39,206.16,177.19,216.86,204.1,186.17,216.29
184.65,180.45,215.62,181.28,214.76,213.47,183.79,212.64
196.18,177.34,227.6,191.04,214.42,221.24,183.0,207.54
194.97,180.27,226.72,188.21,218.19,222.29,186.44,214.34
201.05,182.76,232.03,191.07,222.36,227.17,191.38,218.86
189.4,193.61,211.32,180.09,235.0,218.48,213.08,232.0
190.18,193.88,217.07,181.3,236.41,222.64,209.51,235.22
194.45,194.08,219.33,182.72,239.13,226.05,214.24,237.42
199.09,194.63,222.5,185.31,239.99,229.22,216.57,238.54
197.23,203.17,225.57,187.16,247.54,226.04,219.21,242.06
200.89,204.21,223.99,189.91,248.54,229.57,225.44,243.87
207.37,202.72,234.99,193.1,249.08,233.56,221.45,243.17
205.9,208.82,233.75,193.83,255.01,233.3,227.16,248.3
207.9,223.12,228.99,199.7,260.02,227.63,238.92,251.06
209.58,224.64,240.44,203.7,263.92,238.3,233.06,259.25
223.96,211.97,261.65,213.18,260.56,246.99,222.87,245.77
225.36,212.89,264.32,214.7,262.69,249.74,223.73,247.92
222.02,237.35,242.71,214.08,272.75,240.78,252.06,264.06
231.05,221.25,267.88,220.53,268.52,252.9,231.68,253.62
230.13,229.19,256.37,217.03,271.62,249.9,245.38,262.07
226.67,229.91,246.85,212.26,275.78,245.32,255.6,262.97
252.4,206.86,286.39,254.45,257.86,274.83,223.87,227.24
228.51,224.92,256.76,207.53,287.79,257.95,259.54,275.34
226.9,233.48,250.21,210.98,291.03,253.27,267.71,275.77
232.57,229.33,257.03,212.72,289.71,260.83,265.25,277.44
235.18,240.72,258.8,218.28,292.66,253.93,269.03,276.37
235.26,238.4,260.97,217.41,296.9,261.42,271.19,282.41
238.96,237.3,260.45,217.02,301.76,260.81,280.26,281.09
236.4,237.1,263.73,215.16,303.07,264.14,275.74,286.09
257.33,217.09,309.78,246.57,292.28,277.7,239.83,248.21
253.65,221.57,301.5,229.15,296.15,262.93,248.3,255.35
263.06,221.5,306.89,235.78,295.74,270.02,251.91,255.74
265.17,227.56,309.51,241.01,299.07,275.42,254.74,261.97
260.74,236.25,312.97,246.18,306.69,279.18,254.47,269.25
260.14,237.65,316.84,245.18,311.85,282.77,255.15,275.24
259.0,247.3,314.47,249.62,313.09,282.67,257.63,280.35
263.38,252.9,320.12,263.26,314.9,291.87,258.15,281.51
260.28,256.19,319.2,256.03,319.29,288.59,260.37,288.75
259.71,261.3,315.12,263.17,314.1,293.31,258.69,291.44
262.5,263.51,314.34,266.11,312.77,297.31,260.93,294.71
259.12,271.31,313.1,271.07,313.22,297.91,259.24,298.15
267.52,263.27,319.65,273.32,314.05,302.42,261.91,292.37
269.36,273.3,317.8,272.76,318.15,303.51,269.7,304.06
268.33,272.29,323.55,277.63,320.55,308.63,265.33,303.29
270.71,272.58,327.25,285.43,321.1,312.45,264.56,299.59
280.3,266.75,326.58,297.1,307.86,325.65,261.58,295.3
260.24,290.01,279.69,266.5,326.72,305.4,307.27,328.92
260.09,293.08,281.29,268.64,331.01,311.77,309.81,336.21
283.79,268.56,333.86,320.07,309.26,343.97,259.2,292.47
255.49,295.24,274.78,270.83,335.47,318.79,316.18,343.2
260.66,297.7,276.67,275.42,335.99,318.07,319.98,340.34
274.48,272.96,335.84,316.4,319.13,340.0,257.77,296.57
273.84,271.79,332.87,314.16,314.87,339.25,255.83,296.88
268.82,272.6,333.13,296.16,319.8,332.56,255.49,309.0
269.65,280.47,329.77,310.39,315.66,338.74,255.54,308.82
267.75,278.62,328.69,298.9,315.56,338.33,254.63,318.05
268.27,283.67,324.3,302.5,312.25,338.35,256.23,319.52
264.51,292.62,320.41,311.97,309.9,342.32,254.0,322.97
264.62,289.71,320.79,307.44,309.36,343.68,253.19,325.95
245.0,316.82,268.02,286.47,312.61,320.29,289.58,350.65
267.29,294.43,312.76,319.01,295.94,350.12,250.47,325.53
257.87,304.65,298.78,296.15,308.0,340.51,267.09,349.01
264.51,299.26,310.09,311.38,299.95,349.49,254.38,337.37
263.5,301.66,312.31,314.53,302.38,352.2,253.57,339.33
258.47,306.28,308.96,310.85,305.44,349.73,254.95,345.16
259.27,305.08,307.89,318.69,299.03,350.33,250.41,336.71
254.34,310.23,305.79,324.21,298.71,350.26,247.26,336.28
252.37,312.69,304.28,322.26,299.3,349.29,247.39,339.72
250.87,312.63,302.52,324.54,295.68,354.22,244.02,342.31
245.34,318.78,302.58,324.64,299.67,353.16,242.42,347.31
250.4,316.51,304.24,331.84,295.68,361.88,241.85,346.56
242.37,331.57,303.6,331.33,303.69,355.87,242.46,356.11
248.93,328.05,306.35,340.1,300.47,368.12,243.05,356.07
242.27,338.54,304.14,340.46,303.33,366.38,241.46,364.46
243.16,344.03,296.59,345.31,295.95,372.04,242.52,370.76
244.53,342.98,295.05,348.16,291.91,378.76,241.39,373.58
242.28,348.53,295.37,352.69,293.15,380.96,240.06,376.79
241.42,352.43,293.91,350.48,294.88,376.89,242.4,378.84
237.43,354.87,295.34,358.57,294.03,379.03,236.12,375.32
242.45,363.06,290.93,363.77,290.72,377.48,242.25,376.77
233.79,358.25,289.71,358.36,289.67,378.08,233.75,377.96
237.12,353.39,292.26,357.64,290.81,376.52,235.67,372.28
241.29,351.83,289.83,353.69,288.9,377.94,240.35,376.07
233.29,350.9,289.4,352.9,288.5,378.08,232.4,376.08
236.27,345.68,287.86,351.02,285.01,378.59,233.42,373.25
237.88,343.4,283.84,356.21,276.97,380.86,231.01,368.05
236.78,334.91,284.66,348.39,275.85,379.66,227.98,366.17
233.24,340.12,280.44,357.69,272.1,380.09,224.9,362.51
233.09,337.59,279.43,355.16,270.04,379.93,223.7,362.35
233.71,337.76,279.26,354.78,269.84,380.0,224.3,362.98
229.86,340.53,285.68,357.11,279.01,379.58,223.19,363.0
224.07,339.05,287.31,348.42,283.15,376.47,219.91,367.1
225.97,340.56,286.76,348.75,283.32,374.28,222.53,366.09
