654,268,23,140
654,271,23.0,140.0
655,274,23.0,140.0
657,276,23.0,140.0
657,278,23.0,140.0
654,281,23.0,140.0
647,284,23.0,140.0
645,285,23.0,140.0
648,286,23.0,140.0
649,287,23.0,140.0
646,288,23.0,140.0
641,292,23.0,140.0
637,298,23.0,140.0
634,308,23.0,140.0
629,313,23.0,140.0
626,314,23.0,140.0
629,312,23.0,140.0
634,308,23.0,140.0
640,303,23.0,140.0
643,299,23.0,140.0
640,299,23.0,140.0
634,301,23.0,140.0
634,300,23.0,140.0
642,299,23.0,140.0
649,298,23.0,140.0
649,297,23.0,140.0
650,296,23.0,140.0
652,295,23.0,140.0
654,291,23.0,140.0
657,286,23.0,140.0
660,280,23.0,140.0
662,277,23.0,140.0
664,273,23.0,140.0
668,267,23.0,140.0
668,262,23.0,140.0
663,259,23.0,140.0
657,256,23.0,140.0
653,254,23.0,140.0
652,251,23.0,140.0
651,249,23.0,140.0
648,247,23.0,140.0
644,245,23.0,140.0
638,246,23.0,140.0
631,246,23.0,140.0
632,245,23.0,140.0
638,241,23.0,140.0
640,236,23.0,140.0
638,232,23.0,140.0
636,231,23.0,140.0
635,233,23.0,140.0
636,237,23.0,140.0
637,239,23.0,140.0
638,238,23.0,140.0
638,238,23.0,140.0
637,239,23.0,140.0
636,238,23.0,140.0
639,238,23.0,140.0
643,238,23.0,140.0
647,236,23.0,140.0
649,234,23.0,140.0
652,235,23.0,140.0
655,235,23.0,140.0
658,234,23.0,140.0
661,233,23.0,140.0
663,231,23.0,140.0
664,230,23.0,140.0
665,231,23.0,140.0
667,230,23.0,140.0
669,229,23.0,140.0
671,227,23.0,140.0
673,225,23.0,140.0
673,221,23.0,140.0
673,217,23.0,140.0
673,213,23.0,140.0
674,210,23.0,140.0
675,208,23.0,140.0
676,207,23.0,140.0
676,203,23.0,140.0
676,197,23.0,140.0
677,197,23.0,140.0
679,201,23.0,140.0
681,208,23.0,140.0
684,205,23.0,140.0
687,201,23.0,140.0
688,206,23.0,140.0
689,212,23.0,140.0
690,221,23.0,140.0
692,225,23.0,140.0
693,227,23.0,140.0
694,230,23.0,140.0
695,231,23.0,140.0
696,227,23.0,140.0
698,228,23.0,140.0
700,228,23.0,140.0
701,225,23.0,140.0
703,223,23.0,140.0
704,216,23.0,140.0
702,209,23.0,140.0
701,208,23.0,140.0
702,208,23.0,140.0
703,207,23.0,140.0
705,205,23.0,140.0
706,200,23.0,140.0
707,195,23.0,140.0
709,197,23.0,140.0
710,202,23.0,140.0
711,205,23.0,140.0
712,204,23.0,140.0
713,202,23.0,140.0
714,202,23.0,140.0
715,203,23.0,140.0
716,202,23.0,140.0
717,201,23.0,140.0
718,202,23.0,140.0
720,200,23.0,140.0
722,197,23.0,140.0
724,196,23.0,140.0
725,198,23.0,140.0
727,203,23.0,140.0
729,208,23.0,140.0
730,208,23.0,140.0
732,204,23.0,140.0
734,195,23.0,140.0
735,188,23.0,140.0
736,193,23.0,140.0
737,199,23.0,140.0
738,201,23.0,140.0
737,203,23.0,140.0
734,206,23.0,140.0
732,212,23.0,140.0
731,221,23.0,140.0
730,224,23.0,140.0
729,220,23.0,140.0
728,213,23.0,140.0
728,205,23.0,140.0
728,206,23.0,140.0
728,206,23.0,140.0
727,200,23.0,140.0
726,200,23.0,140.0
727,207,23.0,140.0
727,211,23.0,140.0
726,210,23.0,140.0
726,210,23.0,140.0
727,209,23.0,140.0
727,208,23.0,140.0
727,212,23.0,140.0
727,219,23.0,140.0
727,224,23.0,140.0
727,228,23.0,140.0
728,232,23.0,140.0
730,233,23.0,140.0
732,233,23.0,140.0
734,236,23.0,140.0
733,239,23.0,140.0
732,240,23.0,140.0
732,240,23.0,140.0
731,243,23.0,140.0
730,246,23.0,140.0
729,247,23.0,140.0
730,247,23.0,140.0
734,244,23.0,140.0
734,240,23.0,140.0
735,239,23.0,140.0
734,237,23.0,140.0
732,232,23.0,140.0
730,238,23.0,140.0
730,239,23.0,140.0
731,239,23.0,140.0
734,238,23.0,140.0
735,237,23.0,140.0
734,238,23.0,140.0
732,240,23.0,140.0
729,243,23.0,140.0
728,247,23.0,140.0
729,265,23.0,140.0
723,252,23.0,140.0
724,253,23.0,140.0
725,256,23.0,140.0
724,260,23.0,140.0
724,255,23.0,140.0
724,255,23.0,140.0
724,258,23.0,140.0
725,259,23.0,140.0
723,258,23.0,140.0
723,258,23.0,140.0
723,259,23.0,140.0
723,263,23.0,140.0
724,272,23.0,140.0
724,285,23.0,140.0
724,302,23.0,140.0
724,318,23.0,140.0
726,349,23.0,140.0
722,333,23.0,140.0
724,351,23.0,140.0
727,363,23.0,140.0
730,370,23.0,140.0
733,377,23.0,140.0
736,382,23.0,140.0
739,387,23.0,140.0
742,394,23.0,140.0
743,401,23.0,140.0
741,408,23.0,140.0
739,417,23.0,140.0
738,426,23.0,140.0
737,432,23.0,140.0
736,439,23.0,140.0
736,446,23.0,140.0
736,453,23.0,140.0
739,458,23.0,140.0
738,514,23.0,140.0
742,522,23.0,140.0
737,479,23.0,140.0
739,483,23.0,140.0
741,489,23.0,140.0
739,486,23.0,140.0
739,479,23.0,140.0
740,464,23.0,140.0
740,433,23.0,140.0
741,410,23.0,140.0
742,394,23.0,140.0
746,377,23.0,140.0
743,366,23.0,140.0
744,355,23.0,140.0
747,340,23.0,140.0
750,329,23.0,140.0
752,325,23.0,140.0
754,329,23.0,140.0
755,336,23.0,140.0
756,341,23.0,140.0
756,343,23.0,140.0
756,346,23.0,140.0
756,352,23.0,140.0
755,360,23.0,140.0
753,366,23.0,140.0
753,369,23.0,140.0
755,370,23.0,140.0
758,372,23.0,140.0
760,379,23.0,140.0
761,383,23.0,140.0
763,382,23.0,140.0
