422,206,68,113
417,175,74,146
418,176,73,143
416,175,75,144
420,199,69,120
417,176,74,142
420,176,70,142
423,198,69,119
422,189,72,126
425,195,69,121
423,197,72,115
425,198,70,116
424,193,72,118
423,186,73,131
425,192,72,122
424,195,72,122
424,197,73,117
426,205,73,111
425,206,71,108
425,208,74,112
427,209,72,112
427,206,72,111
427,208,75,112
427,208,73,113
427,209,74,108
427,209,73,113
427,210,72,107
425,209,75,112
428,209,72,108
426,210,75,112
427,210,74,111
428,211,72,104
428,209,73,111
428,209,73,105
431,210,71,108
430,210,72,112
430,208,73,111
431,210,73,108
432,208,72,107
431,209,73,108
433,207,70,105
433,208,72,113
432,209,73,109
432,207,72,107
434,207,72,109
434,206,72,110
433,208,73,111
437,206,68,108
435,207,72,112
436,208,70,108
438,208,67,108
448,213,55,99
448,210,55,107
449,210,55,105
444,212,60,104
447,205,57,111
450,208,54,108
450,193,53,123
458,193,44,123
457,201,46,111
459,191,44,122
463,197,40,115
465,186,38,126
466,194,37,118
460,195,46,118
462,197,45,116
463,195,54,118
463,195,63,112
461,198,71,110
465,207,55,99
451,195,100,122
449,197,107,124
448,200,112,124
452,205,99,115
454,205,96,115
454,204,98,118
457,207,90,111
453,210,118,119
455,207,104,106
460,209,96,98
465,209,87,91
470,211,91,95
476,214,81,91
478,214,81,89
481,214,79,88
486,214,74,85
488,214,72,87
485,211,71,91
482,205,68,95
470,216,84,96
481,206,68,95
467,190,86,114
476,210,79,96
470,200,87,107
469,200,92,115
469,199,92,110
472,204,89,104
472,200,94,116
477,207,88,105
484,220,83,91
472,190,107,142
485,200,82,112
488,212,90,123
491,198,77,115
490,202,87,131
497,207,79,124
506,211,63,106
510,216,61,103
509,225,65,99
514,228,58,100
519,228,53,108
524,229,44,100
528,229,42,103
524,227,52,106
520,228,58,106
514,227,70,110
509,228,79,107
504,227,91,110
499,226,98,110
499,227,102,108
499,227,105,110
499,228,105,109
500,228,100,109
507,229,90,103
517,228,85,98
508,230,90,109
518,228,100,92
521,231,94,85
524,229,88,88
529,230,72,81
528,228,71,80
519,223,78,93
523,223,78,84
518,223,115,102
514,219,145,115
509,216,149,112
498,208,147,115
495,206,159,119
506,214,159,120
509,215,156,121
489,202,163,131
491,203,156,127
499,206,158,134
510,210,142,132
521,216,130,134
525,214,119,139
535,218,112,134
538,229,85,96
540,239,111,90
539,245,123,94
535,238,128,107
538,239,128,112
544,249,122,100
551,257,113,91
555,263,104,86
557,267,99,84
558,272,91,81
553,271,95,84
550,270,90,78
542,271,94,76
538,271,98,78
534,269,99,75
529,265,102,77
530,263,107,83
532,259,99,93
523,258,98,99
522,249,106,99
517,251,106,99
513,246,109,102
506,239,118,111
500,237,120,114
510,236,89,98
503,231,88,114
511,234,53,98
487,234,100,116
482,238,104,113
480,232,104,114
475,231,110,113
470,232,112,111
465,234,112,110
461,233,110,110
457,236,107,105
454,229,105,109
452,230,93,104
448,232,88,94
445,230,87,97
447,230,81,96
442,225,84,101
436,222,89,105
430,219,93,108
418,216,105,116
412,214,108,114
412,213,107,113
411,210,115,129
399,209,127,134
397,211,128,131
403,214,116,110
387,209,135,132
398,210,121,121
400,212,117,112
403,212,114,109
402,212,114,109
399,211,119,115
400,211,119,113
382,210,133,127
390,209,128,125
404,213,117,112
387,214,131,110
379,214,140,110
393,211,136,124
381,216,140,107
386,218,133,108
382,221,133,90
391,222,127,86
390,208,130,127
370,222,144,103
369,222,145,104
367,222,147,99
358,221,156,104
358,221,155,104
365,221,149,106
369,218,144,108
361,221,150,99
358,219,153,106
364,217,146,109
361,219,148,107
369,218,140,108
366,217,141,110
364,215,141,108
367,212,136,111
389,208,115,105
388,206,115,107
376,205,124,115
378,205,120,114
383,206,113,111
385,208,107,107
387,211,102,103
387,211,99,100
390,211,91,98
379,211,104,105
370,214,104,106
354,210,119,118
364,211,110,113
358,212,116,116
360,214,113,113
364,218,107,108
353,235,114,72
353,246,112,58
351,235,116,81
352,239,116,77
355,230,112,92
352,240,118,90
360,229,108,97
357,228,108,99
349,220,111,105
349,218,105,103
346,215,111,110
348,201,109,116
346,198,107,115
349,188,99,123
353,185,98,127
348,180,109,130
341,180,119,128
356,172,73,138
357,170,66,135
354,170,60,134
357,170,57,134
354,170,57,139
352,170,60,135
349,169,60,137
344,170,66,141
344,171,64,138
341,172,65,138
334,172,71,139
329,174,75,138
324,170,78,142
324,175,83,142
302,178,111,150
296,184,119,144
291,185,123,142
284,189,129,140
283,189,124,138
278,196,127,132
279,205,109,114
263,210,126,126
272,212,113,107
262,214,122,121
282,215,83,103
257,215,115,120
255,219,112,117
251,221,101,101
247,222,103,101
244,219,106,103
241,219,103,100
238,219,106,100
236,221,103,97
235,220,87,92
238,221,87,87
235,223,100,90
238,218,92,91
240,215,87,89
240,212,82,94
239,205,84,101
240,201,84,103
239,193,81,113
241,190,75,114
242,183,67,122
242,176,64,130
242,178,71,128
239,172,73,136
236,167,78,143
232,164,83,149
231,162,84,152
236,164,73,145
229,164,84,149
241,168,60,137
228,163,81,150
218,160,97,160
215,158,102,165
212,156,107,168
227,160,72,137
209,151,105,149
212,144,101,157
214,138,96,161
220,133,85,167
223,126,80,177
229,120,68,184
234,120,54,181
227,115,55,184
217,117,72,177
213,115,86,151
213,113,78,154
223,112,54,148
221,105,57,149
227,105,49,139
228,102,47,139
223,96,58,145
223,87,60,160
228,89,52,158
231,88,46,164
239,89,36,162
237,89,37,167
233,89,44,171
233,89,46,173
230,90,50,179
229,91,54,180
228,88,55,186
230,99,50,181
225,99,57,183
222,102,63,182
228,104,59,182
224,106,70,177
222,114,77,171
231,125,52,164
226,130,61,161
229,143,58,149
226,150,69,143
224,168,82,117
224,179,82,118
227,185,74,112
231,198,65,99
235,202,56,97
234,205,56,92
231,203,61,94
229,199,65,99
223,186,71,112
233,183,53,112
210,170,103,126
224,165,66,126
224,160,60,127
224,149,53,136
229,144,44,140
227,136,47,143
218,126,68,151
220,118,61,159
226,115,43,163
225,108,45,172
229,108,35,171
228,105,35,180
231,105,32,179
230,103,33,182
229,104,37,181
227,104,41,179
229,106,40,177
225,102,47,181
226,102,52,176
227,88,60,190
231,87,60,183
227,84,82,196
233,83,85,196
237,83,87,193
244,85,86,194
252,88,81,191
259,84,70,198
272,89,48,193
274,91,52,192
271,89,55,196
273,89,56,197
275,91,53,194
273,92,57,194
277,98,53,189
283,106,46,157
284,112,46,151
278,112,57,158
276,113,62,179
278,111,61,181
280,114,59,179
278,114,60,170
276,114,61,165
275,115,63,180
272,115,62,180
272,115,62,178
269,116,58,178
268,116,55,177
262,117,60,179
260,116,59,180
256,117,63,179
255,117,62,180
256,118,62,180
254,120,63,178
254,124,64,171
254,125,63,172
255,127,62,165
249,125,70,173
252,129,62,169
252,130,63,168
254,126,60,173
255,125,56,164
254,126,57,173
250,126,59,173
246,124,61,175
242,122,63,177
242,122,63,177
244,120,60,178
244,118,61,181
242,117,62,181
244,118,60,180
244,117,61,181
245,115,58,182
236,114,68,185
228,117,77,185
227,115,77,177
226,116,82,185
224,116,80,183
220,112,83,185
222,112,75,178
222,112,72,178
226,112,64,177
230,112,53,178
227,112,60,177
233,112,53,178
234,114,36,175
233,115,35,175
225,116,40,173
220,116,48,161
212,115,64,165
209,115,68,166
209,116,67,167
209,117,62,165
209,116,63,167
210,119,63,163
212,115,57,165
213,117,56,162
213,120,56,159
212,116,57,163
