197,87,38,18
197,87,38.0,18.0
197,87,38.0,18.0
197,87,38.0,18.0
197,87,38.0,18.0
197,87,38.0,18.0
197,87,38.0,18.0
198,87,38.0,18.0
198,87,38.0,18.0
198,87,38.0,18.0
197,87,38.0,18.0
197,87,38.0,18.0
197,87,38.0,18.0
196,87,38.0,18.0
196,87,38.0,18.0
196,87,38.0,18.0
195,87,38.0,18.0
195,87,38.0,18.0
194,87,38.0,18.0
194,87,38.0,18.0
193,86,38.0,18.0
193,86,38.0,18.0
193,86,38.0,18.0
193,87,38.0,18.0
192,87,38.0,18.0
192,88,38.0,18.0
191,88,38.0,18.0
191,88,38.0,18.0
191,88,38.0,18.0
191,88,38.0,18.0
192,87,38.0,18.0
192,87,38.0,18.0
192,87,38.0,18.0
192,87,38.0,18.0
192,87,38.0,18.0
192,87,38.0,18.0
192,87,38.0,18.0
192,87,38.0,18.0
191,87,38.0,18.0
191,87,38.0,18.0
191,87,38.0,18.0
191,87,38.0,18.0
190,87,38.0,18.0
190,86,38.0,18.0
190,86,38.0,18.0
190,86,38.0,18.0
190,86,38.0,18.0
189,87,38.0,18.0
189,87,38.0,18.0
188,87,38.0,18.0
188,87,38.0,18.0
187,88,38.0,18.0
186,88,38.0,18.0
186,88,38.0,18.0
186,88,38.0,18.0
185,88,38.0,18.0
185,89,38.0,18.0
185,89,38.0,18.0
184,89,38.0,18.0
184,89,38.0,18.0
184,89,38.0,18.0
183,89,38.0,18.0
183,89,38.0,18.0
183,89,38.0,18.0
183,89,38.0,18.0
182,90,38.0,18.0
182,90,38.0,18.0
182,90,38.0,18.0
182,90,38.0,18.0
182,90,38.0,18.0
182,90,38.0,18.0
182,90,38.0,18.0
182,90,38.0,18.0
182,90,38.0,18.0
182,90,38.0,18.0
182,90,38.0,18.0
182,90,38.0,18.0
183,90,38.0,18.0
183,90,38.0,18.0
184,91,38.0,18.0
183,92,38.0,18.0
184,92,38.0,18.0
184,92,38.0,18.0
183,93,38.0,18.0
183,94,38.0,18.0
183,94,38.0,18.0
183,94,38.0,18.0
183,94,38.0,18.0
183,95,38.0,18.0
183,95,38.0,18.0
183,94,38.0,18.0
184,94,38.0,18.0
184,94,38.0,18.0
184,94,38.0,18.0
185,94,38.0,18.0
185,94,38.0,18.0
185,94,38.0,18.0
185,94,38.0,18.0
185,95,38.0,18.0
185,95,38.0,18.0
185,95,38.0,18.0
186,95,38.0,18.0
186,94,38.0,18.0
186,94,38.0,18.0
186,93,38.0,18.0
186,93,38.0,18.0
186,92,38.0,18.0
185,92,38.0,18.0
185,92,38.0,18.0
185,91,38.0,18.0
185,91,38.0,18.0
185,91,38.0,18.0
185,91,38.0,18.0
185,91,38.0,18.0
186,91,38.0,18.0
186,90,38.0,18.0
186,90,38.0,18.0
186,90,38.0,18.0
185,90,38.0,18.0
185,90,38.0,18.0
185,89,38.0,18.0
185,90,38.0,18.0
184,90,38.0,18.0
184,90,38.0,18.0
184,90,38.0,18.0
184,90,38.0,18.0
184,91,38.0,18.0
183,91,38.0,18.0
183,92,38.0,18.0
183,92,38.0,18.0
183,92,38.0,18.0
183,92,38.0,18.0
183,92,38.0,18.0
182,92,38.0,18.0
182,92,38.0,18.0
182,92,38.0,18.0
182,92,38.0,18.0
182,91,38.0,18.0
182,90,38.0,18.0
182,90,38.0,18.0
183,90,38.0,18.0
183,90,38.0,18.0
183,90,38.0,18.0
183,90,38.0,18.0
183,90,38.0,18.0
182,90,38.0,18.0
183,89,38.0,18.0
183,88,38.0,18.0
183,88,38.0,18.0
183,88,38.0,18.0
183,88,38.0,18.0
183,89,38.0,18.0
183,90,38.0,18.0
182,90,38.0,18.0
182,90,38.0,18.0
182,90,38.0,18.0
182,89,38.0,18.0
182,88,38.0,18.0
182,88,38.0,18.0
182,88,38.0,18.0
182,88,38.0,18.0
182,88,38.0,18.0
182,88,38.0,18.0
181,88,38.0,18.0
181,88,38.0,18.0
181,87,38.0,18.0
181,87,38.0,18.0
182,87,38.0,18.0
182,88,38.0,18.0
182,88,38.0,18.0
183,88,38.0,18.0
184,88,38.0,18.0
184,88,38.0,18.0
185,88,38.0,18.0
185,87,38.0,18.0
186,87,38.0,18.0
186,87,38.0,18.0
185,87,38.0,18.0
185,87,38.0,18.0
186,86,38.0,18.0
186,86,38.0,18.0
186,86,38.0,18.0
186,86,38.0,18.0
187,86,38.0,18.0
187,86,38.0,18.0
187,86,38.0,18.0
188,86,38.0,18.0
188,86,38.0,18.0
188,86,38.0,18.0
188,86,38.0,18.0
188,86,38.0,18.0
188,86,38.0,18.0
188,86,38.0,18.0
188,86,38.0,18.0
189,86,38.0,18.0
189,86,38.0,18.0
189,86,38.0,18.0
189,86,38.0,18.0
189,86,38.0,18.0
189,86,38.0,18.0
189,86,38.0,18.0
189,86,38.0,18.0
189,85,38.0,18.0
189,85,38.0,18.0
189,85,38.0,18.0
188,85,38.0,18.0
188,86,38.0,18.0
188,86,38.0,18.0
187,86,38.0,18.0
187,86,38.0,18.0
187,86,38.0,18.0
187,86,38.0,18.0
187,86,38.0,18.0
187,85,38.0,18.0
187,85,38.0,18.0
186,85,38.0,18.0
185,84,38.0,18.0
185,84,38.0,18.0
185,84,38.0,18.0
185,84,38.0,18.0
186,84,38.0,18.0
187,84,38.0,18.0
187,84,38.0,18.0
187,84,38.0,18.0
187,84,38.0,18.0
187,83,38.0,18.0
188,82,38.0,18.0
188,82,38.0,18.0
188,82,38.0,18.0
188,82,38.0,18.0
188,83,38.0,18.0
188,84,38.0,18.0
188,84,38.0,18.0
189,84,38.0,18.0
189,84,38.0,18.0
190,84,38.0,18.0
191,84,38.0,18.0
191,84,38.0,18.0
192,83,38.0,18.0
192,82,38.0,18.0
192,82,38.0,18.0
193,82,38.0,18.0
193,82,38.0,18.0
194,82,38.0,18.0
194,82,38.0,18.0
194,82,38.0,18.0
195,82,38.0,18.0
194,84,38.0,18.0
194,84,38.0,18.0
193,84,38.0,18.0
193,84,38.0,18.0
192,84,38.0,18.0
191,84,38.0,18.0
191,84,38.0,18.0
191,84,38.0,18.0
191,84,38.0,18.0
192,84,38.0,18.0
193,84,38.0,18.0
194,84,38.0,18.0
196,84,38.0,18.0
197,84,38.0,18.0
198,84,38.0,18.0
199,84,38.0,18.0
199,84,38.0,18.0
201,82,38.0,18.0
202,82,38.0,18.0
203,81,38.0,18.0
205,80,38.0,18.0
206,80,38.0,18.0
208,80,38.0,18.0
210,79,38.0,18.0
211,78,38.0,18.0
211,78,38.0,18.0
212,78,38.0,18.0
212,78,38.0,18.0
213,78,38.0,18.0
213,78,38.0,18.0
213,78,38.0,18.0
212,79,38.0,18.0
212,80,38.0,18.0
212,80,38.0,18.0
212,80,38.0,18.0
212,80,38.0,18.0
212,80,38.0,18.0
212,80,38.0,18.0
212,80,38.0,18.0
212,80,38.0,18.0
211,80,38.0,18.0
211,79,38.0,18.0
211,78,38.0,18.0
211,78,38.0,18.0
210,78,38.0,18.0
210,78,38.0,18.0
209,78,38.0,18.0
209,79,38.0,18.0
208,79,38.0,18.0
207,79,38.0,18.0
207,80,38.0,18.0
206,80,38.0,18.0
206,80,38.0,18.0
206,80,38.0,18.0
206,80,38.0,18.0
206,79,38.0,18.0
206,79,38.0,18.0
206,79,38.0,18.0
206,78,38.0,18.0
206,77,38.0,18.0
206,77,38.0,18.0
206,77,38.0,18.0
206,77,38.0,18.0
206,78,38.0,18.0
207,78,38.0,18.0
207,78,38.0,18.0
207,78,38.0,18.0
207,77,38.0,18.0
207,77,38.0,18.0
208,76,38.0,18.0
208,75,38.0,18.0
208,75,38.0,18.0
208,75,38.0,18.0
208,75,38.0,18.0
209,74,38.0,18.0
209,75,38.0,18.0
209,75,38.0,18.0
210,75,38.0,18.0
210,76,38.0,18.0
210,77,38.0,18.0
209,78,38.0,18.0
209,78,38.0,18.0
208,78,38.0,18.0
208,77,38.0,18.0
208,77,38.0,18.0
208,77,38.0,18.0
208,77,38.0,18.0
208,77,38.0,18.0
208,77,38.0,18.0
209,77,38.0,18.0
209,78,38.0,18.0
209,79,38.0,18.0
209,79,38.0,18.0
209,79,38.0,18.0
208,79,38.0,18.0
208,80,38.0,18.0
208,80,38.0,18.0
207,80,38.0,18.0
207,80,38.0,18.0
207,80,38.0,18.0
206,79,38.0,18.0
206,79,38.0,18.0
206,79,38.0,18.0
205,78,38.0,18.0
205,78,38.0,18.0
204,77,38.0,18.0
203,77,38.0,18.0
202,77,38.0,18.0
202,78,38.0,18.0
201,78,38.0,18.0
201,78,38.0,18.0
201,78,38.0,18.0
201,78,38.0,18.0
200,78,38.0,18.0
199,79,38.0,18.0
198,79,38.0,18.0
198,79,38.0,18.0
198,79,38.0,18.0
198,80,38.0,18.0
198,80,38.0,18.0
198,81,38.0,18.0
197,81,38.0,18.0
197,82,38.0,18.0
197,83,38.0,18.0
196,83,38.0,18.0
196,84,38.0,18.0
197,84,38.0,18.0
196,85,38.0,18.0
196,85,38.0,18.0
196,85,38.0,18.0
196,85,38.0,18.0
195,85,38.0,18.0
194,86,38.0,18.0
194,86,38.0,18.0
193,86,38.0,18.0
193,87,38.0,18.0
193,88,38.0,18.0
192,89,38.0,18.0
192,89,38.0,18.0
192,89,38.0,18.0
192,89,38.0,18.0
191,89,38.0,18.0
191,89,38.0,18.0
191,89,38.0,18.0
192,89,38.0,18.0
192,89,38.0,18.0
192,89,38.0,18.0
193,89,38.0,18.0
194,89,38.0,18.0
195,90,38.0,18.0
196,91,38.0,18.0
196,91,38.0,18.0
196,91,38.0,18.0
197,91,38.0,18.0
198,90,38.0,18.0
199,90,38.0,18.0
199,89,38.0,18.0
200,88,38.0,18.0
201,87,38.0,18.0
202,86,38.0,18.0
201,86,38.0,18.0
200,86,38.0,18.0
200,86,38.0,18.0
199,86,38.0,18.0
199,86,38.0,18.0
199,87,38.0,18.0
199,87,38.0,18.0
199,87,38.0,18.0
200,86,38.0,18.0
201,86,38.0,18.0
201,86,38.0,18.0
200,86,38.0,18.0
201,85,38.0,18.0
201,84,38.0,18.0
201,84,38.0,18.0
201,84,38.0,18.0
201,84,38.0,18.0
201,84,38.0,18.0
202,85,38.0,18.0
202,86,38.0,18.0
201,87,38.0,18.0
201,87,38.0,18.0
201,88,38.0,18.0
201,88,38.0,18.0
201,89,38.0,18.0
200,88,38.0,18.0
200,88,38.0,18.0
199,88,38.0,18.0
198,89,38.0,18.0
197,89,38.0,18.0
196,88,38.0,18.0
196,88,38.0,18.0
195,88,38.0,18.0
194,88,38.0,18.0
193,88,38.0,18.0
192,87,38.0,18.0
192,87,38.0,18.0
191,87,38.0,18.0
191,86,38.0,18.0
191,85,38.0,18.0
191,85,38.0,18.0
192,85,38.0,18.0
193,85,38.0,18.0
193,85,38.0,18.0
194,85,38.0,18.0
195,85,38.0,18.0
196,86,38.0,18.0
196,87,38.0,18.0
196,87,38.0,18.0
197,87,38.0,18.0
198,87,38.0,18.0
198,87,38.0,18.0
199,87,38.0,18.0
198,87,38.0,18.0
198,87,38.0,18.0
199,87,38.0,18.0
199,87,38.0,18.0
199,87,38.0,18.0
199,87,38.0,18.0
199,86,38.0,18.0
198,85,38.0,18.0
197,85,38.0,18.0
196,85,38.0,18.0
196,84,38.0,18.0
196,83,38.0,18.0
196,83,38.0,18.0
195,83,38.0,18.0
195,83,38.0,18.0
195,83,38.0,18.0
194,83,38.0,18.0
194,83,38.0,18.0
193,83,38.0,18.0
192,83,38.0,18.0
192,83,38.0,18.0
191,83,38.0,18.0
190,83,38.0,18.0
189,83,38.0,18.0
189,83,38.0,18.0
189,83,38.0,18.0
188,83,38.0,18.0
188,83,38.0,18.0
188,83,38.0,18.0
188,81,38.0,18.0
188,81,38.0,18.0
189,81,38.0,18.0
190,80,38.0,18.0
190,79,38.0,18.0
191,79,38.0,18.0
192,79,38.0,18.0
194,79,38.0,18.0
194,79,38.0,18.0
195,79,38.0,18.0
196,77,38.0,18.0
195,77,38.0,18.0
194,77,38.0,18.0
192,77,38.0,18.0
191,77,38.0,18.0
189,77,38.0,18.0
188,79,38.0,18.0
187,79,38.0,18.0
186,79,38.0,18.0
185,79,38.0,18.0
185,79,38.0,18.0
184,79,38.0,18.0
184,78,38.0,18.0
184,77,38.0,18.0
185,77,38.0,18.0
185,77,38.0,18.0
186,77,38.0,18.0
186,77,38.0,18.0
186,77,38.0,18.0
185,77,38.0,18.0
186,78,38.0,18.0
185,79,38.0,18.0
185,79,38.0,18.0
185,79,38.0,18.0
186,79,38.0,18.0
186,79,38.0,18.0
187,79,38.0,18.0
188,77,38.0,18.0
189,76,38.0,18.0
189,75,38.0,18.0
189,75,38.0,18.0
189,75,38.0,18.0
188,75,38.0,18.0
188,75,38.0,18.0
188,75,38.0,18.0
188,74,38.0,18.0
188,73,38.0,18.0
189,73,38.0,18.0
190,72,38.0,18.0
190,73,38.0,18.0
190,72,38.0,18.0
190,71,38.0,18.0
191,69,38.0,18.0
191,69,38.0,18.0
192,69,38.0,18.0
192,69,38.0,18.0
192,69,38.0,18.0
193,69,38.0,18.0
193,69,38.0,18.0
193,69,38.0,18.0
193,69,38.0,18.0
194,69,38.0,18.0
196,68,38.0,18.0
196,69,38.0,18.0
197,68,38.0,18.0
198,67,38.0,18.0
199,67,38.0,18.0
199,69,38.0,18.0
199,69,38.0,18.0
199,70,38.0,18.0
199,71,38.0,18.0
199,71,38.0,18.0
200,72,38.0,18.0
200,73,38.0,18.0
200,74,38.0,18.0
200,74,38.0,18.0
200,73,38.0,18.0
200,73,38.0,18.0
199,73,38.0,18.0
198,73,38.0,18.0
198,72,38.0,18.0
197,72,38.0,18.0
196,73,38.0,18.0
196,73,38.0,18.0
196,73,38.0,18.0
197,73,38.0,18.0
197,74,38.0,18.0
197,75,38.0,18.0
197,76,38.0,18.0
196,76,38.0,18.0
196,76,38.0,18.0
195,76,38.0,18.0
194,75,38.0,18.0
193,75,38.0,18.0
193,74,38.0,18.0
192,75,38.0,18.0
190,76,38.0,18.0
188,77,38.0,18.0
186,77,38.0,18.0
184,77,38.0,18.0
182,77,38.0,18.0
181,77,38.0,18.0
180,77,38.0,18.0
181,76,38.0,18.0
182,76,38.0,18.0
182,77,38.0,18.0
182,77,38.0,18.0
183,75,38.0,18.0
183,75,38.0,18.0
184,74,38.0,18.0
184,74,38.0,18.0
184,74,38.0,18.0
183,75,38.0,18.0
183,75,38.0,18.0
183,75,38.0,18.0
183,75,38.0,18.0
184,75,38.0,18.0
185,75,38.0,18.0
186,75,38.0,18.0
187,76,38.0,18.0
187,77,38.0,18.0
187,77,38.0,18.0
188,76,38.0,18.0
187,75,38.0,18.0
187,74,38.0,18.0
187,73,38.0,18.0
187,72,38.0,18.0
187,72,38.0,18.0
187,74,38.0,18.0
186,75,38.0,18.0
185,76,38.0,18.0
185,76,38.0,18.0
185,76,38.0,18.0
184,77,38.0,18.0
184,78,38.0,18.0
183,78,38.0,18.0
183,78,38.0,18.0
182,79,38.0,18.0
181,80,38.0,18.0
180,80,38.0,18.0
179,80,38.0,18.0
179,80,38.0,18.0
178,81,38.0,18.0
178,82,38.0,18.0
178,82,38.0,18.0
177,84,38.0,18.0
177,84,38.0,18.0
176,86,38.0,18.0
175,86,38.0,18.0
175,86,38.0,18.0
175,86,38.0,18.0
175,87,38.0,18.0
175,88,38.0,18.0
175,89,38.0,18.0
175,90,38.0,18.0
174,91,38.0,18.0
174,93,38.0,18.0
174,93,38.0,18.0
173,94,38.0,18.0
173,95,38.0,18.0
172,97,38.0,18.0
172,98,38.0,18.0
171,99,38.0,18.0
170,101,38.0,18.0
169,101,38.0,18.0
168,103,38.0,18.0
167,103,38.0,18.0
166,105,38.0,18.0
166,105,38.0,18.0
166,105,38.0,18.0
166,106,38.0,18.0
166,107,38.0,18.0
167,107,38.0,18.0
168,107,38.0,18.0
168,108,38.0,18.0
168,109,38.0,18.0
168,110,38.0,18.0
167,111,38.0,18.0
167,111,38.0,18.0
167,112,38.0,18.0
166,113,38.0,18.0
166,114,38.0,18.0
166,115,38.0,18.0
166,116,38.0,18.0
165,117,38.0,18.0
165,118,38.0,18.0
164,119,38.0,18.0
163,119,38.0,18.0
163,119,38.0,18.0
163,120,38.0,18.0
164,120,38.0,18.0
164,120,38.0,18.0
163,121,38.0,18.0
164,122,38.0,18.0
163,122,38.0,18.0
163,123,38.0,18.0
163,124,38.0,18.0
163,124,38.0,18.0
163,125,38.0,18.0
163,126,38.0,18.0
164,126,38.0,18.0
164,126,38.0,18.0
164,126,38.0,18.0
164,126,38.0,18.0
165,127,38.0,18.0
165,126,38.0,18.0
166,126,38.0,18.0
167,126,38.0,18.0
167,126,38.0,18.0
167,126,38.0,18.0
168,126,38.0,18.0
167,128,38.0,18.0
168,128,38.0,18.0
169,128,38.0,18.0
168,130,38.0,18.0
169,131,38.0,18.0
169,132,38.0,18.0
168,134,38.0,18.0
169,134,38.0,18.0
168,135,38.0,18.0
168,135,38.0,18.0
168,135,38.0,18.0
167,136,38.0,18.0
166,136,38.0,18.0
166,136,38.0,18.0
166,136,38.0,18.0
166,136,38.0,18.0
166,136,38.0,18.0
166,136,38.0,18.0
166,136,38.0,18.0
166,136,38.0,18.0
165,136,38.0,18.0
166,136,38.0,18.0
166,136,38.0,18.0
166,136,38.0,18.0
166,136,38.0,18.0
166,136,38.0,18.0
167,136,38.0,18.0
167,137,38.0,18.0
167,136,38.0,18.0
168,136,38.0,18.0
168,136,38.0,18.0
168,136,38.0,18.0
169,137,38.0,18.0
169,137,38.0,18.0
170,137,38.0,18.0
171,136,38.0,18.0
171,136,38.0,18.0
172,136,38.0,18.0
173,136,38.0,18.0
173,137,38.0,18.0
173,138,38.0,18.0
173,138,38.0,18.0
174,138,38.0,18.0
175,138,38.0,18.0
176,138,38.0,18.0
178,137,38.0,18.0
179,137,38.0,18.0
180,137,38.0,18.0
181,137,38.0,18.0
181,137,38.0,18.0
181,138,38.0,18.0
180,138,38.0,18.0
180,138,38.0,18.0
181,138,38.0,18.0
181,138,38.0,18.0
182,138,38.0,18.0
183,138,38.0,18.0
184,138,38.0,18.0
186,137,38.0,18.0
187,137,38.0,18.0
186,137,38.0,18.0
185,136,38.0,18.0
186,136,38.0,18.0
188,135,38.0,18.0
190,135,38.0,18.0
189,135,38.0,18.0
188,135,38.0,18.0
188,134,38.0,18.0
190,134,38.0,18.0
192,133,38.0,18.0
193,133,38.0,18.0
194,133,38.0,18.0
193,134,38.0,18.0
194,135,38.0,18.0
195,135,38.0,18.0
195,135,38.0,18.0
195,135,38.0,18.0
196,135,38.0,18.0
197,135,38.0,18.0
198,135,38.0,18.0
199,135,38.0,18.0
199,135,38.0,18.0
198,137,38.0,18.0
200,137,38.0,18.0
200,137,38.0,18.0
200,138,38.0,18.0
200,138,38.0,18.0
200,139,38.0,18.0
201,139,38.0,18.0
201,139,38.0,18.0
200,140,38.0,18.0
200,141,38.0,18.0
201,141,38.0,18.0
201,142,38.0,18.0
201,142,38.0,18.0
202,143,38.0,18.0
203,143,38.0,18.0
204,143,38.0,18.0
205,143,38.0,18.0
206,143,38.0,18.0
207,143,38.0,18.0
208,143,38.0,18.0
209,143,38.0,18.0
210,143,38.0,18.0
210,144,38.0,18.0
210,145,38.0,18.0
211,145,38.0,18.0
212,145,38.0,18.0
212,146,38.0,18.0
212,147,38.0,18.0
213,148,38.0,18.0
212,149,38.0,18.0
213,149,38.0,18.0
213,149,38.0,18.0
214,149,38.0,18.0
214,149,38.0,18.0
214,149,38.0,18.0
214,149,38.0,18.0
214,149,38.0,18.0
214,149,38.0,18.0
215,149,38.0,18.0
215,148,38.0,18.0
216,147,38.0,18.0
216,147,38.0,18.0
216,147,38.0,18.0
216,147,38.0,18.0
217,147,38.0,18.0
218,146,38.0,18.0
219,145,38.0,18.0
219,145,38.0,18.0
220,145,38.0,18.0
220,145,38.0,18.0
220,145,38.0,18.0
220,145,38.0,18.0
220,145,38.0,18.0
221,144,38.0,18.0
222,143,38.0,18.0
222,143,38.0,18.0
223,143,38.0,18.0
223,143,38.0,18.0
224,143,38.0,18.0
225,143,38.0,18.0
226,143,38.0,18.0
227,142,38.0,18.0
228,141,38.0,18.0
228,141,38.0,18.0
229,141,38.0,18.0
229,141,38.0,18.0
230,141,38.0,18.0
231,141,38.0,18.0
231,141,38.0,18.0
232,141,38.0,18.0
233,140,38.0,18.0
235,139,38.0,18.0
235,139,38.0,18.0
236,139,38.0,18.0
237,139,38.0,18.0
238,139,38.0,18.0
240,138,38.0,18.0
240,137,38.0,18.0
241,137,38.0,18.0
241,137,38.0,18.0
242,137,38.0,18.0
243,136,38.0,18.0
243,135,38.0,18.0
242,135,38.0,18.0
242,135,38.0,18.0
242,135,38.0,18.0
243,135,38.0,18.0
244,134,38.0,18.0
245,133,38.0,18.0
245,133,38.0,18.0
245,133,38.0,18.0
245,133,38.0,18.0
245,133,38.0,18.0
245,133,38.0,18.0
245,133,38.0,18.0
246,133,38.0,18.0
246,133,38.0,18.0
246,133,38.0,18.0
246,133,38.0,18.0
246,133,38.0,18.0
246,133,38.0,18.0
247,132,38.0,18.0
247,132,38.0,18.0
246,132,38.0,18.0
246,132,38.0,18.0
245,132,38.0,18.0
245,133,38.0,18.0
245,133,38.0,18.0
244,133,38.0,18.0
244,133,38.0,18.0
244,133,38.0,18.0
244,133,38.0,18.0
244,133,38.0,18.0
244,133,38.0,18.0
243,133,38.0,18.0
243,133,38.0,18.0
243,133,38.0,18.0
243,133,38.0,18.0
243,133,38.0,18.0
242,133,38.0,18.0
242,133,38.0,18.0
242,133,38.0,18.0
241,133,38.0,18.0
241,133,38.0,18.0
241,132,38.0,18.0
241,132,38.0,18.0
240,131,38.0,18.0
240,131,38.0,18.0
239,131,38.0,18.0
239,130,38.0,18.0
239,129,38.0,18.0
238,129,38.0,18.0
238,129,38.0,18.0
238,129,38.0,18.0
238,129,38.0,18.0
238,129,38.0,18.0
238,129,38.0,18.0
238,129,38.0,18.0
238,129,38.0,18.0
237,129,38.0,18.0
237,129,38.0,18.0
237,129,38.0,18.0
237,129,38.0,18.0
236,129,38.0,18.0
236,130,38.0,18.0
235,130,38.0,18.0
235,131,38.0,18.0
234,131,38.0,18.0
234,131,38.0,18.0
233,132,38.0,18.0
232,133,38.0,18.0
232,133,38.0,18.0
231,133,38.0,18.0
231,133,38.0,18.0
231,133,38.0,18.0
230,133,38.0,18.0
230,133,38.0,18.0
229,133,38.0,18.0
229,133,38.0,18.0
229,133,38.0,18.0
229,133,38.0,18.0
228,133,38.0,18.0
228,133,38.0,18.0
227,133,38.0,18.0
227,132,38.0,18.0
226,132,38.0,18.0
226,131,38.0,18.0
226,131,38.0,18.0
226,132,38.0,18.0
226,132,38.0,18.0
226,132,38.0,18.0
226,131,38.0,18.0
226,131,38.0,18.0
226,131,38.0,18.0
226,131,38.0,18.0
226,131,38.0,18.0
226,131,38.0,18.0
226,131,38.0,18.0
226,131,38.0,18.0
226,131,38.0,18.0
226,131,38.0,18.0
227,131,38.0,18.0
227,131,38.0,18.0
227,132,38.0,18.0
228,132,38.0,18.0
228,132,38.0,18.0
228,132,38.0,18.0
227,133,38.0,18.0
228,133,38.0,18.0
228,133,38.0,18.0
228,133,38.0,18.0
228,134,38.0,18.0
228,135,38.0,18.0
229,135,38.0,18.0
229,135,38.0,18.0
229,136,38.0,18.0
229,137,38.0,18.0
229,138,38.0,18.0
229,139,38.0,18.0
229,139,38.0,18.0
229,140,38.0,18.0
229,141,38.0,18.0
229,141,38.0,18.0
229,141,38.0,18.0
228,141,38.0,18.0
229,141,38.0,18.0
229,141,38.0,18.0
228,141,38.0,18.0
228,141,38.0,18.0
229,141,38.0,18.0
229,141,38.0,18.0
229,141,38.0,18.0
229,141,38.0,18.0
230,141,38.0,18.0
229,141,38.0,18.0
229,141,38.0,18.0
229,141,38.0,18.0
229,142,38.0,18.0
229,142,38.0,18.0
230,142,38.0,18.0
230,143,38.0,18.0
231,143,38.0,18.0
231,143,38.0,18.0
232,143,38.0,18.0
233,143,38.0,18.0
233,143,38.0,18.0
233,143,38.0,18.0
234,143,38.0,18.0
234,144,38.0,18.0
234,144,38.0,18.0
234,145,38.0,18.0
234,145,38.0,18.0
235,145,38.0,18.0
235,145,38.0,18.0
235,146,38.0,18.0
235,146,38.0,18.0
235,146,38.0,18.0
234,147,38.0,18.0
234,147,38.0,18.0
234,147,38.0,18.0
235,147,38.0,18.0
235,147,38.0,18.0
235,147,38.0,18.0
235,147,38.0,18.0
235,147,38.0,18.0
234,147,38.0,18.0
234,147,38.0,18.0
234,147,38.0,18.0
234,147,38.0,18.0
235,147,38.0,18.0
234,147,38.0,18.0
234,147,38.0,18.0
234,147,38.0,18.0
234,147,38.0,18.0
233,147,38.0,18.0
233,146,38.0,18.0
234,146,38.0,18.0
234,146,38.0,18.0
234,146,38.0,18.0
234,146,38.0,18.0
234,146,38.0,18.0
234,147,38.0,18.0
234,147,38.0,18.0
234,148,38.0,18.0
234,149,38.0,18.0
234,149,38.0,18.0
234,149,38.0,18.0
234,150,38.0,18.0
234,150,38.0,18.0
234,150,38.0,18.0
234,150,38.0,18.0
234,150,38.0,18.0
234,150,38.0,18.0
234,150,38.0,18.0
234,150,38.0,18.0
234,151,38.0,18.0
234,151,38.0,18.0
234,151,38.0,18.0
234,151,38.0,18.0
234,151,38.0,18.0
234,151,38.0,18.0
234,151,38.0,18.0
235,151,38.0,18.0
235,150,38.0,18.0
235,150,38.0,18.0
235,150,38.0,18.0
235,150,38.0,18.0
235,150,38.0,18.0
235,150,38.0,18.0
236,150,38.0,18.0
236,151,38.0,18.0
236,151,38.0,18.0
237,151,38.0,18.0
237,151,38.0,18.0
237,151,38.0,18.0
238,151,38.0,18.0
238,151,38.0,18.0
238,151,38.0,18.0
239,151,38.0,18.0
239,151,38.0,18.0
239,151,38.0,18.0
240,151,38.0,18.0
240,151,38.0,18.0
241,151,38.0,18.0
241,151,38.0,18.0
241,152,38.0,18.0
241,152,38.0,18.0
242,152,38.0,18.0
242,152,38.0,18.0
242,153,38.0,18.0
242,153,38.0,18.0
242,153,38.0,18.0
243,153,38.0,18.0
243,153,38.0,18.0
244,153,38.0,18.0
244,153,38.0,18.0
245,153,38.0,18.0
245,153,38.0,18.0
245,153,38.0,18.0
246,154,38.0,18.0
246,154,38.0,18.0
246,154,38.0,18.0
247,155,38.0,18.0
247,155,38.0,18.0
247,155,38.0,18.0
248,155,38.0,18.0
248,155,38.0,18.0
248,155,38.0,18.0
248,156,38.0,18.0
249,156,38.0,18.0
250,157,38.0,18.0
250,157,38.0,18.0
251,158,38.0,18.0
251,158,38.0,18.0
252,158,38.0,18.0
252,158,38.0,18.0
253,159,38.0,18.0
253,159,38.0,18.0
254,159,38.0,18.0
254,159,38.0,18.0
254,160,38.0,18.0
255,160,38.0,18.0
255,160,38.0,18.0
256,160,38.0,18.0
256,161,38.0,18.0
257,161,38.0,18.0
257,161,38.0,18.0
258,161,38.0,18.0
258,161,38.0,18.0
259,161,38.0,18.0
259,161,38.0,18.0
260,161,38.0,18.0
260,161,38.0,18.0
261,161,38.0,18.0
262,161,38.0,18.0
263,162,38.0,18.0
263,162,38.0,18.0
264,163,38.0,18.0
264,163,38.0,18.0
265,163,38.0,18.0
265,163,38.0,18.0
264,163,38.0,18.0
265,163,38.0,18.0
265,163,38.0,18.0
265,164,38.0,18.0
266,164,38.0,18.0
267,164,38.0,18.0
267,164,38.0,18.0
268,165,38.0,18.0
268,165,38.0,18.0
268,165,38.0,18.0
268,165,38.0,18.0
269,166,38.0,18.0
269,166,38.0,18.0
270,166,38.0,18.0
270,166,38.0,18.0
271,166,38.0,18.0
271,166,38.0,18.0
272,165,38.0,18.0
272,165,38.0,18.0
273,165,38.0,18.0
273,165,38.0,18.0
274,166,38.0,18.0
274,166,38.0,18.0
275,166,38.0,18.0
275,167,38.0,18.0
276,167,38.0,18.0
276,167,38.0,18.0
277,167,38.0,18.0
278,166,38.0,18.0
279,166,38.0,18.0
279,166,38.0,18.0
280,166,38.0,18.0
281,166,38.0,18.0
282,166,38.0,18.0
283,165,38.0,18.0
283,165,38.0,18.0
284,165,38.0,18.0
285,165,38.0,18.0
285,165,38.0,18.0
285,165,38.0,18.0
286,166,38.0,18.0
287,166,38.0,18.0
287,166,38.0,18.0
288,166,38.0,18.0
288,166,38.0,18.0
289,166,38.0,18.0
290,166,38.0,18.0
291,166,38.0,18.0
291,166,38.0,18.0
292,166,38.0,18.0
292,166,38.0,18.0
293,166,38.0,18.0
293,166,38.0,18.0
294,167,38.0,18.0
294,167,38.0,18.0
294,167,38.0,18.0
294,167,38.0,18.0
294,167,38.0,18.0
294,167,38.0,18.0
295,167,38.0,18.0
295,167,38.0,18.0
295,167,38.0,18.0
295,166,38.0,18.0
295,166,38.0,18.0
296,166,38.0,18.0
296,166,38.0,18.0
296,165,38.0,18.0
297,165,38.0,18.0
297,164,38.0,18.0
296,164,38.0,18.0
296,163,38.0,18.0
296,163,38.0,18.0
296,163,38.0,18.0
296,162,38.0,18.0
296,162,38.0,18.0
295,161,38.0,18.0
295,161,38.0,18.0
295,160,38.0,18.0
295,159,38.0,18.0
294,159,38.0,18.0
294,159,38.0,18.0
294,158,38.0,18.0
294,158,38.0,18.0
293,157,38.0,18.0
293,157,38.0,18.0
292,157,38.0,18.0
292,156,38.0,18.0
291,155,38.0,18.0
290,155,38.0,18.0
289,155,38.0,18.0
289,153,38.0,18.0
288,153,38.0,18.0
287,153,38.0,18.0
286,153,38.0,18.0
286,152,38.0,18.0
285,152,38.0,18.0
284,152,38.0,18.0
283,152,38.0,18.0
281,151,38.0,18.0
280,151,38.0,18.0
279,151,38.0,18.0
278,150,38.0,18.0
277,149,38.0,18.0
276,149,38.0,18.0
275,149,38.0,18.0
274,149,38.0,18.0
273,149,38.0,18.0
272,149,38.0,18.0
271,149,38.0,18.0
270,148,38.0,18.0
269,148,38.0,18.0
268,147,38.0,18.0
266,147,38.0,18.0
264,147,38.0,18.0
263,147,38.0,18.0
261,147,38.0,18.0
260,147,38.0,18.0
258,146,38.0,18.0
257,145,38.0,18.0
256,145,38.0,18.0
254,145,38.0,18.0
252,145,38.0,18.0
250,145,38.0,18.0
249,144,38.0,18.0
247,143,38.0,18.0
245,143,38.0,18.0
244,143,38.0,18.0
242,142,38.0,18.0
241,141,38.0,18.0
239,141,38.0,18.0
238,141,38.0,18.0
236,141,38.0,18.0
235,141,38.0,18.0
233,141,38.0,18.0
232,140,38.0,18.0
231,139,38.0,18.0
229,139,38.0,18.0
228,139,38.0,18.0
227,137,38.0,18.0
226,137,38.0,18.0
225,137,38.0,18.0
224,137,38.0,18.0
223,137,38.0,18.0
222,137,38.0,18.0
222,138,38.0,18.0
221,138,38.0,18.0
220,138,38.0,18.0
219,138,38.0,18.0
219,139,38.0,18.0
218,139,38.0,18.0
217,139,38.0,18.0
217,139,38.0,18.0
216,141,38.0,18.0
215,141,38.0,18.0
214,141,38.0,18.0
214,141,38.0,18.0
213,141,38.0,18.0
212,141,38.0,18.0
212,140,38.0,18.0
211,139,38.0,18.0
211,139,38.0,18.0
210,139,38.0,18.0
209,139,38.0,18.0
209,139,38.0,18.0
208,138,38.0,18.0
208,137,38.0,18.0
207,137,38.0,18.0
207,137,38.0,18.0
207,135,38.0,18.0
206,135,38.0,18.0
205,134,38.0,18.0
205,133,38.0,18.0
204,133,38.0,18.0
204,133,38.0,18.0
204,131,38.0,18.0
204,131,38.0,18.0
204,131,38.0,18.0
203,131,38.0,18.0
203,131,38.0,18.0
202,130,38.0,18.0
202,129,38.0,18.0
201,129,38.0,18.0
201,129,38.0,18.0
201,129,38.0,18.0
200,129,38.0,18.0
200,129,38.0,18.0
200,129,38.0,18.0
199,129,38.0,18.0
198,129,38.0,18.0
197,129,38.0,18.0
197,127,38.0,18.0
197,127,38.0,18.0
197,127,38.0,18.0
197,127,38.0,18.0
197,127,38.0,18.0
197,127,38.0,18.0
197,127,38.0,18.0
198,127,38.0,18.0
198,127,38.0,18.0
198,127,38.0,18.0
198,127,38.0,18.0
198,127,38.0,18.0
197,127,38.0,18.0
197,127,38.0,18.0
197,127,38.0,18.0
196,127,38.0,18.0
196,126,38.0,18.0
196,125,38.0,18.0
196,125,38.0,18.0
195,125,38.0,18.0
195,125,38.0,18.0
195,125,38.0,18.0
196,125,38.0,18.0
196,123,38.0,18.0
197,123,38.0,18.0
197,123,38.0,18.0
198,123,38.0,18.0
198,123,38.0,18.0
199,123,38.0,18.0
199,123,38.0,18.0
199,123,38.0,18.0
199,123,38.0,18.0
200,123,38.0,18.0
200,121,38.0,18.0
200,121,38.0,18.0
200,121,38.0,18.0
201,120,38.0,18.0
202,119,38.0,18.0
202,119,38.0,18.0
202,119,38.0,18.0
202,119,38.0,18.0
202,119,38.0,18.0
203,117,38.0,18.0
203,117,38.0,18.0
203,117,38.0,18.0
203,117,38.0,18.0
204,115,38.0,18.0
204,115,38.0,18.0
204,115,38.0,18.0
205,113,38.0,18.0
205,113,38.0,18.0
206,111,38.0,18.0
207,111,38.0,18.0
208,109,38.0,18.0
209,109,38.0,18.0
210,107,38.0,18.0
211,107,38.0,18.0
212,106,38.0,18.0
213,105,38.0,18.0
214,105,38.0,18.0
215,105,38.0,18.0
215,105,38.0,18.0
215,106,38.0,18.0
215,107,38.0,18.0
216,107,38.0,18.0
216,107,38.0,18.0
216,106,38.0,18.0
216,106,38.0,18.0
216,105,38.0,18.0
216,105,38.0,18.0
215,105,38.0,18.0
215,105,38.0,18.0
214,105,38.0,18.0
214,105,38.0,18.0
214,103,38.0,18.0
213,103,38.0,18.0
212,103,38.0,18.0
212,103,38.0,18.0
211,103,38.0,18.0
211,103,38.0,18.0
211,103,38.0,18.0
211,103,38.0,18.0
211,103,38.0,18.0
211,104,38.0,18.0
211,105,38.0,18.0
210,105,38.0,18.0
210,105,38.0,18.0
209,105,38.0,18.0
209,105,38.0,18.0
208,105,38.0,18.0
208,107,38.0,18.0
207,107,38.0,18.0
206,109,38.0,18.0
205,110,38.0,18.0
205,111,38.0,18.0
204,112,38.0,18.0
204,113,38.0,18.0
204,113,38.0,18.0
204,112,38.0,18.0
204,112,38.0,18.0
203,112,38.0,18.0
203,112,38.0,18.0
203,112,38.0,18.0
203,112,38.0,18.0
204,112,38.0,18.0
204,112,38.0,18.0
204,112,38.0,18.0
204,112,38.0,18.0
204,112,38.0,18.0
204,112,38.0,18.0
203,112,38.0,18.0
203,111,38.0,18.0
204,111,38.0,18.0
204,110,38.0,18.0
204,110,38.0,18.0
204,110,38.0,18.0
204,110,38.0,18.0
204,110,38.0,18.0
203,110,38.0,18.0
203,110,38.0,18.0
202,110,38.0,18.0
202,110,38.0,18.0
201,110,38.0,18.0
201,110,38.0,18.0
201,110,38.0,18.0
201,110,38.0,18.0
201,110,38.0,18.0
201,110,38.0,18.0
201,109,38.0,18.0
201,109,38.0,18.0
201,108,38.0,18.0
201,108,38.0,18.0
202,107,38.0,18.0
202,107,38.0,18.0
202,106,38.0,18.0
202,106,38.0,18.0
202,106,38.0,18.0
202,107,38.0,18.0
201,107,38.0,18.0
201,107,38.0,18.0
201,106,38.0,18.0
201,106,38.0,18.0
202,104,38.0,18.0
202,104,38.0,18.0
202,104,38.0,18.0
202,104,38.0,18.0
201,104,38.0,18.0
201,104,38.0,18.0
201,104,38.0,18.0
201,104,38.0,18.0
201,104,38.0,18.0
201,104,38.0,18.0
200,106,38.0,18.0
200,106,38.0,18.0
200,107,38.0,18.0
199,108,38.0,18.0
199,108,38.0,18.0
199,109,38.0,18.0
198,110,38.0,18.0
198,110,38.0,18.0
197,110,38.0,18.0
197,110,38.0,18.0
197,111,38.0,18.0
196,112,38.0,18.0
196,112,38.0,18.0
196,112,38.0,18.0
196,112,38.0,18.0
196,112,38.0,18.0
196,112,38.0,18.0
196,112,38.0,18.0
196,112,38.0,18.0
196,112,38.0,18.0
196,112,38.0,18.0
196,112,38.0,18.0
196,112,38.0,18.0
196,113,38.0,18.0
196,113,38.0,18.0
196,112,38.0,18.0
197,112,38.0,18.0
197,111,38.0,18.0
197,111,38.0,18.0
198,110,38.0,18.0
198,110,38.0,18.0
199,109,38.0,18.0
199,109,38.0,18.0
199,109,38.0,18.0
199,108,38.0,18.0
199,108,38.0,18.0
200,107,38.0,18.0
199,106,38.0,18.0
198,107,38.0,18.0
199,107,38.0,18.0
200,108,38.0,18.0
200,110,38.0,18.0
201,111,38.0,18.0
201,111,38.0,18.0
203,111,38.0,18.0
205,111,38.0,18.0
206,110,38.0,18.0
207,110,38.0,18.0
208,110,38.0,18.0
209,111,38.0,18.0
211,112,38.0,18.0
213,112,38.0,18.0
213,113,38.0,18.0
214,113,38.0,18.0
215,114,38.0,18.0
216,114,38.0,18.0
216,115,38.0,18.0
216,116,38.0,18.0
215,116,38.0,18.0
215,115,38.0,18.0
214,114,38.0,18.0
213,114,38.0,18.0
212,114,38.0,18.0
211,114,38.0,18.0
211,114,38.0,18.0
211,113,38.0,18.0
212,112,38.0,18.0
212,112,38.0,18.0
213,111,38.0,18.0
214,110,38.0,18.0
214,110,38.0,18.0
214,111,38.0,18.0
215,112,38.0,18.0
215,112,38.0,18.0
216,112,38.0,18.0
215,112,38.0,18.0
214,114,38.0,18.0
215,114,38.0,18.0
215,114,38.0,18.0
216,116,38.0,18.0
216,117,38.0,18.0
216,119,38.0,18.0
215,119,38.0,18.0
215,120,38.0,18.0
214,120,38.0,18.0
214,121,38.0,18.0
214,121,38.0,18.0
214,120,38.0,18.0
215,121,38.0,18.0
215,121,38.0,18.0
216,121,38.0,18.0
217,121,38.0,18.0
218,121,38.0,18.0
218,121,38.0,18.0
217,120,38.0,18.0
216,119,38.0,18.0
216,119,38.0,18.0
216,119,38.0,18.0
216,119,38.0,18.0
216,119,38.0,18.0
216,117,38.0,18.0
216,117,38.0,18.0
216,115,38.0,18.0
215,115,38.0,18.0
215,115,38.0,18.0
215,115,38.0,18.0
215,115,38.0,18.0
215,115,38.0,18.0
216,116,38.0,18.0
216,117,38.0,18.0
217,117,38.0,18.0
218,117,38.0,18.0
219,117,38.0,18.0
219,117,38.0,18.0
220,117,38.0,18.0
221,117,38.0,18.0
220,117,38.0,18.0
222,118,38.0,18.0
222,118,38.0,18.0
221,118,38.0,18.0
223,116,38.0,18.0
223,116,38.0,18.0
223,116,38.0,18.0
224,115,38.0,18.0
224,114,38.0,18.0
225,114,38.0,18.0
226,114,38.0,18.0
226,114,38.0,18.0
225,114,38.0,18.0
227,112,38.0,18.0
227,112,38.0,18.0
228,111,38.0,18.0
229,112,38.0,18.0
231,112,38.0,18.0
233,111,38.0,18.0
236,110,38.0,18.0
237,110,38.0,18.0
238,110,38.0,18.0
239,110,38.0,18.0
241,108,38.0,18.0
241,108,38.0,18.0
241,108,38.0,18.0
240,108,38.0,18.0
238,108,38.0,18.0
239,106,38.0,18.0
239,106,38.0,18.0
239,106,38.0,18.0
240,106,38.0,18.0
241,104,38.0,18.0
242,104,38.0,18.0
243,103,38.0,18.0
242,103,38.0,18.0
243,103,38.0,18.0
242,103,38.0,18.0
243,103,38.0,18.0
243,104,38.0,18.0
243,104,38.0,18.0
243,104,38.0,18.0
242,105,38.0,18.0
242,105,38.0,18.0
241,107,38.0,18.0
242,108,38.0,18.0
243,108,38.0,18.0
244,108,38.0,18.0
244,108,38.0,18.0
244,108,38.0,18.0
244,107,38.0,18.0
244,106,38.0,18.0
244,106,38.0,18.0
243,107,38.0,18.0
242,106,38.0,18.0
242,106,38.0,18.0
241,106,38.0,18.0
241,106,38.0,18.0
242,106,38.0,18.0
242,106,38.0,18.0
243,106,38.0,18.0
243,107,38.0,18.0
243,108,38.0,18.0
241,110,38.0,18.0
239,112,38.0,18.0
236,113,38.0,18.0
232,113,38.0,18.0
229,113,38.0,18.0
226,113,38.0,18.0
224,112,38.0,18.0
223,112,38.0,18.0
222,111,38.0,18.0
221,111,38.0,18.0
220,112,38.0,18.0
220,112,38.0,18.0
219,112,38.0,18.0
219,112,38.0,18.0
218,112,38.0,18.0
217,112,38.0,18.0
216,112,38.0,18.0
214,112,38.0,18.0
212,113,38.0,18.0
210,114,38.0,18.0
208,114,38.0,18.0
206,115,38.0,18.0
206,116,38.0,18.0
206,117,38.0,18.0
205,117,38.0,18.0
205,117,38.0,18.0
205,116,38.0,18.0
205,114,38.0,18.0
205,112,38.0,18.0
205,108,38.0,18.0
205,104,38.0,18.0
204,100,38.0,18.0
203,97,38.0,18.0
201,94,38.0,18.0
199,91,38.0,18.0
198,88,38.0,18.0
198,86,38.0,18.0
198,85,38.0,18.0
199,84,38.0,18.0
201,83,38.0,18.0
202,83,38.0,18.0
204,85,38.0,18.0
205,87,38.0,18.0
207,89,38.0,18.0
209,91,38.0,18.0
212,93,38.0,18.0
214,94,38.0,18.0
215,96,38.0,18.0
215,97,38.0,18.0
216,96,38.0,18.0
216,93,38.0,18.0
216,90,38.0,18.0
215,89,38.0,18.0
215,87,38.0,18.0
216,85,38.0,18.0
217,83,38.0,18.0
220,83,38.0,18.0
222,83,38.0,18.0
224,82,38.0,18.0
225,83,38.0,18.0
224,86,38.0,18.0
222,88,38.0,18.0
219,89,38.0,18.0
217,91,38.0,18.0
215,94,38.0,18.0
214,96,38.0,18.0
212,98,38.0,18.0
212,100,38.0,18.0
213,101,38.0,18.0
214,99,38.0,18.0
216,98,38.0,18.0
217,97,38.0,18.0
218,95,38.0,18.0
219,91,38.0,18.0
218,89,38.0,18.0
216,89,38.0,18.0
213,89,38.0,18.0
213,89,38.0,18.0
212,89,38.0,18.0
212,89,38.0,18.0
212,89,38.0,18.0
211,89,38.0,18.0
211,89,38.0,18.0
211,91,38.0,18.0
211,91,38.0,18.0
212,93,38.0,18.0
212,94,38.0,18.0
214,95,38.0,18.0
215,95,38.0,18.0
216,95,38.0,18.0
216,97,38.0,18.0
216,97,38.0,18.0
217,95,38.0,18.0
219,95,38.0,18.0
219,96,38.0,18.0
219,99,38.0,18.0
219,101,38.0,18.0
220,101,38.0,18.0
219,101,38.0,18.0
218,102,38.0,18.0
217,102,38.0,18.0
216,102,38.0,18.0
216,101,38.0,18.0
217,101,38.0,18.0
217,100,38.0,18.0
219,99,38.0,18.0
221,98,38.0,18.0
225,97,38.0,18.0
229,96,38.0,18.0
233,95,38.0,18.0
237,94,38.0,18.0
240,94,38.0,18.0
243,93,38.0,18.0
245,94,38.0,18.0
246,94,38.0,18.0
247,94,38.0,18.0
248,94,38.0,18.0
248,95,38.0,18.0
248,98,38.0,18.0
247,100,38.0,18.0
248,100,38.0,18.0
248,101,38.0,18.0
249,102,38.0,18.0
250,102,38.0,18.0
251,102,38.0,18.0
252,101,38.0,18.0
254,100,38.0,18.0
254,100,38.0,18.0
253,100,38.0,18.0
252,100,38.0,18.0
251,100,38.0,18.0
249,99,38.0,18.0
249,100,38.0,18.0
248,102,38.0,18.0
248,102,38.0,18.0
248,102,38.0,18.0
247,102,38.0,18.0
247,102,38.0,18.0
246,101,38.0,18.0
247,100,38.0,18.0
247,99,38.0,18.0
248,97,38.0,18.0
251,96,38.0,18.0
251,95,38.0,18.0
255,94,38.0,18.0
254,93,38.0,18.0
255,93,38.0,18.0
257,92,38.0,18.0
257,92,38.0,18.0
256,91,38.0,18.0
255,91,38.0,18.0
255,91,38.0,18.0
257,90,38.0,18.0
256,89,38.0,18.0
257,89,38.0,18.0
257,89,38.0,18.0
258,90,38.0,18.0
259,90,38.0,18.0
258,88,38.0,18.0
262,87,38.0,18.0
263,86,38.0,18.0
264,86,38.0,18.0
265,86,38.0,18.0
264,86,38.0,18.0
264,86,38.0,18.0
263,86,38.0,18.0
261,86,38.0,18.0
263,85,38.0,18.0
260,85,38.0,18.0
261,87,38.0,18.0
259,87,38.0,18.0
259,87,38.0,18.0
258,87,38.0,18.0
259,87,38.0,18.0
259,87,38.0,18.0
259,87,38.0,18.0
261,87,38.0,18.0
264,87,38.0,18.0
267,87,38.0,18.0
268,87,38.0,18.0
271,88,38.0,18.0
275,88,38.0,18.0
278,89,38.0,18.0
281,89,38.0,18.0
283,88,38.0,18.0
284,88,38.0,18.0
286,85,38.0,18.0
289,83,38.0,18.0
290,83,38.0,18.0
291,81,38.0,18.0
293,81,38.0,18.0
295,80,38.0,18.0
295,80,38.0,18.0
295,80,38.0,18.0
295,80,38.0,18.0
295,80,38.0,18.0
295,80,38.0,18.0
296,80,38.0,18.0
297,80,38.0,18.0
299,80,38.0,18.0
300,80,38.0,18.0
301,80,38.0,18.0
301,81,38.0,18.0
299,81,38.0,18.0
297,83,38.0,18.0
295,83,38.0,18.0
292,83,38.0,18.0
289,83,38.0,18.0
286,82,38.0,18.0
285,82,38.0,18.0
284,85,38.0,18.0
282,84,38.0,18.0
282,87,38.0,18.0
282,86,38.0,18.0
285,86,38.0,18.0
283,88,38.0,18.0
286,88,38.0,18.0
285,90,38.0,18.0
288,90,38.0,18.0
286,92,38.0,18.0
286,94,38.0,18.0
288,95,38.0,18.0
288,95,38.0,18.0
286,98,38.0,18.0
287,97,38.0,18.0
288,96,38.0,18.0
288,96,38.0,18.0
286,97,38.0,18.0
288,95,38.0,18.0
287,95,38.0,18.0
288,93,38.0,18.0
286,93,38.0,18.0
287,91,38.0,18.0
287,89,38.0,18.0
285,88,38.0,18.0
285,86,38.0,18.0
285,84,38.0,18.0
285,83,38.0,18.0
285,82,38.0,18.0
285,80,38.0,18.0
286,79,38.0,18.0
286,78,38.0,18.0
286,77,38.0,18.0
286,76,38.0,18.0
286,76,38.0,18.0
286,76,38.0,18.0
286,76,38.0,18.0
286,76,38.0,18.0
286,76,38.0,18.0
286,76,38.0,18.0
285,75,38.0,18.0
284,74,38.0,18.0
284,74,38.0,18.0
284,74,38.0,18.0
