163.19,53.132,206.47,52.967,207.13,227.57,163.86,227.73
163.47,51.923,207.65,52.057,207.11,230.52,162.93,230.38
165.15,53.055,210.67,53.057,210.66,229.02,165.14,229.02
169.41,49.309,212.64,50.059,209.53,229.21,166.3,228.46
171.56,51.46,214.21,52.222,211.06,228.23,168.42,227.46
171.67,53.201,215.85,54.203,211.89,228.99,167.7,227.98
171.15,50.056,211.71,50.127,211.4,227.49,170.84,227.42
171.22,51.484,212.57,51.631,211.93,231.3,170.58,231.16
170.39,49.242,208.96,49.179,209.25,228.31,170.68,228.38
169.78,47.636,209.43,47.545,209.85,230.03,170.2,230.12
166.03,48.876,203.38,48.059,207.33,228.46,169.97,229.27
167.11,50.065,203.97,49.726,205.61,228.31,168.75,228.65
160.94,48.069,198.64,47.372,201.96,226.76,164.25,227.45
164.11,48.729,199.36,48.427,200.9,228.44,165.65,228.74
156.78,48.068,194.59,47.344,197.97,223.96,160.16,224.68
155.1,47.456,190.93,45.97,198.37,225.29,162.53,226.78
155.42,46.323,189.3,46.003,190.99,225.22,157.11,225.54
152.83,48.176,188.15,47.363,192.23,224.3,156.91,225.11
148.06,50.95,183.91,48.946,193.64,222.9,157.78,224.91
152.36,49.059,186.95,48.569,189.42,222.87,154.83,223.36
153.57,48.498,189.73,49.168,186.51,222.55,150.35,221.88
154.13,50.214,190.72,51.954,182.59,222.8,146,221.06
153.09,50.356,187.93,51.058,184.5,221.35,149.66,220.65
150.05,52.809,183.57,52.154,186.88,221.5,153.36,222.16
152.94,52.495,187.04,53.48,182.22,220.48,148.11,219.49
150.56,54.892,185.34,54.986,184.9,219.37,150.11,219.28
152.81,54.131,187.97,55.349,182.22,221.23,147.07,220.01
154.31,52.696,189.67,54.358,181.8,221.91,146.44,220.25
154.09,54.941,195.09,56.476,188.92,221.4,147.92,219.87
153.25,53.399,195.76,54.346,192.05,221.03,149.54,220.08
158.48,53.879,194.97,57.973,176.59,221.88,140.09,217.78
158.5,56.006,194.68,60.469,174.77,221.82,138.59,217.36
160.09,56.577,196.58,62.294,171.57,221.91,135.08,216.2
158.05,55.563,195.38,60.592,173.69,221.52,136.37,216.49
159.77,59.436,195.79,64.601,173.35,221.15,137.32,215.99
159.01,57.732,195.88,63.01,173.13,221.95,136.25,216.67
161.52,59.153,195.63,64.052,173.03,221.43,138.92,216.53
163.62,59.368,196.08,64.43,171.66,221.04,139.2,215.98
163.51,57.777,196.71,63.201,170.74,222.14,137.55,216.71
163.61,58.535,196.43,63.884,170.76,221.45,137.93,216.1
169.48,60.472,198.01,66.839,163.76,220.33,135.22,213.96
166.62,58.56,197.11,64.622,165.84,221.86,135.35,215.8
172.08,62.99,199.21,69.828,161.15,220.78,134.03,213.94
170.91,61.345,200.01,68.31,163.63,220.28,134.54,213.31
174.25,61.969,201.06,69.08,160.7,221.24,133.89,214.13
174.73,61.811,201.82,68.949,161.82,220.83,134.72,213.69
175.46,65.418,200.3,71.982,160.98,220.77,136.14,214.2
173.64,65.509,198.76,71.838,161.31,220.51,136.19,214.18
175.03,66.508,199.91,72.502,164.2,220.76,139.32,214.77
175.81,65.854,202.78,72.758,164.57,222.02,137.6,215.12
177.65,67.144,202.93,72.842,169.15,222.71,143.87,217.01
178.43,66.409,204.13,72.741,167.25,222.36,141.56,216.03
178.21,67.111,201.52,72.034,169.66,222.81,146.36,217.88
176.68,66.085,202.87,71.594,170.87,223.72,144.68,218.21
172.96,69.371,197.95,72.407,179.48,224.58,154.48,221.54
172.78,66.502,198.64,69.627,179.89,224.81,154.02,221.69
166.93,65.583,198.23,67.248,189.82,225.22,158.52,223.56
163.58,66.571,193.58,66.894,191.89,224.32,161.88,224
167.82,63.887,202.98,64.541,199.97,226.5,164.82,225.85
167.16,65.431,202.43,65.638,201.49,225.21,166.22,225.01
164.5,65.14,203.66,63.608,210,225.55,170.84,227.09
165.7,65.228,208.47,64.709,210.44,226.76,167.67,227.28
165.91,65.78,210.82,64.443,215.69,228.06,170.78,229.4
165.91,64.977,212.2,62.943,219.41,227.11,173.12,229.14
169.03,65.096,215.57,62.939,223.24,228.32,176.7,230.47
167.59,66.528,216.62,63.376,227.15,227.23,178.12,230.38
166.88,69.371,214.94,63.953,233.42,227.88,185.36,233.3
169.84,66.65,222.07,62.395,235.55,227.87,183.32,232.13
167.94,68.037,217.35,60.9,241.27,226.5,191.86,233.64
168.79,69.139,218.42,61.903,242.44,226.63,192.81,233.87
175.86,67.325,223.53,60.733,246.8,229.04,199.13,235.63
176.08,70.401,224.6,63.781,247.17,229.23,198.66,235.85
182.22,69.946,229.85,63.585,252.26,231.36,204.63,237.72
182.75,69.522,230.09,63.188,252.65,231.81,205.31,238.14
188.01,66.362,234.26,59.911,258.38,232.85,212.13,239.3
187.52,66.713,234.2,60.218,258.32,233.54,211.64,240.04
190.82,68.394,238.78,61.221,264.56,233.55,216.6,240.72
192.88,68.54,240.37,61.845,264.53,233.26,217.05,239.96
201.39,63.554,244.39,57.453,269.34,233.33,226.34,239.43
201.84,67.993,245.46,61.955,269.23,233.67,225.6,239.71
206.71,61.77,249.5,56.004,273.14,231.43,230.35,237.2
207.53,59.669,247.66,53.843,273.49,231.76,233.36,237.59
214.04,52.044,254.02,47.572,274.67,232.15,234.68,236.63
214.02,53.456,254.98,49.237,273.7,231.03,232.74,235.25
214.27,51.698,253.13,47.117,274.62,229.48,235.76,234.06
214.04,53.055,253.35,48.378,274.98,230.19,235.67,234.87
217.48,49.692,257.27,46.428,272.38,230.63,232.59,233.89
216.67,48.117,256.45,44.646,272.6,229.73,232.81,233.2
217.1,51.474,257.08,48.37,271.1,228.91,231.12,232.02
217.77,52.189,257.78,49.218,271.15,229.35,231.15,232.32
215.98,51.992,257.78,49.486,268.57,229.47,226.77,231.98
219,53.316,261.25,52.051,266.59,230.33,224.33,231.59
214.57,58.945,260.69,57.462,266.22,229.26,220.1,230.74
212.89,60.037,259.37,58.087,266.54,229.22,220.07,231.17
215.37,66.123,266.14,67.081,263.08,229.12,212.31,228.16
217.88,64.221,268.12,65.557,263.77,229.26,213.53,227.92
220.66,70.801,277.44,78.212,257.3,232.51,200.52,225.1
219.29,71.653,277.92,79.4,257.53,233.71,198.9,225.96
225.1,75.79,290.21,95.569,249.44,229.75,184.34,209.97
230.53,75.515,293.51,97.801,246.69,230.08,183.72,207.8
235.23,81.055,297.44,110.84,245.46,219.43,183.24,189.65
243.68,80.616,302.6,112.52,243.68,221.33,184.76,189.42
244.75,86.344,303.86,123.05,243.23,220.68,184.12,183.97
244.45,87.226,303.76,124.09,243.59,220.88,184.29,184.02
231.95,87.069,305.86,125.58,254.54,224.07,180.63,185.56
261.38,95.826,307.72,145.39,220.51,226.93,174.17,177.37
262.58,99.99,306.78,151.36,219.82,226.18,175.62,174.81
265.24,99.309,307.85,154.77,216.7,224.79,174.09,169.32
183.92,119.26,273.62,106.43,285.52,189.7,195.82,202.52
197.89,99.581,274.39,99.021,275.12,199.53,198.62,200.09
218.66,92.43,279.99,103.76,260.59,208.78,199.26,197.45
209.64,94.703,272.04,98.577,265.22,208.35,202.82,204.48
213.85,95.172,267.38,94.797,268.17,207.58,214.64,207.95
205.82,97.378,263.28,93.347,270.81,200.75,213.35,204.78
198.94,97.156,257.53,88.771,273.11,197.67,214.53,206.05
206.65,94.543,253.12,87.523,269.54,196.2,223.07,203.22
199.16,96.533,242.6,85.038,276.31,212.44,232.87,223.94
195.19,97.327,231.27,83.246,282.79,215.26,246.71,229.34
188.01,96.098,221.22,78.54,292.6,213.55,259.39,231.1
179.42,98.1,223.25,73.191,297.54,203.92,253.7,228.83
183.4,81.52,242.62,66.276,270.94,176.29,211.72,191.53
172.33,81.904,213.15,63.414,276.39,203.01,235.57,221.5
167.89,63.269,201.43,49.993,261.35,201.37,227.81,214.64
147.6,67.511,185.84,43.256,259.16,158.85,220.92,183.11
143.45,56.24,178.97,35.643,250.65,159.24,215.13,179.84
145.69,38.426,183.41,22.721,242.62,164.91,204.9,180.61
142.72,30.58,190.31,17.646,231.18,168.01,183.59,180.94
144,30.77,178.84,16.24,237.98,158.04,203.15,172.58
144,25.948,175.07,13.344,233.04,156.25,201.98,168.86
140.02,21.761,173.21,9.5083,227.44,156.41,194.25,168.66
126.76,26.045,164.26,7.491,234.73,149.94,197.23,168.49
139.82,16.084,167.07,6.5868,219.91,158.17,192.66,167.66
138.48,14.693,173.61,2.9422,226.06,159.75,190.93,171.5
139.13,21.236,177.55,6.9941,233.91,159.04,195.49,173.28
148.86,15.452,175.72,7.4084,223.22,166.06,196.36,174.11
149.84,20.284,185.15,8.975,234.36,162.63,199.05,173.94
154.77,22.494,192.88,13.028,232.21,171.37,194.1,180.84
162.21,20.989,188.93,13.583,235.81,182.74,209.09,190.15
168.36,30.87,205.15,22.764,241.09,185.87,204.3,193.97
169.48,32.648,209.53,22.51,252.1,190.69,212.05,200.82
182.06,40.113,219.23,31.144,259.79,199.22,222.63,208.19
187.66,46.995,228.8,36.178,272.09,200.81,230.95,211.62
195.68,59.197,237.95,50.378,271.49,211.14,229.22,219.96
204.3,67.032,243.52,58.725,275.85,211.38,236.63,219.69
208.48,67.036,250.5,57.419,285.5,210.29,243.48,219.91
215.4,66.966,254.27,57.973,289.75,211.35,250.87,220.34
220.26,68.173,267.75,60.988,290.35,210.34,242.86,217.52
225.37,70.985,263.04,60.473,302.1,200.44,264.44,210.95
232.79,71.162,275.81,64.538,296.93,201.7,253.91,208.32
237.28,71.252,275.18,63.444,305.67,211.45,267.77,219.26
237.91,75.505,269.84,66.73,307.41,203.44,275.48,212.21
230.45,80.256,264.49,66.005,321.62,202.45,287.58,216.7
234.2,97.916,270.15,80.172,327.23,195.8,291.28,213.54
234.43,99.254,277.69,80.653,320.17,179.46,276.91,198.06
261.62,83.76,312.86,93.693,293.75,192.26,242.51,182.33
259.59,77.61,308.7,85.801,290.41,195.43,241.3,187.24
240.29,88.121,278.04,79.975,306.59,212.31,268.84,220.45
242.23,86.464,279.45,79.497,304.49,213.29,267.27,220.25
249.54,86.023,302.45,85.622,303.18,182.04,250.27,182.44
230.68,94.852,272.32,79.084,312.52,185.23,270.88,201
254.94,81.407,297.14,85.258,287.61,189.59,245.41,185.74
238.91,86.114,272.46,80.503,291.41,193.8,257.85,199.41
246.99,80.689,284.99,79.923,287.11,185.37,249.12,186.13
240.28,77.947,283.13,77.72,283.67,180.62,240.83,180.85
233.1,79.089,280.71,80.638,277.63,175.26,230.02,173.71
235.11,75.683,271.49,73.148,279.75,191.61,243.36,194.14
228.14,68.1,270.82,67.245,273.34,192.99,230.66,193.85
226.6,65.483,262.82,63.653,270.57,217.13,234.35,218.96
219.92,60.897,259.48,59.97,263.21,218.8,223.64,219.73
216.72,56.119,255.14,56.015,255.6,222.32,217.17,222.43
215.17,51.68,254.34,54.154,243.92,219.23,204.75,216.76
203.19,46.252,252.8,49.465,241.74,220.36,192.13,217.15
202.19,51.369,245.29,55.926,228.14,218.13,185.04,213.57
198.86,49.296,240.31,53.219,224.43,221.05,182.98,217.12
198.22,48.291,240.88,53.135,221.4,224.62,178.75,219.77
193.99,51.931,236.34,55.624,221.52,225.6,179.17,221.91
192.55,51.869,234.01,55.465,219.18,226.48,177.72,222.88
188.97,56.152,233.94,59.428,221.65,228.09,176.68,224.81
184.57,61.209,234.65,64.416,224.08,229.39,174.01,226.18
183.03,65.66,235.97,69.061,225.53,231.48,172.59,228.08
183.49,68.998,237.76,74.086,222.98,231.75,168.71,226.66
187.97,69.982,243.64,78.732,219.13,234.68,163.46,225.93
180.16,74.044,236.51,79.709,221.11,232.96,164.75,227.29
186.47,77.997,243.66,87.735,218.13,237.69,160.94,227.95
194.12,80.245,251.98,96.997,209.28,244.43,151.43,227.68
201,77.105,257.2,97.599,201.56,250.17,145.36,229.68
199.45,76.884,254.15,95.148,206.95,236.47,152.26,218.2
203.75,76.632,257.66,96.479,205.55,238.02,151.64,218.18
205.78,75.633,262.49,98.188,206.56,238.81,149.85,216.26
210.4,75.247,266.36,99.048,206.65,239.45,150.69,215.65
229.44,77.115,275.24,101.74,201.12,239.58,155.32,214.95
243.89,78.046,284.55,103.94,197.88,240.06,157.22,214.17
247.45,78.623,283.02,101.35,195.7,238.01,160.13,215.29
250.79,78.904,286.78,103.75,191.05,242.43,155.05,217.59
251.02,77.957,284.51,100.15,193.31,237.8,159.81,215.61
249.75,77.604,281.85,97.899,195.14,235.04,163.04,214.74
252.3,76.6,286.21,98.979,196.72,234.59,162.81,212.21
233.65,77.026,274.32,95.186,208.49,242.6,167.82,224.44
231.47,75.195,274.25,92.17,215.64,239.87,172.87,222.9
232.19,74.476,276.57,92.377,214.8,245.49,170.42,227.59
224.71,74.181,273.99,90.472,223.15,244.3,173.86,228.01
230.97,75.938,276.09,93.056,221.08,238.08,175.95,220.96
216.03,76.406,275.16,90.536,240.8,234.35,181.66,220.22
216.48,76.929,276.68,90.729,244.36,231.71,184.17,217.91
221.7,76.525,284.78,92.852,250.58,224.96,187.5,208.64
209.64,75.08,282.14,86.751,259.08,229.99,186.58,218.32
273.39,75.771,297.3,96.352,177.9,235.05,154,214.47
276.74,76.794,301.74,98.372,179.51,240.02,154.51,218.44
279.56,74.885,302.98,92.775,186.79,244.86,163.37,226.97
286.15,73.038,318.35,99.027,197.54,248.72,165.33,222.73
289.67,77.535,315.79,100.04,190.45,245.53,164.33,223.02
291.72,76.592,316.42,98.64,192.88,237.04,168.18,214.99
291.43,71.046,315.71,91.081,196.69,235.33,172.4,215.29
290.8,68.389,317.58,90.35,201.72,231.63,174.94,209.67
289.4,65.519,318.84,88.598,209.88,227.61,180.44,204.53
286.01,60.033,317.97,83.468,215.47,223.25,183.51,199.82
279.4,52.735,316.56,75.984,224.52,223.11,187.36,199.86
273.34,48.537,319.04,72.412,240.27,223.18,194.57,199.3
267.34,49.246,307.77,68.203,239.48,213.85,199.05,194.89
257.96,45.599,301.9,58.871,261.31,193.22,217.38,179.95
250.73,46.395,300.29,59.86,261.65,202.06,212.09,188.59
238.48,46.955,285.06,52.281,268.86,194.02,222.27,188.69
239.19,44.191,276.59,47.139,265.37,189.51,227.97,186.56
231.81,46.001,269.9,47.072,266.12,181.7,228.03,180.63
221.7,46.04,260.53,41.68,281.26,226.31,242.44,230.67
222.09,47.497,257.86,42.823,281.23,221.63,245.46,226.3
222.6,47.366,258.5,42.532,281.73,215.05,245.83,219.89
217.68,49.931,257.24,41.987,293.22,221.18,253.66,229.12
209.49,58.659,254.35,42.704,300.25,171.76,255.39,187.72
207.38,64.44,253.11,44.554,324.68,209.13,278.96,229.02
194.93,82.61,249.28,47.32,330.16,171.88,275.81,207.17
198.27,82.758,249.37,50.254,327.21,172.61,276.11,205.12
202,92.041,252.09,58.563,330.88,176.44,280.8,209.92
197.01,91.691,247.41,55.809,330.36,172.32,279.96,208.2
199.55,99.15,248.46,62.238,332.44,173.51,283.53,210.42
199.87,100.15,246.92,63.918,333,175.73,285.95,211.95
201.92,101.58,248.37,66.416,338.4,185.34,291.96,220.51
204.14,102.8,247.61,70.186,338.4,191.2,294.93,223.82
205.7,96.163,245.54,68.722,337.4,202.07,297.56,229.51
208.15,98.527,245.53,73.857,334.12,208.09,296.74,232.76
209.52,90.96,244.13,71.918,325.12,219.14,290.51,238.18
209.57,90.198,242.93,72.23,322.03,219.11,288.67,237.08
210.96,91.954,245.07,74.506,320.05,221.1,285.94,238.55
213,90.389,249.87,74.254,315.34,223.85,278.47,239.99
200.74,96.744,242.88,76.201,314.8,223.74,272.66,244.29
206.05,92.105,253.32,75.539,301.07,211.78,253.8,228.34
194.99,94.754,245.21,72.594,312.43,224.91,262.22,247.07
192.5,92.273,240.43,72.954,294.5,207.1,246.58,226.42
184.92,95.662,228.15,74.232,302.73,224.68,259.51,246.1
183.15,99.654,226.73,77.753,299.63,222.81,256.05,244.71
177.41,95.652,222.4,72.625,300.59,225.39,255.6,248.42
181.76,90.988,221.66,72.121,294.47,226.1,254.57,244.96
179.13,86.386,221.93,66.923,293.73,224.84,250.93,244.3
179.17,85.74,221.51,67.004,291.78,225.79,249.44,244.53
181.16,85.97,220.76,68.552,290.23,226.5,250.63,243.92
181.37,85.584,221.78,68.181,290.62,228.04,250.2,245.44
183.33,80.167,220.54,64.206,289.81,225.69,252.6,241.65
173.12,84.874,221.28,63.9,291.13,224.29,242.96,245.27
182.94,80.768,222.89,63.582,290.69,221.18,250.74,238.36
179.21,81.333,222.66,62.425,291.15,219.82,247.69,238.73
179.13,81.189,222.31,62.87,287.5,216.51,244.32,234.83
175.18,82.448,223.53,60.857,288.72,206.83,240.38,228.42
182.54,73.897,225.07,56.649,288.27,212.49,245.74,229.73
184.31,68.696,225.68,53.24,285.36,212.97,243.99,228.43
182.33,69.08,223.54,53.1,282.76,205.8,241.55,221.78
182.07,68.82,224.08,53.114,282.5,209.36,240.49,225.06
180.04,69.651,222.64,53.58,282.25,211.59,239.64,227.66
176.58,69.223,222.59,51.671,283.7,211.86,237.7,229.41
179.88,66.631,222.03,52.066,278.61,215.82,236.45,230.39
180.37,67.689,222.47,53.883,275.79,216.5,233.69,230.3
176.34,66.683,219.82,51.488,277.09,215.37,233.61,230.56
179.43,67.277,223.25,53.551,274.23,216.28,230.41,230
178.52,66.92,223,53.018,274.12,216.59,229.64,230.5
179.89,70.906,225.26,56.688,275.46,216.9,230.09,231.12
180.27,74.132,224.26,59.337,275.78,212.53,231.79,227.32
184.18,75.522,229.2,61.164,278.02,214.24,233,228.6
187.72,76.81,230.22,64.996,273.2,219.63,230.7,231.44
189.78,78.766,233.69,67.09,274.44,220.35,230.54,232.02
193,82.729,237.25,72.242,273.5,225.2,229.25,235.68
193.88,83.662,236.61,73.917,271.18,225.55,228.45,235.29
195.45,86.427,238.87,76.727,272.16,225.72,228.74,235.42
198.95,83.398,243.48,76.051,268.54,227.94,224.01,235.29
198.18,83.628,244.2,75.693,270.52,228.32,224.49,236.26
198.27,84.709,242.6,77.131,268.54,228.85,224.21,236.42
196.98,85.062,242.45,76.992,269.37,228.68,223.9,236.75
198.48,85.166,249.46,77.461,272.43,229.45,221.46,237.16
185.23,89.935,233.04,76.724,274.66,227.37,226.85,240.58
184.32,89.364,233.94,75.347,276.2,224.96,226.57,238.97
181.45,89.256,230.44,74.183,275.73,221.4,226.74,236.47
180.35,86.883,230.35,71.223,274.15,211.07,224.14,226.73
177.18,88.222,227.3,70.962,275.64,211.33,225.53,228.59
173.76,94.096,222.44,73.758,283.39,219.64,234.71,239.98
171.88,93.259,226.62,70.291,289.75,220.75,235.01,243.72
174.42,87.023,226.46,66.774,283.96,214.54,231.92,234.79
174.47,87.685,228.07,66.764,288.69,222.09,235.08,243.01
181.22,83.048,233.34,66.311,280.7,213.8,228.59,230.53
182.9,82.38,236.09,66.067,282.05,215.9,228.86,232.21
183.01,81.5,235.57,65.067,282.39,214.82,229.82,231.25
184.21,79.696,235.53,64.382,280.55,215.23,229.23,230.55
190.3,74.384,241.28,61.909,278.9,215.64,227.91,228.11
216.37,62.502,257.45,62.216,258.62,229.87,217.54,230.15
196.56,68.318,242.78,58.927,275.34,219.18,229.11,228.57
219.02,58.697,256.85,58.144,259.36,229.7,221.52,230.25
216.4,61.421,252.74,58.981,263.97,226.16,227.63,228.6
211.02,57.625,251.05,53.485,268.76,224.64,228.72,228.78
221.34,56.515,253.83,55.662,258.37,228.5,225.87,229.36
233.21,50.413,265.04,52.827,251.47,231.68,219.65,229.27
214.47,56.035,255.83,51.881,273.36,226.43,232,230.58
225.17,50.701,257.02,50.213,259.77,229.74,227.92,230.23
216.58,53.727,256.67,50.1,272.67,227.01,232.58,230.64
217.8,51.508,257.39,48.261,272.13,228,232.54,231.25
221.56,50.717,259.9,48.019,272.54,227.64,234.21,230.34
221.62,51.54,259.72,48.759,272.73,227.02,234.63,229.81
224.13,49.465,260.67,47.287,271.53,229.5,234.99,231.67
236,47.103,262.35,47.89,256.89,230.78,230.54,229.99
226.16,48.881,261.74,46.74,272.68,228.5,237.09,230.64
223.68,50.113,261.07,47.761,272.48,229.26,235.09,231.61
227.34,48.672,264.57,47.292,271.33,229.7,234.1,231.08
232.14,50.533,270.66,50.895,268.97,231.6,230.44,231.24
227.42,48.998,266.2,48.547,268.32,230.79,229.54,231.24
229.09,53,267.5,53.509,265.12,232.75,226.72,232.24
221.85,54.22,260.36,53.347,264.4,231.52,225.88,232.39
213.92,59.513,258.46,56.908,268.54,229.2,224,231.8
217.85,58.032,261.06,57.453,263.36,229.18,220.16,229.76
214.16,61.509,261.52,60.414,265.4,228.14,218.04,229.24
229.99,59.994,268.23,64.282,248.94,236.39,210.69,232.1
210.02,63.972,258.98,62.509,264.03,231.46,215.06,232.92
206.25,67.458,256.07,65.043,264.01,228.83,214.19,231.24
213.32,66.036,262.61,66.167,262.18,230.45,212.89,230.32
216.68,66.961,265.71,68.199,261.61,230.58,212.58,229.34
234.26,66.594,275.87,73.726,247.35,240.11,205.75,232.98
212.2,70.322,268.02,71.224,265.44,231.16,209.61,230.26
226.43,68.395,275.34,73.186,259.71,232.74,210.8,227.95
238.52,67.507,286.38,76.505,256.44,235.71,208.59,226.71
241.37,67.699,287.14,77.205,253.88,237.33,208.11,227.83
235.17,69.234,285.32,77.792,258.33,235.99,208.18,227.43
244.26,68.088,293.27,79.894,254.2,242.12,205.19,230.32
248.65,68,298.9,81.375,256.75,239.76,206.5,226.38
250.61,68.083,298.04,81.055,254.16,241.54,206.72,228.56
250.41,66.883,299.36,80.075,255.54,242.65,206.6,229.46
260.82,67.289,306.4,82.777,249.63,249.86,204.05,234.37
266.58,67.778,312.75,84.998,249.23,255.27,203.07,238.05
266.82,65.613,313.01,81.416,255.03,250.89,208.84,235.09
275.03,64.852,318.9,81.35,255.1,251.02,211.23,234.52
277,63.549,322.59,80.112,261.31,248.79,215.72,232.22
282.71,64.431,326.92,81.907,258.66,254.58,214.45,237.11
281.7,60.759,329.67,77.863,266.49,255.08,218.51,237.98
287.88,61.707,333.86,79.399,265.18,257.86,219.21,240.16
287.97,59.864,334.47,76.391,270.63,255.98,224.14,239.45
279.29,55.622,330.62,69.768,279.53,255.19,228.19,241.04
298.03,56.169,338.52,71.91,267.62,254.28,227.13,238.54
297.7,53.479,339.15,67.919,272.83,258.25,231.39,243.81
299.36,50.462,341.71,66.021,271.78,256.38,229.42,240.82
302.08,48.191,343.74,62.736,275.93,256.94,234.28,242.39
304.43,45.935,345.83,60.298,277.76,256.55,236.35,242.19
302.64,43.22,346.08,57.095,281.47,259.33,238.04,245.45
299.64,39.857,346.19,53.509,286.47,257.11,239.93,243.45
300.23,37.808,346.89,50.458,290.59,258.15,243.93,245.5
300.03,36.99,346.57,48.461,294.91,258.08,248.36,246.61
299.87,34.206,345.11,44.123,298.41,257.18,253.17,247.26
297.39,31.505,345.06,41.084,301.62,257.3,253.94,247.72
293.61,31.03,343.69,40.415,303.3,255.93,253.22,246.54
294.29,28.027,342.87,37.036,302.14,256.72,253.55,247.71
295.9,26.283,345.69,37.688,295.73,255.79,245.93,244.39
274.52,28.312,327.28,33.516,305.39,255.42,252.63,250.22
273.26,30.376,321.87,34.491,303.28,254.14,254.67,250.03
270.24,28.314,317.33,32.371,298.26,253.69,251.17,249.63
271.74,23.641,314.37,28.483,288.85,253.15,246.22,248.31
264.93,31.389,309.47,37.428,280.25,252.95,235.71,246.91
259.48,34.889,301.57,39.635,277.51,253.07,235.42,248.33
250.48,34.392,295.57,39.592,270.97,252.98,225.87,247.78
246.36,35.343,289.61,40.356,265.04,252.33,221.79,247.32
240.88,35.478,286.21,41.299,259.22,251.5,213.89,245.68
235.26,37.808,281.17,44.242,252.09,251.74,206.18,245.31
232.23,36.936,278.6,43.945,247.37,250.58,201,243.57
223.3,38.88,268.06,43.885,245.57,245.06,200.81,240.05
220.66,39.47,262.85,44.223,240.36,243.87,198.17,239.12
217.9,39.247,271.33,49.661,232.56,248.55,179.13,238.14
207.86,41.198,255.87,47.671,229.58,242.74,181.56,236.27
208.73,42.377,257.86,51.4,223.14,240.44,174.02,231.42
201.82,43.249,243.88,48.323,220.61,241.28,178.54,236.21
198.33,42.191,241.12,47.595,216.8,240.27,174,234.87
195.4,41.417,238.57,47.163,212.65,241.9,169.48,236.16
189.49,41.959,236.22,48.524,209.29,240.2,162.56,233.63
187.97,41.384,236.19,49.83,206.28,220.63,158.06,212.18
180.84,44.006,232.9,51.657,204.54,244.66,152.47,237.01
182.65,44.975,231.75,52.583,202.12,243.76,153.03,236.15
182.56,46.852,228.13,52.766,203.29,244.13,157.73,238.21
180.95,47.573,228.13,54.052,202.01,244.26,154.83,237.78
187.07,48.362,226.22,53.383,201.9,243.02,162.75,238
185.81,49.962,224.96,54.905,201.18,243.31,162.03,238.37
183.53,50.366,224.57,55.588,200.78,242.6,159.74,237.38
184.53,52.637,224.18,57.734,200.37,242.88,160.73,237.79
184.65,54.577,223.64,59.336,201.26,242.74,162.27,237.98
182.93,55.577,222.33,59.845,202.4,243.8,163,239.53
180.03,56.589,222.96,61.229,203.29,243.15,160.36,238.51
180.91,57.217,222.64,61.328,204.72,243.14,163,239.03
183.16,58.263,221.29,61.372,206.54,242.19,168.42,239.08
184.74,59.59,223.51,64.545,200.73,242.81,161.96,237.86
180.34,60.523,221.59,63.418,209.02,242.44,167.78,239.55
183.58,59.163,220.64,61.349,209.95,242.52,172.89,240.34
183.81,61.439,221.05,63.984,208.85,242.54,171.61,240
185.02,60.803,221.77,63.271,209.69,243.12,172.94,240.65
181.72,60.2,221.7,62.783,210.08,242.58,170.1,239.99
176.52,60.908,223.98,65.183,208,242.59,160.54,238.32
184.46,60.244,222.41,62.875,209.88,243.54,171.93,240.91
185.16,61.221,223.99,65.364,205.08,242.64,166.24,238.5
177.42,62.247,221.92,65.925,207.31,242.56,162.81,238.89
176.97,62.216,224.6,68.116,202.99,242.55,155.36,236.65
184.37,62.502,224.68,67.518,202.87,242.81,162.56,237.79
177.85,59.205,226.45,67.089,202.61,214.04,154.01,206.15
174.31,62.959,221.78,67.872,203.64,243.12,156.17,238.21
178.25,65.201,221.4,69.788,202.96,243.31,159.81,238.72
178.54,66.102,220.37,70.255,203.12,243.91,161.3,239.76
173.89,67.311,218.72,70.161,207.69,243.56,162.86,240.72
177.39,71.552,220.41,76.641,201.24,238.67,158.22,233.58
175.3,73.03,218.16,77.061,202.92,239.2,160.05,235.17
174.27,78.002,215.71,81.179,203.61,239.16,162.16,235.98
171.45,81.36,214.38,83.101,207.83,244.37,164.91,242.63
166.97,86.561,211.55,87.117,209.61,242.54,165.03,241.98
169.76,88.367,213.47,88.894,211.63,241.73,167.92,241.21
168.29,91.492,212.6,91.325,213.16,239.25,168.84,239.42
166.06,96.106,212.88,95.562,214.55,239.92,167.74,240.46
168.03,96.224,216.74,96.237,216.7,238.87,168,238.86
172.26,101.62,217.72,103.64,213.06,208.37,167.6,206.35
167.05,103.03,216.48,103.48,215.5,212.5,166.06,212.06
160.27,107.34,212.77,105.08,217.41,212.93,164.91,215.19
159.69,104.09,214.26,102.02,218.31,209.17,163.74,211.24
155.3,108.93,212.81,106.58,217.16,212.97,159.65,215.32
151.18,106.1,210.32,101.82,218.3,212.04,159.15,216.32
147.24,104.53,209.7,100.18,217.76,215.82,155.29,220.17
153.32,100.73,212.28,99.704,214.4,221.07,155.44,222.1
153.74,102.68,213.34,101.64,215.5,225.21,155.9,226.25
148.89,97.617,212.7,95.517,217.44,239.45,153.63,241.55
158.16,93.372,216.26,93.223,216.64,241.14,158.54,241.29
167.34,91.497,220.55,92.765,217.05,239.5,163.85,238.24
168.23,95.758,218.82,96.581,216.42,243.81,165.83,242.99
174.56,93.969,222.66,95.173,218.91,245.09,170.81,243.88
191.41,85.344,228.52,89.197,212.12,247.14,175.01,243.29
197.26,84.693,232.51,89.471,211.41,245.19,176.15,240.41
200.35,81.011,237.52,85.327,219,244.8,181.83,240.48
197.91,88.465,237.25,90.422,229.77,240.78,190.43,238.82
194.14,90.997,238.37,90.689,239.39,237.26,195.16,237.57
197.52,93.129,245.1,93.609,243.69,233.11,196.12,232.63
197.22,88.282,251.06,89.604,247.52,234.08,193.67,232.76
192.25,99.266,249.86,98.344,251.99,231.03,194.38,231.95
195.74,96.79,251.47,96.488,252.19,229.31,196.46,229.62
198.62,97.742,252.99,98.119,252.13,222.4,197.75,222.02
187.99,102.77,248.6,97.564,259.49,224.33,198.88,229.54
197.54,97.631,256.98,95.636,261.34,225.61,201.91,227.61
204.6,98.299,257.92,98.172,258.24,230.86,204.92,230.99
210.86,96.297,257.69,96.796,256.27,229.52,209.45,229.02
214.82,96.035,256.63,97.907,250.55,233.64,208.74,231.76
225.13,94.401,269.57,101.56,248.25,233.99,203.81,226.84
227.59,96.023,272.98,102,255.78,232.61,210.39,226.63
229.13,91.701,270.69,93.762,263.92,230.35,222.36,228.29
226.97,94.313,273.31,93.711,275.07,229.39,228.74,229.99
218.16,96.746,264.22,89.361,286.26,226.86,240.2,234.24
216.02,98.384,258.14,86.976,295.17,223.71,253.06,235.11
216.31,95.656,257.34,82.993,300.6,223.15,259.57,235.82
214.33,96.32,253.52,81.862,305.43,222.56,266.23,237.02
220.51,88.912,257.95,76.624,306.03,223.13,268.58,235.42
221.31,88.3,257.62,76.259,305.56,220.84,269.24,232.88
222.11,80.769,255.67,70.193,303.1,220.71,269.54,231.28
224.41,79.67,258.7,70.388,299.03,219.4,264.74,228.68
226,77.481,261.26,69.647,294.36,218.61,259.1,226.45
228.98,77.413,263.66,71.643,288.12,218.7,253.44,224.47
229.42,75.047,264.51,71.117,280.94,217.81,245.86,221.74
227.06,75.032,262.44,71.858,275.46,217.02,240.09,220.19
223.44,77.303,260.92,75.21,268.86,217.29,231.37,219.38
219.03,80.226,259.71,79.096,263.53,216.5,222.85,217.63
216.63,84.675,255.67,84.281,257,216.69,217.97,217.08
214.98,88.145,252.58,88.453,251.53,216.51,213.92,216.2
213.98,90.693,250.41,91.657,247.09,217.1,210.66,216.14
209.24,94.716,251.07,96.989,244.54,217.29,202.7,215.02
209.53,99.974,248.64,101.96,242.8,217.04,203.69,215.05
200.42,103.55,245.43,104.52,243.06,214.92,198.05,213.96
203.67,104.85,244.25,104.92,244.06,214.52,203.49,214.45
194.11,108.89,240.48,105.84,247.43,211.64,201.06,214.69
194.85,113.37,238.51,109.61,247.29,211.59,203.62,215.35
189.19,109.59,230.23,101.55,251.67,210.98,210.62,219.02
186.42,115.78,226.63,106.47,250.38,209.07,210.17,218.38
180.81,111.6,219.3,99.997,252,208.48,213.52,220.08
174.99,114.71,210.3,99.957,254.27,205.22,218.96,219.97
178.99,111.04,213.75,99.879,246.71,202.5,211.96,213.67
185.7,108.74,217.82,101.44,241.65,206.25,209.53,213.55
183.98,113.25,214.38,104.66,242.78,205.15,212.38,213.74
178.42,112.49,206.47,101.21,247.1,202.19,219.05,213.47
168.66,119.4,200.78,100.7,255.9,195.37,223.78,214.07
183.02,111.89,213.45,101.77,247.62,204.56,217.19,214.67
182.05,111.06,210.32,100.89,248.15,206.08,219.87,216.25
183.81,111.24,213.72,101.91,246.73,207.81,216.81,217.13
184.05,115.03,211.49,106.42,244.34,211.04,216.91,219.65
184.67,115.95,218.42,107.48,244.2,210.28,210.46,218.74
182.87,111.94,215.56,103.36,244.13,212.32,211.44,220.89
182.33,109.64,217,101.33,243.91,213.59,209.23,221.89
182.99,110.53,217.62,102.44,243.48,213.14,208.86,221.24
184.18,109.5,216.44,101.6,243.91,213.77,211.65,221.67
181.31,111.78,213.67,101.57,248.63,212.38,216.27,222.59
181.37,119.45,211.56,106.89,253.89,208.58,223.69,221.14
186.02,115.42,216.37,104.74,254.72,213.72,224.37,224.4
190.06,115.89,216.45,107.35,251.67,216.06,225.27,224.61
189.67,116.17,218.91,106.38,256.04,217.24,226.8,227.03
188.48,120.48,221.41,108.57,260.56,216.8,227.63,228.71
187.19,121.78,220.27,107.9,265.86,216.55,232.78,230.43
185,125.11,218.42,109.21,269.7,216.98,236.29,232.88
185.14,123.81,218.14,107.21,273.1,216.5,240.09,233.09
187.49,126.01,219.67,109.27,275.77,217.08,243.6,233.82
179.3,125.33,214.79,105.3,277.59,216.58,242.1,236.61
187.04,117.72,216.02,104.51,262.46,206.39,233.47,219.6
184.66,117.46,212.91,102.62,271.53,214.2,243.28,229.04
184.35,115.07,213.29,100.22,271.58,213.83,242.64,228.68
181.47,110.45,210.91,95.936,266.98,209.63,237.55,224.15
185.18,107.7,213.12,95.833,261.73,210.34,233.8,222.2
184.96,94.578,209.73,86.294,252.74,214.91,227.96,223.2
184.67,94.141,210.62,86.309,249.54,215.24,223.6,223.08
185.9,91.646,212.24,84.335,248.45,214.8,222.11,222.11
213.37,72.015,185.21,78.165,215.71,217.8,243.87,211.65
186.96,60.305,214.87,55.951,239.2,211.87,211.29,216.23
185.7,54.511,213.35,50.439,236.98,210.88,209.33,214.95
190.07,51.305,218.46,48.583,234.44,215.25,206.05,217.97
194.93,54.375,220.18,52.904,229.54,213.54,204.29,215.01
194.66,61.477,221.43,60.025,229.66,211.86,202.89,213.31
199.76,62.683,226.76,62.294,228.93,212.72,201.92,213.11
195.69,66.037,227.93,63.945,237.44,210.48,205.19,212.57
202.55,67.652,234.67,67.046,237.34,208.67,205.22,209.27
202.19,68.854,237.68,68.296,239.89,208.75,204.4,209.3
204.25,73.068,243.61,72.865,244.31,209.83,204.95,210.03
204.88,74.65,247.95,74.577,248.17,204.5,205.1,204.57
211.3,73.834,259.33,75.896,253.84,203.86,205.81,201.79
221.77,74.107,276.29,81.814,258.98,204.23,204.47,196.52
222.09,75.702,275.22,80.569,265.08,191.28,211.95,186.41
233.33,73.103,284.87,80.143,271.26,179.76,219.73,172.72
238.25,75.118,295.64,85.273,277.81,186.05,220.41,175.9
246.39,73.496,301.65,82.91,284.95,180.93,229.69,171.51
243.27,75.075,289.1,77.07,285.48,160.15,239.66,158.16
248.91,72.794,294.78,76.462,287.93,162.19,242.05,158.53
245.34,79.013,272.97,69.824,316.08,199.48,288.44,208.67
243.81,76.975,275.78,66.534,319.86,201.51,287.88,211.95
241.6,78.211,276.44,65.824,323.97,199.49,289.14,211.88
234.38,74.92,289.42,65.188,307.3,166.32,252.27,176.05
231.09,78.314,287.92,64.012,315.54,173.78,258.71,188.08
228.45,77.925,276.67,60.502,313.39,162.13,265.17,179.55
233.18,97.644,283.29,76.44,326.55,178.69,276.44,199.89
231.06,83.761,274.9,63.475,334,191.18,290.15,211.47
235.91,76.614,276.25,58.835,335.75,193.85,295.41,211.63
244.44,72.32,282.46,57.321,336.08,193.24,298.05,208.24
240.82,77.259,273.43,60.7,337.61,187.11,305,203.67
252.73,71.94,282.52,58.995,338.92,188.79,309.12,201.74
258.34,71.172,282.82,60.974,337.3,191.74,312.83,201.93
260.36,66.417,284.48,56.927,338.77,194.91,314.66,204.4
260.38,65.847,283,56.683,340.3,198.14,317.67,207.3
260.67,64.735,283.9,55.271,342.62,199.4,319.39,208.87
259.85,59.231,285.64,49.17,344.72,200.64,318.93,210.7
263.5,59.055,292.78,49.323,341.05,194.55,311.78,204.29
258.34,49.056,289.21,38.68,343.33,199.7,312.46,210.08
253.32,38.814,283.92,28.33,342.99,200.74,312.4,211.22
253.82,29.895,285,20.382,340.6,202.62,309.42,212.13
260.61,35.472,297.52,27.292,336.65,203.85,299.73,212.03
260.88,39.027,299.03,31.423,333.65,205.13,295.5,212.74
261.22,41.099,300.68,34.221,330.6,205.9,291.14,212.78
256.94,28.795,298.31,22.276,327.84,209.67,286.47,216.18
256.88,39.104,300.48,33.082,325.45,213.89,281.84,219.91
254.68,39.807,298.94,33.843,323.52,216.28,279.26,222.25
251.09,38.61,299.09,31.967,324.61,216.4,276.62,223.04
249.44,42.148,300.12,35.474,324.2,218.37,273.52,225.05
248.92,44.75,300.95,39.271,319.58,216.2,267.55,221.68
241.95,48.716,306.92,41.442,326.9,219.95,261.94,227.22
236.56,47.25,311.13,40.001,328.4,217.63,253.82,224.88
232.43,48.246,309.54,41.636,322.9,197.5,245.79,204.11
217.39,52.104,298.75,41.208,318.11,185.73,236.74,196.63
215.8,45.995,300.86,38.294,314.57,189.63,229.5,197.33
185.49,58.553,283.32,36.324,318.76,192.27,220.93,214.5
185.16,60.566,249.66,31.247,353.36,259.36,288.86,288.68
201.08,36.501,294.48,30.36,305.58,199.13,212.18,205.27
189.24,34.211,274.64,25.494,292.33,198.82,206.94,207.53
191.94,30.222,269.28,28.794,273.6,262.68,196.26,264.11
174.15,27.814,251.52,19.901,276.27,261.85,198.9,269.77
150.36,26.984,225.93,11.02,273.01,233.89,197.43,249.85
136.03,22.556,213.92,5.2601,268.95,253.08,191.06,270.38
123.89,16.468,203.99,-0.79218,264.44,279.76,184.34,297.02
115.6,11.523,197.44,-2.7878,245.04,269.4,163.2,283.71
111.05,8.6158,195.66,-1.1274,226.87,269.91,142.27,279.65
110.01,-13.122,192.19,-17.182,206.34,269.17,124.16,273.23
111.26,-20.655,191.43,-18.751,184.5,273.24,104.33,271.34
107.16,-17.889,186.78,-13.17,169.91,271.36,90.298,266.64
105.56,-6.0163,184.9,2.7473,155.3,270.7,75.961,261.93
108.25,-23.577,188.25,-11.864,146.65,272.26,66.652,260.55
99.307,-28.268,179.76,-18.251,143.59,272.23,63.138,262.22
96.961,0.39649,182.69,14.739,139.45,273.25,53.715,258.91
91.266,7.2282,179.04,21.833,136.59,276.99,48.812,262.38
85.691,18.736,174.85,32.311,137.71,276.26,48.55,262.68
79.516,30.71,170.15,43.307,134.42,300.44,43.777,287.85
83.101,31.676,172.48,45.961,135.02,280.41,45.632,266.12
83.947,43.026,170.27,57.437,131.54,289.46,45.213,275.05
90.506,40.585,177.93,60.172,117.31,330.75,29.885,311.17
104.36,45.094,189.02,72.133,117.61,295.71,32.95,268.67
112.88,54.035,192.72,84.037,108.26,308.77,28.429,278.76
112.49,57.481,185.93,84.374,92.728,338.89,19.286,312
117.38,59.306,181.16,82.889,77.737,362.58,13.957,339
120.32,66.754,178.57,89.273,100.31,291.74,42.055,269.22
118.76,66.836,177.34,88.983,95.582,305.25,36.998,283.11
139.21,72.241,181.85,96.392,81.995,272.69,39.354,248.54
142.87,73.661,182.22,96.384,80.515,272.53,41.162,249.81
142.12,79.86,179.92,100.14,90.278,267.26,52.475,246.99
141.42,80.122,180.7,101.08,92.043,267.22,52.762,246.26
142.17,79.2,183.48,101.31,97.444,262.07,56.135,239.96
140.62,78.858,183,101.73,96.82,261.43,54.436,238.56
141.79,80.992,183.56,101.89,114.35,240.21,72.578,219.31
147.23,78.79,185.34,98.26,113.01,239.83,74.899,220.36
157.92,75.841,190.22,93.485,113.56,233.81,81.261,216.17
156.93,74.544,190.69,93.253,108.9,240.88,75.131,222.17
168.26,74.743,193.61,89.428,112.12,230.11,86.767,215.42
165.6,73.311,192.28,88.333,112.23,230.46,85.56,215.44
162.09,68.064,193.13,82.368,124.62,231.1,93.568,216.8
162.23,68.698,192.12,81.988,125.92,230.9,96.024,217.61
143.59,70.898,187.45,83.77,150.41,209.97,106.56,197.09
139.64,74.531,184.54,86.501,151.52,210.34,106.62,198.37
135.31,74.186,188.61,85.689,163.38,202.63,110.07,191.13
136.27,72.812,190.01,84.714,164.28,200.88,110.54,188.97
176.58,76.509,195.29,91.561,100.17,209.77,81.461,194.72
139.09,72.043,188.85,82.114,168.99,180.21,119.24,170.14
141.34,73.634,192.66,85.698,169.44,184.43,118.13,172.37
142.82,68.214,195.37,81.018,170.87,181.55,118.33,168.75
149.77,69.567,198.23,85.59,161.18,197.61,112.73,181.59
156.85,66.779,200.12,82.332,159.49,195.34,116.23,179.78
166.93,70.95,200.95,87.15,139.9,215.36,105.88,199.16
165.72,74.284,198.57,90.318,136.71,217.03,103.87,201
173.04,75.957,200.82,92.136,131.74,210.75,103.96,194.57
175.5,74.246,205.25,93.081,131.85,209,102.11,190.16
173.09,80.539,200.64,95.512,139.12,208.69,111.58,193.71
175.83,77.768,203.39,92.807,139.68,209.56,112.12,194.52
173.51,78.302,201.73,91.391,146.5,210.44,118.29,197.35
170.79,78.004,202.04,92.521,147.55,209.83,116.3,195.31
179.03,76.243,206.49,89.389,149.62,208.17,122.16,195.03
177.54,77.77,205.49,90.781,150.33,209.28,122.37,196.27
185.28,72.86,211.35,85.263,153.38,207.07,127.32,194.66
184.81,73.704,210.28,85.69,154.38,204.47,128.91,192.49
180.3,72.077,211.05,83.161,166.29,207.34,135.54,196.26
182.67,71.377,212.39,82.367,166.48,206.55,136.76,195.56
172.78,73.439,211.89,81.535,185.72,207.99,146.61,199.9
169.63,74.098,211.19,81.669,188.29,207.42,146.72,199.85
159.47,83.58,209.33,84.525,207.3,191.34,157.45,190.4
156.76,85.435,210.02,85.53,209.83,191.14,156.57,191.04
157.98,89.894,215.35,89.87,215.39,193.34,158.03,193.37
152.85,98.061,214.67,94.817,219.82,192.9,158,196.14
160.22,88.135,223.74,89.067,222.17,196.07,158.65,195.14
160.31,87.508,220.76,88.312,219.32,196.26,158.87,195.46
184.69,84.507,242.21,98.216,218.18,199.03,160.66,185.32
183.2,78.978,236.41,89.503,217.04,187.43,163.83,176.91
190.63,80.528,242.13,92.37,222.66,177.08,171.15,165.23
193.85,76.096,243.05,89.213,219.35,178.11,170.15,164.99
206.24,73.529,246.79,88.394,213.29,179.76,172.74,164.89
191.03,82.746,226.72,79.968,236.51,205.75,200.83,208.53
205.44,73.974,243.13,83.315,222.07,168.34,184.37,159
211.73,74.728,252.96,90.127,222.97,170.44,181.74,155.04
199.12,72.679,236.19,79.774,219.48,167.02,182.42,159.93
209.78,75.786,243.5,85.837,216.79,175.5,183.06,165.45
189.1,75.16,214.77,70.995,236.82,206.93,211.15,211.09
191.58,74.159,216.19,71.063,233.24,206.61,208.63,209.7
187.38,55.737,213.05,52.559,232.32,208.23,206.65,211.41
