400,48,87,319
394,49,87.0,319.0
379,54,87.0,319.0
347,62,87.0,319.0
308,70,87.0,319.0
269,74,87.0,319.0
233,79,87.0,319.0
202,91,87.0,319.0
179,105,87.0,319.0
171,118,87.0,319.0
173,129,87.0,319.0
179,132,87.0,319.0
189,134,87.0,319.0
213,133,87.0,319.0
248,128,87.0,319.0
280,119,87.0,319.0
304,109,87.0,319.0
325,103,87.0,319.0
348,101,87.0,319.0
371,97,87.0,319.0
389,93,87.0,319.0
400,90,87.0,319.0
404,86,87.0,319.0
404,81,87.0,319.0
400,79,87.0,319.0
397,77,87.0,319.0
395,76,87.0,319.0
393,79,87.0,319.0
390,87,87.0,319.0
385,97,87.0,319.0
381,107,87.0,319.0
379,116,87.0,319.0
371,116,87.0,319.0
365,105,87.0,319.0
380,105,87.0,319.0
408,110,87.0,319.0
440,113,87.0,319.0
485,121,87.0,319.0
524,118,87.0,319.0
527,112,87.0,319.0
507,122,87.0,319.0
474,123,87.0,319.0
446,113,87.0,319.0
427,106,87.0,319.0
411,110,87.0,319.0
400,130,87.0,319.0
386,142,87.0,319.0
378,144,87.0,319.0
379,146,87.0,319.0
388,146,87.0,319.0
404,144,87.0,319.0
439,147,87.0,319.0
473,144,87.0,319.0
487,135,87.0,319.0
489,121,87.0,319.0
486,95,87.0,319.0
485,69,87.0,319.0
459,55,87.0,319.0
424,47,87.0,319.0
402,44,87.0,319.0
390,59,87.0,319.0
386,73,87.0,319.0
372,77,87.0,319.0
356,82,87.0,319.0
351,89,87.0,319.0
344,88,87.0,319.0
316,87,87.0,319.0
276,82,87.0,319.0
249,72,87.0,319.0
256,73,87.0,319.0
282,61,87.0,319.0
296,51,87.0,319.0
287,56,87.0,319.0
283,62,87.0,319.0
296,70,87.0,319.0
298,74,87.0,319.0
281,81,87.0,319.0
264,84,87.0,319.0
262,87,87.0,319.0
272,89,87.0,319.0
276,88,87.0,319.0
275,84,87.0,319.0
272,76,87.0,319.0
264,66,87.0,319.0
245,70,87.0,319.0
227,75,87.0,319.0
227,69,87.0,319.0
226,58,87.0,319.0
211,57,87.0,319.0
216,70,87.0,319.0
243,84,87.0,319.0
278,95,87.0,319.0
287,101,87.0,319.0
266,106,87.0,319.0
236,114,87.0,319.0
215,120,87.0,319.0
207,128,87.0,319.0
205,139,87.0,319.0
219,147,87.0,319.0
254,145,87.0,319.0
284,129,87.0,319.0
305,118,87.0,319.0
321,98,87.0,319.0
318,68,87.0,319.0
294,49,87.0,319.0
254,37,87.0,319.0
207,31,87.0,319.0
161,33,87.0,319.0
151,42,87.0,319.0
180,54,87.0,319.0
221,65,87.0,319.0
244,69,87.0,319.0
248,74,87.0,319.0
257,74,87.0,319.0
265,76,87.0,319.0
247,84,87.0,319.0
223,90,87.0,319.0
229,98,87.0,319.0
272,108,87.0,319.0
308,106,87.0,319.0
308,103,87.0,319.0
311,106,87.0,319.0
327,103,87.0,319.0
327,100,87.0,319.0
299,100,87.0,319.0
281,100,87.0,319.0
298,104,87.0,319.0
326,108,87.0,319.0
326,111,87.0,319.0
311,113,87.0,319.0
302,114,87.0,319.0
283,117,87.0,319.0
250,124,87.0,319.0
221,130,87.0,319.0
198,133,87.0,319.0
181,133,87.0,319.0
183,130,87.0,319.0
207,124,87.0,319.0
241,121,87.0,319.0
271,119,87.0,319.0
299,114,87.0,319.0
326,106,87.0,319.0
338,94,87.0,319.0
328,86,87.0,319.0
298,77,87.0,319.0
255,69,87.0,319.0
208,64,87.0,319.0
175,64,87.0,319.0
158,71,87.0,319.0
161,79,87.0,319.0
179,87,87.0,319.0
198,94,87.0,319.0
221,97,87.0,319.0
246,99,87.0,319.0
259,99,87.0,319.0
259,98,87.0,319.0
254,97,87.0,319.0
255,100,87.0,319.0
276,102,87.0,319.0
314,98,87.0,319.0
342,89,87.0,319.0
356,81,87.0,319.0
363,77,87.0,319.0
354,74,87.0,319.0
331,71,87.0,319.0
297,69,87.0,319.0
253,69,87.0,319.0
214,72,87.0,319.0
208,78,87.0,319.0
223,86,87.0,319.0
221,95,87.0,319.0
218,102,87.0,319.0
222,107,87.0,319.0
217,108,87.0,319.0
193,105,87.0,319.0
165,103,87.0,319.0
161,103,87.0,319.0
176,109,87.0,319.0
204,106,87.0,319.0
231,99,87.0,319.0
245,99,87.0,319.0
252,101,87.0,319.0
266,101,87.0,319.0
272,98,87.0,319.0
256,98,87.0,319.0
233,101,87.0,319.0
223,109,87.0,319.0
222,122,87.0,319.0
254,130,87.0,319.0
293,129,87.0,319.0
304,128,87.0,319.0
315,117,87.0,319.0
328,109,87.0,319.0
316,103,87.0,319.0
267,88,87.0,319.0
218,80,87.0,319.0
196,85,87.0,319.0
184,100,87.0,319.0
196,116,87.0,319.0
235,125,87.0,319.0
276,124,87.0,319.0
293,124,87.0,319.0
314,128,87.0,319.0
345,131,87.0,319.0
356,134,87.0,319.0
345,136,87.0,319.0
324,135,87.0,319.0
298,131,87.0,319.0
267,125,87.0,319.0
241,119,87.0,319.0
238,113,87.0,319.0
274,106,87.0,319.0
317,97,87.0,319.0
353,95,87.0,319.0
388,100,87.0,319.0
427,103,87.0,319.0
459,105,87.0,319.0
469,103,87.0,319.0
464,99,87.0,319.0
446,97,87.0,319.0
410,98,87.0,319.0
366,102,87.0,319.0
317,111,87.0,319.0
274,113,87.0,319.0
248,109,87.0,319.0
229,114,87.0,319.0
223,121,87.0,319.0
241,124,87.0,319.0
270,121,87.0,319.0
294,116,87.0,319.0
297,115,87.0,319.0
279,114,87.0,319.0
252,110,87.0,319.0
213,109,87.0,319.0
160,110,87.0,319.0
113,106,87.0,319.0
90,99,87.0,319.0
84,96,87.0,319.0
94,97,87.0,319.0
121,98,87.0,319.0
152,100,87.0,319.0
181,102,87.0,319.0
215,99,87.0,319.0
247,96,87.0,319.0
269,92,87.0,319.0
283,89,87.0,319.0
289,85,87.0,319.0
281,78,87.0,319.0
254,73,87.0,319.0
225,69,87.0,319.0
198,70,87.0,319.0
167,74,87.0,319.0
152,79,87.0,319.0
158,87,87.0,319.0
184,96,87.0,319.0
218,105,87.0,319.0
246,114,87.0,319.0
266,121,87.0,319.0
273,122,87.0,319.0
277,121,87.0,319.0
268,120,87.0,319.0
244,113,87.0,319.0
228,112,87.0,319.0
232,114,87.0,319.0
259,109,87.0,319.0
271,100,87.0,319.0
255,101,87.0,319.0
238,100,87.0,319.0
236,98,87.0,319.0
226,101,87.0,319.0
188,108,87.0,319.0
143,112,87.0,319.0
118,111,87.0,319.0
104,117,87.0,319.0
84,123,87.0,319.0
83,124,87.0,319.0
104,119,87.0,319.0
133,110,87.0,319.0
164,107,87.0,319.0
182,99,87.0,319.0
198,88,87.0,319.0
206,76,87.0,319.0
192,74,87.0,319.0
161,75,87.0,319.0
137,73,87.0,319.0
135,75,87.0,319.0
148,85,87.0,319.0
181,94,87.0,319.0
219,99,87.0,319.0
237,97,87.0,319.0
246,101,87.0,319.0
268,106,87.0,319.0
274,102,87.0,319.0
255,103,87.0,319.0
260,108,87.0,319.0
295,114,87.0,319.0
322,107,87.0,319.0
331,100,87.0,319.0
339,92,87.0,319.0
340,80,87.0,319.0
306,83,87.0,319.0
310,236,87.0,319.0
312,278,87.0,319.0
313,291,87.0,319.0
316,296,87.0,319.0
328,286,87.0,319.0
341,282,87.0,319.0
351,283,87.0,319.0
362,287,87.0,319.0
376,297,87.0,319.0
390,299,87.0,319.0
403,296,87.0,319.0
415,298,87.0,319.0
427,289,87.0,319.0
442,266,87.0,319.0
451,244,87.0,319.0
453,239,87.0,319.0
449,247,87.0,319.0
444,253,87.0,319.0
440,255,87.0,319.0
441,256,87.0,319.0
446,262,87.0,319.0
453,268,87.0,319.0
462,275,87.0,319.0
470,275,87.0,319.0
476,271,87.0,319.0
482,258,87.0,319.0
486,242,87.0,319.0
488,237,87.0,319.0
490,236,87.0,319.0
497,224,87.0,319.0
505,220,87.0,319.0
506,227,87.0,319.0
505,229,87.0,319.0
