264,311,37,69
266,310,37.0,69.0
266,309,37.0,69.0
266,308,37.0,69.0
267,305,37.0,69.0
269,304,37.0,69.0
270,305,37.0,69.0
270,307,37.0,69.0
269,307,37.0,69.0
270,307,37.0,69.0
268,309,37.0,69.0
267,308,37.0,69.0
266,304,37.0,69.0
266,299,37.0,69.0
265,295,37.0,69.0
263,294,37.0,69.0
261,293,37.0,69.0
260,293,37.0,69.0
258,293,37.0,69.0
257,294,37.0,69.0
255,295,37.0,69.0
254,294,37.0,69.0
254,295,37.0,69.0
253,295,37.0,69.0
252,294,37.0,69.0
251,294,37.0,69.0
250,295,37.0,69.0
249,295,37.0,69.0
248,294,37.0,69.0
247,295,37.0,69.0
246,296,37.0,69.0
245,297,37.0,69.0
247,297,37.0,69.0
251,295,37.0,69.0
257,295,37.0,69.0
263,295,37.0,69.0
270,294,37.0,69.0
277,294,37.0,69.0
284,294,37.0,69.0
291,290,37.0,69.0
298,286,37.0,69.0
302,285,37.0,69.0
303,280,37.0,69.0
292,267,37.0,69.0
289,267,37.0,69.0
289,269,37.0,69.0
290,269,37.0,69.0
292,269,37.0,69.0
294,269,37.0,69.0
295,270,37.0,69.0
297,270,37.0,69.0
299,270,37.0,69.0
300,271,37.0,69.0
302,271,37.0,69.0
304,271,37.0,69.0
306,271,37.0,69.0
308,271,37.0,69.0
311,272,37.0,69.0
313,272,37.0,69.0
315,273,37.0,69.0
317,272,37.0,69.0
319,271,37.0,69.0
321,271,37.0,69.0
323,271,37.0,69.0
324,272,37.0,69.0
324,272,37.0,69.0
325,274,37.0,69.0
326,275,37.0,69.0
328,275,37.0,69.0
329,275,37.0,69.0
331,275,37.0,69.0
332,274,37.0,69.0
333,274,37.0,69.0
334,275,37.0,69.0
335,273,37.0,69.0
336,274,37.0,69.0
338,275,37.0,69.0
339,274,37.0,69.0
340,274,37.0,69.0
341,275,37.0,69.0
342,276,37.0,69.0
343,277,37.0,69.0
344,279,37.0,69.0
345,280,37.0,69.0
346,282,37.0,69.0
347,283,37.0,69.0
349,284,37.0,69.0
350,285,37.0,69.0
352,285,37.0,69.0
354,284,37.0,69.0
357,284,37.0,69.0
359,285,37.0,69.0
362,285,37.0,69.0
365,287,37.0,69.0
367,287,37.0,69.0
370,288,37.0,69.0
373,290,37.0,69.0
376,292,37.0,69.0
379,293,37.0,69.0
383,293,37.0,69.0
387,295,37.0,69.0
391,295,37.0,69.0
394,296,37.0,69.0
397,297,37.0,69.0
400,298,37.0,69.0
402,299,37.0,69.0
406,299,37.0,69.0
409,300,37.0,69.0
412,300,37.0,69.0
415,300,37.0,69.0
418,301,37.0,69.0
421,301,37.0,69.0
424,301,37.0,69.0
427,301,37.0,69.0
430,302,37.0,69.0
432,303,37.0,69.0
435,303,37.0,69.0
437,303,37.0,69.0
439,303,37.0,69.0
441,303,37.0,69.0
442,302,37.0,69.0
444,302,37.0,69.0
445,303,37.0,69.0
447,303,37.0,69.0
448,304,37.0,69.0
450,304,37.0,69.0
452,304,37.0,69.0
454,304,37.0,69.0
456,306,37.0,69.0
459,308,37.0,69.0
463,307,37.0,69.0
468,308,37.0,69.0
471,310,37.0,69.0
474,309,37.0,69.0
477,309,37.0,69.0
480,311,37.0,69.0
479,313,37.0,69.0
479,314,37.0,69.0
479,310,37.0,69.0
479,306,37.0,69.0
479,341,37.0,69.0
479,332,37.0,69.0
479,342,37.0,69.0
479,326,37.0,69.0
479,323,37.0,69.0
476,317,37.0,69.0
475,320,37.0,69.0
474,318,37.0,69.0
476,316,37.0,69.0
478,313,37.0,69.0
479,313,37.0,69.0
479,316,37.0,69.0
479,317,37.0,69.0
479,321,37.0,69.0
479,322,37.0,69.0
479,317,37.0,69.0
479,315,37.0,69.0
479,313,37.0,69.0
479,310,37.0,69.0
479,312,37.0,69.0
479,314,37.0,69.0
479,305,37.0,69.0
479,311,37.0,69.0
479,268,37.0,69.0
480,266,37.0,69.0
479,274,37.0,69.0
479,274,37.0,69.0
477,261,37.0,69.0
480,259,37.0,69.0
479,266,37.0,69.0
479,268,37.0,69.0
479,272,37.0,69.0
479,288,37.0,69.0
480,287,37.0,69.0
479,289,37.0,69.0
480,291,37.0,69.0
479,292,37.0,69.0
480,293,37.0,69.0
479,294,37.0,69.0
480,295,37.0,69.0
479,295,37.0,69.0
480,295,37.0,69.0
479,297,37.0,69.0
480,298,37.0,69.0
479,297,37.0,69.0
480,298,37.0,69.0
479,299,37.0,69.0
480,300,37.0,69.0
479,301,37.0,69.0
480,301,37.0,69.0
480,299,37.0,69.0
479,300,37.0,69.0
479,300,37.0,69.0
479,300,37.0,69.0
480,301,37.0,69.0
479,301,37.0,69.0
480,302,37.0,69.0
479,303,37.0,69.0
480,304,37.0,69.0
479,305,37.0,69.0
480,305,37.0,69.0
479,305,37.0,69.0
480,306,37.0,69.0
479,308,37.0,69.0
480,307,37.0,69.0
479,306,37.0,69.0
480,307,37.0,69.0
480,308,37.0,69.0
480,309,37.0,69.0
479,309,37.0,69.0
480,308,37.0,69.0
479,309,37.0,69.0
480,309,37.0,69.0
479,308,37.0,69.0
480,308,37.0,69.0
479,309,37.0,69.0
480,310,37.0,69.0
479,308,37.0,69.0
479,308,37.0,69.0
479,308,37.0,69.0
479,257,37.0,69.0
479,308,37.0,69.0
479,312,37.0,69.0
480,313,37.0,69.0
479,313,37.0,69.0
479,313,37.0,69.0
479,308,37.0,69.0
479,314,37.0,69.0
479,322,37.0,69.0
479,327,37.0,69.0
479,330,37.0,69.0
479,362,37.0,69.0
479,381,37.0,69.0
479,390,37.0,69.0
479,394,37.0,69.0
480,397,37.0,69.0
480,397,37.0,69.0
480,400,37.0,69.0
480,398,37.0,69.0
480,399,37.0,69.0
480,401,37.0,69.0
480,398,37.0,69.0
480,397,37.0,69.0
478,393,37.0,69.0
477,386,37.0,69.0
477,381,37.0,69.0
477,383,37.0,69.0
477,391,37.0,69.0
476,393,37.0,69.0
476,385,37.0,69.0
476,379,37.0,69.0
474,381,37.0,69.0
474,380,37.0,69.0
474,381,37.0,69.0
473,384,37.0,69.0
474,380,37.0,69.0
474,379,37.0,69.0
474,381,37.0,69.0
474,381,37.0,69.0
474,378,37.0,69.0
474,380,37.0,69.0
474,378,37.0,69.0
474,378,37.0,69.0
474,381,37.0,69.0
474,383,37.0,69.0
474,381,37.0,69.0
474,382,37.0,69.0
474,384,37.0,69.0
474,385,37.0,69.0
474,383,37.0,69.0
474,383,37.0,69.0
474,384,37.0,69.0
474,384,37.0,69.0
474,381,37.0,69.0
474,381,37.0,69.0
474,382,37.0,69.0
475,383,37.0,69.0
475,382,37.0,69.0
475,384,37.0,69.0
476,387,37.0,69.0
476,386,37.0,69.0
476,385,37.0,69.0
476,385,37.0,69.0
476,386,37.0,69.0
474,385,37.0,69.0
473,383,37.0,69.0
473,382,37.0,69.0
474,380,37.0,69.0
474,376,37.0,69.0
474,373,37.0,69.0
475,372,37.0,69.0
475,372,37.0,69.0
475,370,37.0,69.0
476,369,37.0,69.0
475,367,37.0,69.0
474,366,37.0,69.0
474,366,37.0,69.0
475,366,37.0,69.0
475,366,37.0,69.0
475,367,37.0,69.0
475,365,37.0,69.0
474,365,37.0,69.0
473,364,37.0,69.0
473,363,37.0,69.0
474,363,37.0,69.0
474,364,37.0,69.0
475,363,37.0,69.0
475,361,37.0,69.0
473,360,37.0,69.0
474,359,37.0,69.0
476,361,37.0,69.0
476,360,37.0,69.0
478,361,37.0,69.0
480,360,37.0,69.0
479,359,37.0,69.0
479,360,37.0,69.0
479,360,37.0,69.0
479,362,37.0,69.0
479,360,37.0,69.0
479,360,37.0,69.0
479,359,37.0,69.0
479,356,37.0,69.0
478,268,37.0,69.0
479,273,37.0,69.0
480,273,37.0,69.0
479,273,37.0,69.0
480,274,37.0,69.0
479,274,37.0,69.0
480,274,37.0,69.0
479,276,37.0,69.0
479,274,37.0,69.0
480,274,37.0,69.0
479,274,37.0,69.0
479,275,37.0,69.0
480,275,37.0,69.0
479,269,37.0,69.0
480,275,37.0,69.0
480,283,37.0,69.0
479,293,37.0,69.0
479,303,37.0,69.0
478,302,37.0,69.0
477,303,37.0,69.0
476,307,37.0,69.0
476,309,37.0,69.0
476,304,37.0,69.0
475,298,37.0,69.0
475,295,37.0,69.0
475,298,37.0,69.0
474,294,37.0,69.0
473,294,37.0,69.0
473,290,37.0,69.0
475,292,37.0,69.0
475,294,37.0,69.0
474,299,37.0,69.0
473,304,37.0,69.0
472,306,37.0,69.0
471,307,37.0,69.0
471,309,37.0,69.0
471,312,37.0,69.0
472,313,37.0,69.0
472,314,37.0,69.0
472,314,37.0,69.0
472,315,37.0,69.0
472,317,37.0,69.0
472,316,37.0,69.0
472,315,37.0,69.0
472,315,37.0,69.0
471,317,37.0,69.0
473,309,37.0,69.0
477,305,37.0,69.0
478,303,37.0,69.0
475,302,37.0,69.0
472,303,37.0,69.0
470,305,37.0,69.0
468,308,37.0,69.0
468,313,37.0,69.0
468,318,37.0,69.0
469,320,37.0,69.0
470,323,37.0,69.0
472,325,37.0,69.0
471,325,37.0,69.0
470,327,37.0,69.0
469,327,37.0,69.0
466,326,37.0,69.0
464,328,37.0,69.0
463,328,37.0,69.0
464,329,37.0,69.0
465,334,37.0,69.0
466,338,37.0,69.0
467,337,37.0,69.0
466,336,37.0,69.0
466,338,37.0,69.0
467,341,37.0,69.0
467,342,37.0,69.0
467,344,37.0,69.0
466,347,37.0,69.0
465,349,37.0,69.0
464,350,37.0,69.0
463,352,37.0,69.0
462,354,37.0,69.0
462,356,37.0,69.0
462,357,37.0,69.0
462,357,37.0,69.0
464,357,37.0,69.0
466,358,37.0,69.0
466,360,37.0,69.0
466,360,37.0,69.0
469,359,37.0,69.0
473,356,37.0,69.0
477,356,37.0,69.0
480,357,37.0,69.0
479,357,37.0,69.0
479,355,37.0,69.0
478,359,37.0,69.0
477,363,37.0,69.0
475,361,37.0,69.0
473,359,37.0,69.0
473,360,37.0,69.0
474,358,37.0,69.0
476,356,37.0,69.0
476,362,37.0,69.0
475,367,37.0,69.0
473,371,37.0,69.0
471,372,37.0,69.0
469,374,37.0,69.0
468,375,37.0,69.0
467,377,37.0,69.0
466,377,37.0,69.0
465,379,37.0,69.0
465,379,37.0,69.0
467,379,37.0,69.0
469,378,37.0,69.0
470,377,37.0,69.0
469,376,37.0,69.0
470,377,37.0,69.0
471,376,37.0,69.0
472,377,37.0,69.0
472,376,37.0,69.0
473,376,37.0,69.0
474,377,37.0,69.0
474,378,37.0,69.0
475,379,37.0,69.0
476,379,37.0,69.0
477,380,37.0,69.0
478,379,37.0,69.0
479,379,37.0,69.0
479,380,37.0,69.0
479,380,37.0,69.0
479,381,37.0,69.0
480,382,37.0,69.0
479,383,37.0,69.0
479,384,37.0,69.0
479,385,37.0,69.0
477,331,37.0,69.0
480,328,37.0,69.0
478,330,37.0,69.0
479,286,37.0,69.0
478,246,37.0,69.0
478,238,37.0,69.0
477,238,37.0,69.0
477,238,37.0,69.0
478,240,37.0,69.0
478,232,37.0,69.0
479,228,37.0,69.0
479,227,37.0,69.0
479,254,37.0,69.0
480,258,37.0,69.0
479,262,37.0,69.0
480,265,37.0,69.0
479,277,37.0,69.0
479,291,37.0,69.0
479,316,37.0,69.0
479,326,37.0,69.0
479,335,37.0,69.0
479,336,37.0,69.0
479,337,37.0,69.0
479,341,37.0,69.0
479,283,37.0,69.0
479,278,37.0,69.0
480,278,37.0,69.0
479,274,37.0,69.0
479,271,37.0,69.0
479,271,37.0,69.0
479,271,37.0,69.0
479,271,37.0,69.0
479,270,37.0,69.0
479,278,37.0,69.0
478,335,37.0,69.0
474,402,37.0,69.0
469,417,37.0,69.0
464,419,37.0,69.0
458,420,37.0,69.0
450,420,37.0,69.0
442,420,37.0,69.0
436,419,37.0,69.0
431,420,37.0,69.0
427,420,37.0,69.0
424,420,37.0,69.0
421,422,37.0,69.0
419,423,37.0,69.0
417,425,37.0,69.0
416,428,37.0,69.0
415,431,37.0,69.0
414,433,37.0,69.0
413,434,37.0,69.0
412,436,37.0,69.0
411,436,37.0,69.0
411,437,37.0,69.0
410,439,37.0,69.0
409,440,37.0,69.0
408,440,37.0,69.0
407,440,37.0,69.0
406,441,37.0,69.0
405,440,37.0,69.0
405,440,37.0,69.0
405,441,37.0,69.0
405,442,37.0,69.0
405,441,37.0,69.0
405,442,37.0,69.0
405,441,37.0,69.0
406,441,37.0,69.0
407,441,37.0,69.0
407,442,37.0,69.0
407,443,37.0,69.0
408,443,37.0,69.0
409,443,37.0,69.0
409,443,37.0,69.0
409,443,37.0,69.0
409,444,37.0,69.0
409,445,37.0,69.0
410,445,37.0,69.0
411,446,37.0,69.0
413,446,37.0,69.0
437,523,37.0,69.0
444,534,37.0,69.0
448,541,37.0,69.0
450,540,37.0,69.0
448,535,37.0,69.0
445,532,37.0,69.0
443,529,37.0,69.0
441,529,37.0,69.0
439,528,37.0,69.0
437,526,37.0,69.0
437,526,37.0,69.0
430,525,37.0,69.0
424,524,37.0,69.0
417,522,37.0,69.0
409,521,37.0,69.0
401,519,37.0,69.0
395,517,37.0,69.0
395,518,37.0,69.0
406,524,37.0,69.0
405,520,37.0,69.0
401,516,37.0,69.0
396,513,37.0,69.0
390,510,37.0,69.0
384,507,37.0,69.0
378,502,37.0,69.0
371,499,37.0,69.0
363,496,37.0,69.0
356,492,37.0,69.0
347,490,37.0,69.0
338,489,37.0,69.0
329,487,37.0,69.0
321,486,37.0,69.0
313,484,37.0,69.0
304,482,37.0,69.0
295,481,37.0,69.0
285,480,37.0,69.0
276,478,37.0,69.0
267,474,37.0,69.0
258,472,37.0,69.0
249,470,37.0,69.0
242,465,37.0,69.0
235,460,37.0,69.0
227,458,37.0,69.0
219,455,37.0,69.0
212,450,37.0,69.0
205,447,37.0,69.0
199,443,37.0,69.0
192,439,37.0,69.0
185,438,37.0,69.0
177,436,37.0,69.0
170,433,37.0,69.0
164,432,37.0,69.0
157,430,37.0,69.0
151,426,37.0,69.0
144,423,37.0,69.0
136,422,37.0,69.0
128,421,37.0,69.0
119,419,37.0,69.0
112,418,37.0,69.0
104,416,37.0,69.0
96,415,37.0,69.0
89,412,37.0,69.0
83,409,37.0,69.0
77,407,37.0,69.0
71,405,37.0,69.0
65,403,37.0,69.0
60,401,37.0,69.0
55,401,37.0,69.0
50,399,37.0,69.0
44,397,37.0,69.0
38,395,37.0,69.0
33,393,37.0,69.0
29,390,37.0,69.0
26,387,37.0,69.0
24,384,37.0,69.0
22,384,37.0,69.0
20,383,37.0,69.0
17,382,37.0,69.0
14,382,37.0,69.0
11,380,37.0,69.0
9,380,37.0,69.0
9,381,37.0,69.0
11,382,37.0,69.0
13,384,37.0,69.0
15,384,37.0,69.0
17,386,37.0,69.0
20,386,37.0,69.0
22,387,37.0,69.0
26,389,37.0,69.0
31,388,37.0,69.0
35,387,37.0,69.0
38,386,37.0,69.0
40,385,37.0,69.0
43,385,37.0,69.0
43,384,37.0,69.0
43,384,37.0,69.0
42,383,37.0,69.0
41,381,37.0,69.0
40,381,37.0,69.0
39,380,37.0,69.0
39,378,37.0,69.0
39,375,37.0,69.0
38,372,37.0,69.0
37,370,37.0,69.0
35,368,37.0,69.0
31,366,37.0,69.0
27,366,37.0,69.0
24,369,37.0,69.0
22,372,37.0,69.0
22,374,37.0,69.0
20,374,37.0,69.0
21,374,37.0,69.0
22,373,37.0,69.0
21,374,37.0,69.0
21,376,37.0,69.0
21,377,37.0,69.0
23,379,37.0,69.0
23,379,37.0,69.0
24,379,37.0,69.0
25,381,37.0,69.0
24,382,37.0,69.0
24,383,37.0,69.0
24,384,37.0,69.0
24,384,37.0,69.0
24,385,37.0,69.0
26,384,37.0,69.0
28,382,37.0,69.0
30,380,37.0,69.0
32,378,37.0,69.0
36,375,37.0,69.0
38,374,37.0,69.0
40,372,37.0,69.0
44,366,37.0,69.0
47,364,37.0,69.0
50,363,37.0,69.0
52,360,37.0,69.0
55,358,37.0,69.0
58,357,37.0,69.0
60,358,37.0,69.0
59,362,37.0,69.0
63,361,37.0,69.0
64,362,37.0,69.0
68,363,37.0,69.0
67,368,37.0,69.0
61,369,37.0,69.0
48,367,37.0,69.0
31,361,37.0,69.0
20,355,37.0,69.0
14,346,37.0,69.0
11,338,37.0,69.0
9,335,37.0,69.0
8,335,37.0,69.0
7,337,37.0,69.0
6,338,37.0,69.0
4,335,37.0,69.0
2,336,37.0,69.0
0,338,37.0,69.0
0,341,37.0,69.0
0,341,37.0,69.0
0,338,37.0,69.0
0,336,37.0,69.0
0,334,37.0,69.0
0,331,37.0,69.0
0,329,37.0,69.0
0,327,37.0,69.0
0,322,37.0,69.0
0,319,37.0,69.0
0,317,37.0,69.0
0,313,37.0,69.0
0,311,37.0,69.0
0,271,37.0,69.0
0,268,37.0,69.0
0,266,37.0,69.0
0,266,37.0,69.0
0,272,37.0,69.0
0,273,37.0,69.0
0,275,37.0,69.0
0,275,37.0,69.0
0,280,37.0,69.0
0,279,37.0,69.0
11,286,37.0,69.0
7,283,37.0,69.0
0,278,37.0,69.0
0,272,37.0,69.0
0,268,37.0,69.0
0,263,37.0,69.0
28,232,37.0,69.0
20,231,37.0,69.0
18,228,37.0,69.0
16,228,37.0,69.0
16,228,37.0,69.0
16,226,37.0,69.0
18,226,37.0,69.0
22,226,37.0,69.0
21,222,37.0,69.0
22,216,37.0,69.0
23,212,37.0,69.0
32,211,37.0,69.0
45,207,37.0,69.0
44,190,37.0,69.0
38,189,37.0,69.0
20,190,37.0,69.0
8,184,37.0,69.0
2,183,37.0,69.0
0,189,37.0,69.0
0,192,37.0,69.0
9,257,37.0,69.0
14,263,37.0,69.0
15,265,37.0,69.0
18,268,37.0,69.0
19,270,37.0,69.0
19,273,37.0,69.0
20,271,37.0,69.0
21,270,37.0,69.0
22,273,37.0,69.0
21,273,37.0,69.0
22,270,37.0,69.0
21,268,37.0,69.0
19,270,37.0,69.0
17,272,37.0,69.0
17,272,37.0,69.0
16,275,37.0,69.0
14,276,37.0,69.0
15,277,37.0,69.0
16,276,37.0,69.0
16,276,37.0,69.0
16,276,37.0,69.0
17,276,37.0,69.0
18,278,37.0,69.0
20,279,37.0,69.0
21,278,37.0,69.0
22,277,37.0,69.0
24,278,37.0,69.0
25,280,37.0,69.0
26,280,37.0,69.0
27,279,37.0,69.0
30,282,37.0,69.0
30,284,37.0,69.0
30,285,37.0,69.0
31,288,37.0,69.0
29,290,37.0,69.0
29,295,37.0,69.0
29,297,37.0,69.0
31,296,37.0,69.0
31,292,37.0,69.0
29,287,37.0,69.0
27,283,37.0,69.0
24,277,37.0,69.0
24,274,37.0,69.0
21,269,37.0,69.0
16,265,37.0,69.0
13,260,37.0,69.0
16,257,37.0,69.0
20,255,37.0,69.0
20,251,37.0,69.0
24,250,37.0,69.0
26,249,37.0,69.0
27,247,37.0,69.0
19,240,37.0,69.0
19,243,37.0,69.0
19,246,37.0,69.0
22,249,37.0,69.0
22,249,37.0,69.0
20,250,37.0,69.0
18,252,37.0,69.0
15,252,37.0,69.0
13,251,37.0,69.0
12,250,37.0,69.0
10,252,37.0,69.0
7,254,37.0,69.0
5,255,37.0,69.0
4,257,37.0,69.0
5,258,37.0,69.0
6,258,37.0,69.0
5,261,37.0,69.0
3,262,37.0,69.0
3,264,37.0,69.0
1,265,37.0,69.0
0,268,37.0,69.0
0,269,37.0,69.0
1,271,37.0,69.0
2,275,37.0,69.0
2,275,37.0,69.0
2,274,37.0,69.0
2,275,37.0,69.0
3,275,37.0,69.0
3,274,37.0,69.0
1,275,37.0,69.0
1,276,37.0,69.0
1,275,37.0,69.0
1,275,37.0,69.0
2,276,37.0,69.0
2,279,37.0,69.0
1,279,37.0,69.0
2,276,37.0,69.0
3,275,37.0,69.0
2,272,37.0,69.0
2,270,37.0,69.0
0,270,37.0,69.0
0,270,37.0,69.0
1,269,37.0,69.0
1,268,37.0,69.0
2,269,37.0,69.0
2,269,37.0,69.0
2,270,37.0,69.0
4,270,37.0,69.0
6,269,37.0,69.0
6,270,37.0,69.0
5,272,37.0,69.0
5,273,37.0,69.0
4,271,37.0,69.0
6,273,37.0,69.0
7,276,37.0,69.0
8,275,37.0,69.0
11,275,37.0,69.0
12,276,37.0,69.0
15,279,37.0,69.0
17,278,37.0,69.0
20,277,37.0,69.0
23,278,37.0,69.0
24,277,37.0,69.0
24,274,37.0,69.0
23,273,37.0,69.0
21,270,37.0,69.0
20,267,37.0,69.0
18,268,37.0,69.0
16,271,37.0,69.0
17,275,37.0,69.0
16,280,37.0,69.0
13,288,37.0,69.0
11,293,37.0,69.0
10,292,37.0,69.0
9,288,37.0,69.0
11,287,37.0,69.0
12,285,37.0,69.0
12,285,37.0,69.0
12,287,37.0,69.0
13,287,37.0,69.0
15,289,37.0,69.0
17,293,37.0,69.0
19,294,37.0,69.0
22,295,37.0,69.0
26,299,37.0,69.0
31,303,37.0,69.0
33,306,37.0,69.0
36,311,37.0,69.0
36,315,37.0,69.0
33,321,37.0,69.0
31,324,37.0,69.0
29,323,37.0,69.0
24,323,37.0,69.0
21,325,37.0,69.0
18,327,37.0,69.0
17,329,37.0,69.0
15,330,37.0,69.0
12,333,37.0,69.0
10,339,37.0,69.0
8,343,37.0,69.0
11,349,37.0,69.0
10,352,37.0,69.0
14,350,37.0,69.0
19,342,37.0,69.0
24,341,37.0,69.0
25,341,37.0,69.0
28,340,37.0,69.0
32,335,37.0,69.0
36,333,37.0,69.0
44,332,37.0,69.0
47,330,37.0,69.0
48,332,37.0,69.0
50,331,37.0,69.0
48,329,37.0,69.0
47,331,37.0,69.0
46,333,37.0,69.0
45,334,37.0,69.0
46,333,37.0,69.0
46,331,37.0,69.0
46,330,37.0,69.0
45,330,37.0,69.0
46,331,37.0,69.0
46,330,37.0,69.0
47,330,37.0,69.0
51,329,37.0,69.0
52,328,37.0,69.0
57,327,37.0,69.0
62,322,37.0,69.0
68,318,37.0,69.0
75,315,37.0,69.0
78,314,37.0,69.0
79,316,37.0,69.0
87,319,37.0,69.0
94,325,37.0,69.0
96,333,37.0,69.0
93,341,37.0,69.0
93,348,37.0,69.0
95,352,37.0,69.0
102,346,37.0,69.0
110,340,37.0,69.0
117,337,37.0,69.0
123,337,37.0,69.0
129,338,37.0,69.0
135,336,37.0,69.0
142,331,37.0,69.0
150,330,37.0,69.0
157,330,37.0,69.0
164,329,37.0,69.0
168,325,37.0,69.0
169,322,37.0,69.0
166,321,37.0,69.0
164,316,37.0,69.0
162,314,37.0,69.0
158,315,37.0,69.0
151,314,37.0,69.0
145,315,37.0,69.0
140,316,37.0,69.0
136,313,37.0,69.0
132,310,37.0,69.0
127,309,37.0,69.0
124,311,37.0,69.0
122,310,37.0,69.0
121,310,37.0,69.0
120,312,37.0,69.0
120,314,37.0,69.0
119,314,37.0,69.0
119,313,37.0,69.0
121,315,37.0,69.0
121,315,37.0,69.0
125,313,37.0,69.0
126,314,37.0,69.0
126,314,37.0,69.0
127,313,37.0,69.0
128,311,37.0,69.0
129,310,37.0,69.0
128,312,37.0,69.0
126,313,37.0,69.0
125,313,37.0,69.0
126,311,37.0,69.0
127,311,37.0,69.0
126,312,37.0,69.0
127,310,37.0,69.0
128,310,37.0,69.0
131,309,37.0,69.0
135,307,37.0,69.0
138,306,37.0,69.0
140,306,37.0,69.0
143,306,37.0,69.0
145,305,37.0,69.0
147,304,37.0,69.0
148,305,37.0,69.0
148,306,37.0,69.0
146,305,37.0,69.0
144,307,37.0,69.0
140,304,37.0,69.0
139,302,37.0,69.0
137,302,37.0,69.0
137,303,37.0,69.0
136,301,37.0,69.0
135,301,37.0,69.0
137,302,37.0,69.0
137,299,37.0,69.0
135,299,37.0,69.0
132,302,37.0,69.0
131,303,37.0,69.0
131,302,37.0,69.0
131,303,37.0,69.0
131,301,37.0,69.0
130,301,37.0,69.0
128,304,37.0,69.0
127,305,37.0,69.0
126,303,37.0,69.0
126,304,37.0,69.0
125,307,37.0,69.0
124,307,37.0,69.0
125,305,37.0,69.0
124,307,37.0,69.0
124,306,37.0,69.0
127,304,37.0,69.0
128,303,37.0,69.0
130,302,37.0,69.0
132,301,37.0,69.0
135,298,37.0,69.0
137,297,37.0,69.0
137,299,37.0,69.0
137,300,37.0,69.0
137,298,37.0,69.0
137,297,37.0,69.0
137,294,37.0,69.0
136,292,37.0,69.0
135,290,37.0,69.0
133,290,37.0,69.0
132,289,37.0,69.0
132,289,37.0,69.0
131,290,37.0,69.0
130,290,37.0,69.0
130,291,37.0,69.0
131,292,37.0,69.0
131,293,37.0,69.0
130,291,37.0,69.0
133,289,37.0,69.0
137,287,37.0,69.0
138,285,37.0,69.0
138,283,37.0,69.0
139,281,37.0,69.0
136,280,37.0,69.0
135,281,37.0,69.0
132,278,37.0,69.0
131,277,37.0,69.0
129,276,37.0,69.0
128,274,37.0,69.0
125,276,37.0,69.0
122,281,37.0,69.0
114,282,37.0,69.0
110,285,37.0,69.0
107,287,37.0,69.0
103,287,37.0,69.0
101,290,37.0,69.0
98,292,37.0,69.0
97,294,37.0,69.0
97,295,37.0,69.0
97,296,37.0,69.0
97,295,37.0,69.0
97,294,37.0,69.0
98,291,37.0,69.0
101,289,37.0,69.0
101,285,37.0,69.0
102,283,37.0,69.0
106,281,37.0,69.0
107,277,37.0,69.0
109,276,37.0,69.0
110,273,37.0,69.0
111,270,37.0,69.0
112,270,37.0,69.0
111,269,37.0,69.0
113,268,37.0,69.0
113,269,37.0,69.0
111,270,37.0,69.0
110,269,37.0,69.0
110,267,37.0,69.0
107,266,37.0,69.0
104,263,37.0,69.0
104,260,37.0,69.0
103,260,37.0,69.0
104,260,37.0,69.0
103,259,37.0,69.0
102,259,37.0,69.0
105,261,37.0,69.0
106,259,37.0,69.0
107,259,37.0,69.0
106,260,37.0,69.0
106,260,37.0,69.0
107,261,37.0,69.0
106,262,37.0,69.0
105,262,37.0,69.0
104,264,37.0,69.0
104,265,37.0,69.0
103,266,37.0,69.0
102,269,37.0,69.0
101,271,37.0,69.0
99,273,37.0,69.0
97,273,37.0,69.0
96,273,37.0,69.0
94,272,37.0,69.0
93,273,37.0,69.0
91,273,37.0,69.0
90,271,37.0,69.0
91,272,37.0,69.0
90,271,37.0,69.0
91,271,37.0,69.0
91,269,37.0,69.0
90,268,37.0,69.0
89,269,37.0,69.0
89,268,37.0,69.0
91,268,37.0,69.0
90,267,37.0,69.0
92,267,37.0,69.0
92,267,37.0,69.0
91,269,37.0,69.0
91,270,37.0,69.0
92,268,37.0,69.0
93,269,37.0,69.0
94,269,37.0,69.0
94,268,37.0,69.0
95,267,37.0,69.0
96,267,37.0,69.0
97,266,37.0,69.0
98,264,37.0,69.0
99,264,37.0,69.0
100,265,37.0,69.0
100,264,37.0,69.0
99,264,37.0,69.0
98,268,37.0,69.0
99,268,37.0,69.0
99,265,37.0,69.0
99,266,37.0,69.0
100,267,37.0,69.0
101,264,37.0,69.0
104,265,37.0,69.0
105,263,37.0,69.0
108,259,37.0,69.0
110,257,37.0,69.0
112,258,37.0,69.0
114,258,37.0,69.0
119,256,37.0,69.0
123,257,37.0,69.0
130,261,37.0,69.0
134,262,37.0,69.0
140,263,37.0,69.0
145,266,37.0,69.0
150,267,37.0,69.0
155,268,37.0,69.0
159,269,37.0,69.0
161,270,37.0,69.0
163,272,37.0,69.0
164,274,37.0,69.0
166,274,37.0,69.0
168,273,37.0,69.0
171,276,37.0,69.0
173,276,37.0,69.0
175,275,37.0,69.0
178,279,37.0,69.0
181,281,37.0,69.0
185,279,37.0,69.0
188,280,37.0,69.0
190,283,37.0,69.0
193,284,37.0,69.0
197,283,37.0,69.0
201,284,37.0,69.0
204,283,37.0,69.0
207,281,37.0,69.0
208,282,37.0,69.0
209,284,37.0,69.0
211,285,37.0,69.0
213,284,37.0,69.0
214,284,37.0,69.0
215,285,37.0,69.0
217,284,37.0,69.0
218,284,37.0,69.0
220,286,37.0,69.0
221,286,37.0,69.0
223,285,37.0,69.0
226,284,37.0,69.0
228,283,37.0,69.0
230,285,37.0,69.0
234,284,37.0,69.0
238,281,37.0,69.0
242,281,37.0,69.0
246,280,37.0,69.0
250,281,37.0,69.0
254,282,37.0,69.0
258,286,37.0,69.0
262,288,37.0,69.0
267,288,37.0,69.0
271,291,37.0,69.0
274,294,37.0,69.0
280,294,37.0,69.0
286,292,37.0,69.0
293,291,37.0,69.0
300,289,37.0,69.0
307,287,37.0,69.0
312,286,37.0,69.0
318,288,37.0,69.0
325,287,37.0,69.0
335,286,37.0,69.0
344,288,37.0,69.0
356,290,37.0,69.0
365,289,37.0,69.0
372,288,37.0,69.0
378,290,37.0,69.0
385,291,37.0,69.0
391,289,37.0,69.0
396,289,37.0,69.0
400,290,37.0,69.0
405,288,37.0,69.0
410,289,37.0,69.0
414,291,37.0,69.0
417,291,37.0,69.0
420,293,37.0,69.0
423,294,37.0,69.0
427,292,37.0,69.0
431,289,37.0,69.0
436,287,37.0,69.0
439,283,37.0,69.0
441,283,37.0,69.0
443,281,37.0,69.0
445,277,37.0,69.0
448,274,37.0,69.0
452,274,37.0,69.0
454,273,37.0,69.0
454,274,37.0,69.0
453,273,37.0,69.0
454,268,37.0,69.0
454,268,37.0,69.0
452,266,37.0,69.0
452,261,37.0,69.0
454,260,37.0,69.0
459,254,37.0,69.0
464,250,37.0,69.0
468,249,37.0,69.0
471,247,37.0,69.0
475,245,37.0,69.0
479,244,37.0,69.0
479,241,37.0,69.0
479,238,37.0,69.0
479,239,37.0,69.0
467,239,37.0,69.0
453,234,37.0,69.0
449,229,37.0,69.0
448,227,37.0,69.0
450,225,37.0,69.0
455,222,37.0,69.0
461,222,37.0,69.0
466,222,37.0,69.0
470,221,37.0,69.0
475,220,37.0,69.0
480,223,37.0,69.0
479,224,37.0,69.0
479,226,37.0,69.0
479,226,37.0,69.0
480,171,37.0,69.0
479,166,37.0,69.0
479,163,37.0,69.0
479,160,37.0,69.0
479,161,37.0,69.0
479,164,37.0,69.0
479,163,37.0,69.0
479,164,37.0,69.0
479,166,37.0,69.0
479,164,37.0,69.0
479,163,37.0,69.0
479,164,37.0,69.0
479,167,37.0,69.0
479,170,37.0,69.0
479,166,37.0,69.0
479,166,37.0,69.0
479,170,37.0,69.0
479,172,37.0,69.0
479,172,37.0,69.0
479,173,37.0,69.0
479,174,37.0,69.0
479,177,37.0,69.0
479,177,37.0,69.0
480,136,37.0,69.0
479,138,37.0,69.0
479,135,37.0,69.0
479,137,37.0,69.0
479,140,37.0,69.0
479,138,37.0,69.0
479,144,37.0,69.0
479,144,37.0,69.0
480,222,37.0,69.0
479,222,37.0,69.0
480,220,37.0,69.0
480,222,37.0,69.0
479,221,37.0,69.0
480,218,37.0,69.0
479,216,37.0,69.0
480,218,37.0,69.0
480,218,37.0,69.0
480,215,37.0,69.0
480,215,37.0,69.0
480,215,37.0,69.0
480,217,37.0,69.0
480,218,37.0,69.0
479,216,37.0,69.0
479,217,37.0,69.0
479,220,37.0,69.0
479,222,37.0,69.0
479,220,37.0,69.0
479,217,37.0,69.0
480,215,37.0,69.0
479,211,37.0,69.0
480,206,37.0,69.0
479,203,37.0,69.0
480,199,37.0,69.0
479,193,37.0,69.0
480,192,37.0,69.0
479,190,37.0,69.0
480,188,37.0,69.0
479,188,37.0,69.0
480,190,37.0,69.0
479,191,37.0,69.0
480,191,37.0,69.0
479,193,37.0,69.0
480,195,37.0,69.0
479,196,37.0,69.0
480,197,37.0,69.0
479,195,37.0,69.0
479,201,37.0,69.0
479,199,37.0,69.0
479,197,37.0,69.0
480,199,37.0,69.0
479,203,37.0,69.0
480,205,37.0,69.0
480,204,37.0,69.0
480,206,37.0,69.0
480,206,37.0,69.0
480,206,37.0,69.0
479,206,37.0,69.0
479,207,37.0,69.0
479,206,37.0,69.0
480,205,37.0,69.0
479,206,37.0,69.0
480,205,37.0,69.0
479,204,37.0,69.0
480,209,37.0,69.0
479,211,37.0,69.0
480,209,37.0,69.0
479,213,37.0,69.0
480,217,37.0,69.0
479,220,37.0,69.0
479,224,37.0,69.0
479,226,37.0,69.0
479,228,37.0,69.0
480,226,37.0,69.0
479,227,37.0,69.0
480,228,37.0,69.0
479,224,37.0,69.0
480,222,37.0,69.0
479,220,37.0,69.0
480,219,37.0,69.0
479,215,37.0,69.0
480,210,37.0,69.0
480,206,37.0,69.0
479,204,37.0,69.0
479,199,37.0,69.0
480,196,37.0,69.0
479,193,37.0,69.0
479,190,37.0,69.0
479,190,37.0,69.0
479,260,37.0,69.0
479,269,37.0,69.0
479,277,37.0,69.0
479,277,37.0,69.0
480,274,37.0,69.0
479,264,37.0,69.0
480,266,37.0,69.0
480,267,37.0,69.0
480,265,37.0,69.0
479,266,37.0,69.0
480,267,37.0,69.0
479,264,37.0,69.0
479,264,37.0,69.0
479,266,37.0,69.0
479,266,37.0,69.0
479,266,37.0,69.0
479,267,37.0,69.0
479,267,37.0,69.0
479,268,37.0,69.0
479,266,37.0,69.0
479,266,37.0,69.0
479,264,37.0,69.0
479,262,37.0,69.0
479,263,37.0,69.0
479,264,37.0,69.0
479,281,37.0,69.0
479,311,37.0,69.0
479,373,37.0,69.0
478,355,37.0,69.0
478,349,37.0,69.0
478,348,37.0,69.0
477,349,37.0,69.0
477,346,37.0,69.0
477,340,37.0,69.0
477,336,37.0,69.0
477,336,37.0,69.0
477,337,37.0,69.0
478,338,37.0,69.0
479,339,37.0,69.0
480,337,37.0,69.0
479,338,37.0,69.0
479,340,37.0,69.0
480,334,37.0,69.0
480,328,37.0,69.0
480,324,37.0,69.0
480,321,37.0,69.0
480,320,37.0,69.0
480,319,37.0,69.0
479,318,37.0,69.0
480,315,37.0,69.0
479,313,37.0,69.0
477,336,37.0,69.0
470,337,37.0,69.0
465,335,37.0,69.0
473,318,37.0,69.0
479,325,37.0,69.0
477,340,37.0,69.0
477,338,37.0,69.0
477,341,37.0,69.0
477,339,37.0,69.0
477,340,37.0,69.0
475,341,37.0,69.0
475,342,37.0,69.0
475,343,37.0,69.0
476,340,37.0,69.0
476,338,37.0,69.0
476,337,37.0,69.0
475,337,37.0,69.0
474,338,37.0,69.0
472,337,37.0,69.0
471,339,37.0,69.0
471,339,37.0,69.0
470,339,37.0,69.0
469,338,37.0,69.0
468,335,37.0,69.0
466,336,37.0,69.0
466,335,37.0,69.0
467,334,37.0,69.0
468,333,37.0,69.0
469,332,37.0,69.0
469,331,37.0,69.0
470,329,37.0,69.0
471,330,37.0,69.0
471,333,37.0,69.0
471,334,37.0,69.0
472,334,37.0,69.0
473,333,37.0,69.0
473,333,37.0,69.0
473,335,37.0,69.0
475,335,37.0,69.0
476,337,37.0,69.0
477,334,37.0,69.0
476,330,37.0,69.0
478,331,37.0,69.0
479,334,37.0,69.0
479,333,37.0,69.0
479,329,37.0,69.0
479,326,37.0,69.0
479,324,37.0,69.0
480,321,37.0,69.0
480,321,37.0,69.0
479,320,37.0,69.0
479,318,37.0,69.0
479,316,37.0,69.0
479,314,37.0,69.0
480,312,37.0,69.0
479,315,37.0,69.0
479,320,37.0,69.0
480,323,37.0,69.0
479,326,37.0,69.0
479,328,37.0,69.0
480,332,37.0,69.0
480,339,37.0,69.0
479,338,37.0,69.0
479,335,37.0,69.0
479,331,37.0,69.0
479,327,37.0,69.0
480,325,37.0,69.0
480,319,37.0,69.0
479,314,37.0,69.0
478,307,37.0,69.0
478,300,37.0,69.0
478,293,37.0,69.0
479,290,37.0,69.0
478,284,37.0,69.0
477,284,37.0,69.0
477,278,37.0,69.0
477,272,37.0,69.0
478,269,37.0,69.0
479,270,37.0,69.0
480,270,37.0,69.0
480,266,37.0,69.0
480,265,37.0,69.0
480,262,37.0,69.0
480,261,37.0,69.0
480,263,37.0,69.0
480,266,37.0,69.0
480,263,37.0,69.0
480,264,37.0,69.0
480,264,37.0,69.0
480,265,37.0,69.0
480,264,37.0,69.0
480,257,37.0,69.0
479,303,37.0,69.0
479,307,37.0,69.0
480,386,37.0,69.0
479,382,37.0,69.0
474,389,37.0,69.0
471,390,37.0,69.0
467,391,37.0,69.0
466,390,37.0,69.0
465,390,37.0,69.0
464,391,37.0,69.0
463,392,37.0,69.0
462,392,37.0,69.0
462,392,37.0,69.0
461,392,37.0,69.0
460,392,37.0,69.0
460,394,37.0,69.0
459,393,37.0,69.0
459,391,37.0,69.0
459,391,37.0,69.0
459,390,37.0,69.0
459,389,37.0,69.0
458,390,37.0,69.0
458,391,37.0,69.0
458,391,37.0,69.0
458,392,37.0,69.0
457,391,37.0,69.0
457,390,37.0,69.0
456,391,37.0,69.0
455,394,37.0,69.0
454,395,37.0,69.0
452,394,37.0,69.0
450,398,37.0,69.0
447,398,37.0,69.0
445,400,37.0,69.0
442,401,37.0,69.0
440,399,37.0,69.0
438,398,37.0,69.0
437,397,37.0,69.0
435,397,37.0,69.0
432,399,37.0,69.0
429,398,37.0,69.0
427,396,37.0,69.0
425,396,37.0,69.0
422,397,37.0,69.0
420,394,37.0,69.0
418,392,37.0,69.0
417,392,37.0,69.0
417,390,37.0,69.0
417,389,37.0,69.0
417,388,37.0,69.0
417,386,37.0,69.0
417,387,37.0,69.0
416,388,37.0,69.0
416,390,37.0,69.0
415,390,37.0,69.0
415,389,37.0,69.0
415,390,37.0,69.0
415,393,37.0,69.0
414,394,37.0,69.0
412,396,37.0,69.0
411,395,37.0,69.0
410,395,37.0,69.0
409,396,37.0,69.0
409,396,37.0,69.0
409,396,37.0,69.0
409,398,37.0,69.0
409,400,37.0,69.0
409,401,37.0,69.0
409,401,37.0,69.0
409,404,37.0,69.0
409,404,37.0,69.0
411,403,37.0,69.0
414,402,37.0,69.0
417,399,37.0,69.0
421,398,37.0,69.0
425,397,37.0,69.0
429,397,37.0,69.0
433,398,37.0,69.0
437,396,37.0,69.0
442,394,37.0,69.0
447,394,37.0,69.0
451,392,37.0,69.0
455,394,37.0,69.0
458,396,37.0,69.0
461,396,37.0,69.0
464,397,37.0,69.0
467,397,37.0,69.0
470,398,37.0,69.0
472,401,37.0,69.0
474,401,37.0,69.0
476,401,37.0,69.0
477,400,37.0,69.0
478,399,37.0,69.0
479,398,37.0,69.0
480,396,37.0,69.0
479,396,37.0,69.0
480,397,37.0,69.0
480,396,37.0,69.0
480,395,37.0,69.0
480,392,37.0,69.0
479,389,37.0,69.0
477,389,37.0,69.0
475,388,37.0,69.0
473,388,37.0,69.0
471,385,37.0,69.0
469,384,37.0,69.0
466,385,37.0,69.0
464,386,37.0,69.0
462,386,37.0,69.0
461,386,37.0,69.0
462,386,37.0,69.0
463,388,37.0,69.0
465,391,37.0,69.0
467,391,37.0,69.0
469,390,37.0,69.0
471,390,37.0,69.0
473,392,37.0,69.0
475,393,37.0,69.0
476,393,37.0,69.0
477,391,37.0,69.0
478,390,37.0,69.0
479,391,37.0,69.0
480,392,37.0,69.0
479,390,37.0,69.0
480,388,37.0,69.0
480,388,37.0,69.0
480,385,37.0,69.0
480,383,37.0,69.0
480,384,37.0,69.0
480,383,37.0,69.0
480,380,37.0,69.0
480,382,37.0,69.0
480,383,37.0,69.0
480,383,37.0,69.0
480,385,37.0,69.0
480,386,37.0,69.0
480,386,37.0,69.0
479,389,37.0,69.0
477,391,37.0,69.0
475,393,37.0,69.0
473,394,37.0,69.0
471,395,37.0,69.0
469,396,37.0,69.0
467,395,37.0,69.0
465,392,37.0,69.0
463,391,37.0,69.0
462,389,37.0,69.0
462,389,37.0,69.0
463,388,37.0,69.0
464,387,37.0,69.0
465,385,37.0,69.0
466,381,37.0,69.0
467,381,37.0,69.0
468,380,37.0,69.0
470,376,37.0,69.0
471,376,37.0,69.0
471,379,37.0,69.0
471,379,37.0,69.0
471,379,37.0,69.0
471,381,37.0,69.0
471,382,37.0,69.0
471,381,37.0,69.0
471,382,37.0,69.0
470,387,37.0,69.0
469,387,37.0,69.0
467,387,37.0,69.0
465,389,37.0,69.0
463,392,37.0,69.0
461,394,37.0,69.0
459,395,37.0,69.0
457,396,37.0,69.0
456,396,37.0,69.0
456,396,37.0,69.0
456,396,37.0,69.0
456,393,37.0,69.0
456,391,37.0,69.0
456,389,37.0,69.0
456,389,37.0,69.0
456,388,37.0,69.0
457,385,37.0,69.0
457,386,37.0,69.0
457,387,37.0,69.0
457,385,37.0,69.0
457,383,37.0,69.0
457,383,37.0,69.0
457,382,37.0,69.0
458,379,37.0,69.0
459,378,37.0,69.0
459,378,37.0,69.0
459,376,37.0,69.0
458,376,37.0,69.0
457,375,37.0,69.0
457,374,37.0,69.0
