444,180.7,483.45,175.17,489.65,219.38,450.2,224.92
442.79,176.14,486.84,179.56,483.33,224.72,439.28,221.3
437.24,178.55,478.21,175.6,481.44,220.56,440.47,223.5
433.52,177.29,475.29,175.98,476.71,221.42,434.94,222.72
430.25,176.41,472.82,176.02,473.26,222.84,430.69,223.24
425.49,175.74,470.69,175.75,470.67,223.13,425.48,223.12
421.13,173.48,468.79,173.13,469.15,223.87,421.5,224.21
419.46,173.69,464.88,171.53,467.29,222.03,421.87,224.2
415.35,171.55,459.89,169.66,462.05,220.33,417.51,222.23
409.95,173.12,452.54,163.67,464.37,216.98,421.78,226.43
401.65,173.93,447.96,161.07,462.68,214.03,416.36,226.9
403.63,170.69,445.2,159.4,459.34,211.49,417.77,222.78
401.92,167.93,445.22,158.23,457.47,212.87,414.16,222.57
402.92,163.95,450.83,159.95,455.19,212.28,407.28,216.28
402.36,160.28,455.21,159.17,456.36,213.66,403.51,214.77
403.58,158.4,451.17,157.49,452.23,213.29,404.64,214.2
403.12,156.82,451.39,153.84,455,212.16,406.73,215.15
403.5,156.18,446.6,150.4,454.6,210.11,411.51,215.89
407.97,149.33,453.92,149.2,454.1,212.1,408.15,212.23
411.09,148.3,458.49,145.04,463.04,211.1,415.65,214.37
413.07,145.92,460.63,140.72,467.76,205.9,420.2,211.1
420.98,140.66,467.96,136.92,473.55,206.92,426.56,210.67
429.16,135.03,482.31,134.37,483.19,205.95,430.04,206.61
436.05,131.94,486.18,129.26,490.18,204.1,440.04,206.78
442.17,129.69,496.47,127.86,499.1,205.56,444.79,207.39
456.34,119.46,514.92,121.35,512.2,205.68,453.62,203.79
461.15,110.34,520.53,110.33,520.55,203,461.17,203.01
467.26,104.1,535.31,105.5,533.27,204.47,465.21,203.06
472.3,98.69,545.18,96.81,547.84,199.95,474.96,201.83
478.78,84.872,558.8,82.901,561.57,195.48,481.55,197.45
487.11,73.305,570.72,69.801,575.79,190.93,492.19,194.44
487.39,59.449,580.32,58.553,581.58,189.61,488.66,190.51
491.35,47.58,590.96,48.138,590.16,190.57,490.55,190.01
490.78,37.617,598.39,37.903,597.99,189.3,490.38,189.01
484.26,27.403,605.23,27.552,605.03,189.15,484.06,189
489.44,18.198,613.85,20.349,610.94,188.72,486.53,186.57
482.08,15.025,612.59,11.004,618.06,188.69,487.55,192.71
467.08,10.308,610.31,11.31,608.97,201.93,465.75,200.93
450.69,11.16,597.51,11.031,597.69,213.16,450.87,213.29
433.18,11.096,589.17,12.939,586.66,225.32,430.67,223.48
415.1,13.674,575.62,12.008,577.94,235.6,417.42,237.27
399.75,15.667,566.33,15.409,566.69,242.95,400.1,243.21
381.36,16.098,556.21,17.212,554.65,261.88,379.8,260.76
366.09,16.375,549.09,16.511,548.9,269.51,365.9,269.37
353.63,16.163,544.54,16.039,544.71,276.91,353.8,277.03
341.82,15.187,541.65,15.51,541.21,284.7,341.39,284.37
328.58,14.377,536.83,13.999,537.33,292.75,329.09,293.13
314.9,14.523,531.98,14.065,532.59,302.9,315.51,303.36
302.74,14.007,528.38,14.15,528.19,311.57,302.55,311.43
288.85,10.142,516.17,9.9863,516.37,306.19,289.05,306.35
273.45,7.8162,504.4,9.0447,502.83,304.79,271.87,303.56
266.28,4.1321,494.82,4.0879,494.88,298.56,266.34,298.6
248.2,0.95998,480.27,2.0149,478.94,294.86,246.86,293.81
234.32,-0.98738,465.54,-1.907,466.71,290.5,235.48,291.42
213.54,0.28439,452.97,-2.0329,455.79,289.5,216.36,291.82
190.09,-12.606,427.99,-13.058,428.56,288.57,190.66,289.02
159.46,0.45729,404,0.13162,404.39,291.93,159.85,292.25
130.57,-4.8586,380.03,-4.9712,380.16,290.98,130.71,291.1
100.73,1.6186,354.3,1.19,354.8,293.5,101.22,293.93
80.432,-1.1054,331.08,-1.0296,330.99,294.56,80.342,294.48
64,2,323,2,323,296,64,296
48.311,3.0548,312.35,3.0831,312.31,305.95,48.279,305.92
34,10,300,10,300,320,34,320
23.069,14.212,288.55,14.472,288.24,330.26,22.76,330
32.437,12.507,305.37,13.302,304.42,337.97,31.491,337.18
46.155,11.028,323.16,11.024,323.16,342.87,46.159,342.87
62,11,338,11,338,348,62,348
78.283,10.047,361.6,10.183,361.44,349.21,78.12,349.08
97.967,10.227,384.13,10.184,384.18,348.88,98.018,348.92
119.08,9.1205,407.29,9.9219,406.34,350.91,118.13,350.11
137.08,9.3271,431.25,9.7189,430.79,352.31,136.63,351.92
154.76,9.0625,449.94,8.6585,450.41,352.2,155.23,352.61
171.98,9.6725,476.83,8.5626,478.09,354.54,173.24,355.65
189.21,11.601,488.82,12.269,488.03,365.54,188.42,364.88
200.01,10.137,504.8,10.146,504.79,376.01,200,376
216.63,11.015,521.12,10.544,521.7,384.65,217.21,385.12
228.88,9.0662,536.64,9.2817,536.37,397.19,228.61,396.98
242.31,11.156,549.92,10.264,551.07,407.56,243.47,408.45
257.43,11.287,563.11,11.429,562.92,418.07,257.25,417.93
271.48,5.6552,586.82,6.9553,585.13,415.34,269.8,414.04
284,2,606,2,606,418,284,418
296,2,625,2,625,422,296,422
309,2,644,2,644,426,309,426
322.17,-2.0987,661.18,-1.9142,660.94,427.67,321.94,427.48
334.17,-1.068,682.94,-1.7121,683.75,433.01,334.97,433.66
342,2,693,2,693,444,342,444
350.17,-0.45118,704.39,-0.96622,705.05,452.77,350.83,453.29
360,2,717,2,717,463,360,463
368,2,728,2,728,471,368,471
377,2,741,2,741,479,377,479
384,2,752,2,752,479,384,479
373.07,-0.76317,724.42,-1.0044,724.75,473.95,373.39,474.19
363.39,-0.7104,700.17,-0.45452,699.82,456.74,363.04,456.48
352,2,672,2,672,440,352,440
341.18,1.0597,647.1,1.3963,646.63,421.36,340.72,421.02
329.29,-1.6596,620.38,-1.4821,620.14,400.28,329.05,400.1
318.03,-0.99682,591.49,-2.5728,593.72,384.19,320.26,385.77
303.63,7.1604,558.55,6.297,559.75,359.85,304.82,360.72
294.76,26.349,525.11,26.515,524.88,343.44,294.54,343.28
280.81,43.608,486.39,44.092,485.72,328.52,280.15,328.03
274.42,55.201,455.02,63.912,442.86,316.03,262.26,307.32
258.36,70.757,424.01,70.766,423.99,292.12,258.35,292.11
247.99,79.32,392.67,82.222,388.73,278.69,244.05,275.79
246.25,89.887,380.24,89.738,380.43,263.96,246.44,264.11
248.55,92.709,367.34,93.056,366.86,254.55,248.08,254.21
253.08,96.342,355.58,95.266,357.12,242.69,254.63,243.76
255.61,101.22,350.63,100.38,351.78,230.82,256.76,231.65
256.25,103.96,346.14,104.03,346.04,221.29,256.15,221.22
259.61,109.54,341.32,110.04,340.72,209.29,259,208.79
265.62,118.04,336.8,117.45,337.55,208.11,266.37,208.7
263.44,123.21,333.45,125.32,330.8,213.26,260.79,211.16
260.37,128.95,328.86,127.86,330.18,211.49,261.69,212.57
264.86,137.88,323.34,136.54,325.1,213.25,266.61,214.59
266.29,140.59,323.46,143.29,320.02,216.11,262.86,213.41
263.25,145.4,321.99,145.17,322.26,216.13,263.53,216.36
271.4,146.29,322.87,145.97,323.29,214.28,271.81,214.6
278.19,150.73,329.53,151.15,328.99,216.24,277.65,215.81
284.32,149.8,332.36,152.66,328.82,212.2,280.78,209.34
288.17,153.78,333.47,154.05,333.13,211.49,287.83,211.22
297.03,154.68,339.86,157.2,336.76,209.93,293.92,207.41
299.8,158.84,339.58,159.86,338.34,208.06,298.55,207.03
306.49,163.44,342.52,168.3,336.43,213.42,300.4,208.56
304.96,172.44,338.57,171.24,340.14,215.04,306.54,216.25
305,178,342,178,342,221,305,221
306.98,182.78,344.34,183.64,343.4,224.63,306.04,223.77
309.12,187.47,340.89,186.99,341.51,228.28,309.75,228.76
310.72,190.98,345.09,191.44,344.52,234.27,310.15,233.81
314.48,194.41,349.12,195.84,347.51,234.85,312.87,233.42
318.78,196.39,353.84,198.14,351.92,236.65,316.86,234.89
322.12,198.33,351.08,198.4,350.99,237.4,322.03,237.33
326,199,355,199,355,238,326,238
