83,200,35,131
84,199,35.0,131.0
86,197,35.0,131.0
89,197,35.0,131.0
95,200,35.0,131.0
102,200,35.0,131.0
106,201,35.0,131.0
109,201,35.0,131.0
113,201,35.0,131.0
116,201,35.0,131.0
119,202,35.0,131.0
121,201,35.0,131.0
123,200,35.0,131.0
124,200,35.0,131.0
127,201,35.0,131.0
130,201,35.0,131.0
134,201,35.0,131.0
139,201,35.0,131.0
143,200,35.0,131.0
147,200,35.0,131.0
151,200,35.0,131.0
154,201,35.0,131.0
155,200,35.0,131.0
157,199,35.0,131.0
160,199,35.0,131.0
163,199,35.0,131.0
168,198,35.0,131.0
172,198,35.0,131.0
175,198,35.0,131.0
178,198,35.0,131.0
181,198,35.0,131.0
185,197,35.0,131.0
188,197,35.0,131.0
191,196,35.0,131.0
194,196,35.0,131.0
198,196,35.0,131.0
203,195,35.0,131.0
208,195,35.0,131.0
213,194,35.0,131.0
218,194,35.0,131.0
223,194,35.0,131.0
226,193,35.0,131.0
229,192,35.0,131.0
231,191,35.0,131.0
233,192,35.0,131.0
235,191,35.0,131.0
236,191,35.0,131.0
238,191,35.0,131.0
240,191,35.0,131.0
242,191,35.0,131.0
243,192,35.0,131.0
240,193,35.0,131.0
236,195,35.0,131.0
234,195,35.0,131.0
234,195,35.0,131.0
234,195,35.0,131.0
234,195,35.0,131.0
234,194,35.0,131.0
234,194,35.0,131.0
233,194,35.0,131.0
232,195,35.0,131.0
232,196,35.0,131.0
232,196,35.0,131.0
231,196,35.0,131.0
231,195,35.0,131.0
230,195,35.0,131.0
230,195,35.0,131.0
230,195,35.0,131.0
229,196,35.0,131.0
229,198,35.0,131.0
228,198,35.0,131.0
227,198,35.0,131.0
226,199,35.0,131.0
225,199,35.0,131.0
223,199,35.0,131.0
222,199,35.0,131.0
220,199,35.0,131.0
219,199,35.0,131.0
218,198,35.0,131.0
216,198,35.0,131.0
213,197,35.0,131.0
209,197,35.0,131.0
204,197,35.0,131.0
199,196,35.0,131.0
193,197,35.0,131.0
187,197,35.0,131.0
180,198,35.0,131.0
173,199,35.0,131.0
166,199,35.0,131.0
159,199,35.0,131.0
152,200,35.0,131.0
145,202,35.0,131.0
138,203,35.0,131.0
132,205,35.0,131.0
126,206,35.0,131.0
121,207,35.0,131.0
117,208,35.0,131.0
114,208,35.0,131.0
112,208,35.0,131.0
111,208,35.0,131.0
111,209,35.0,131.0
111,209,35.0,131.0
110,210,35.0,131.0
109,211,35.0,131.0
107,213,35.0,131.0
105,214,35.0,131.0
103,215,35.0,131.0
101,216,35.0,131.0
99,217,35.0,131.0
98,218,35.0,131.0
97,218,35.0,131.0
97,218,35.0,131.0
97,218,35.0,131.0
97,218,35.0,131.0
96,218,35.0,131.0
95,217,35.0,131.0
94,217,35.0,131.0
93,218,35.0,131.0
92,219,35.0,131.0
91,220,35.0,131.0
90,222,35.0,131.0
89,223,35.0,131.0
88,223,35.0,131.0
87,223,35.0,131.0
86,223,35.0,131.0
85,222,35.0,131.0
85,221,35.0,131.0
85,220,35.0,131.0
85,219,35.0,131.0
85,219,35.0,131.0
84,219,35.0,131.0
84,217,35.0,131.0
86,216,35.0,131.0
88,215,35.0,131.0
90,214,35.0,131.0
90,213,35.0,131.0
89,213,35.0,131.0
87,213,35.0,131.0
85,214,35.0,131.0
83,215,35.0,131.0
83,214,35.0,131.0
84,214,35.0,131.0
87,214,35.0,131.0
91,214,35.0,131.0
96,214,35.0,131.0
102,213,35.0,131.0
108,214,35.0,131.0
115,213,35.0,131.0
122,212,35.0,131.0
128,211,35.0,131.0
133,211,35.0,131.0
137,210,35.0,131.0
140,211,35.0,131.0
141,210,35.0,131.0
140,209,35.0,131.0
137,208,35.0,131.0
134,208,35.0,131.0
131,207,35.0,131.0
128,207,35.0,131.0
125,208,35.0,131.0
123,209,35.0,131.0
122,209,35.0,131.0
123,209,35.0,131.0
125,208,35.0,131.0
128,208,35.0,131.0
132,208,35.0,131.0
136,207,35.0,131.0
141,205,35.0,131.0
145,204,35.0,131.0
149,203,35.0,131.0
153,202,35.0,131.0
156,203,35.0,131.0
160,203,35.0,131.0
163,202,35.0,131.0
166,202,35.0,131.0
169,202,35.0,131.0
172,202,35.0,131.0
175,201,35.0,131.0
178,201,35.0,131.0
181,200,35.0,131.0
184,200,35.0,131.0
186,200,35.0,131.0
189,199,35.0,131.0
192,198,35.0,131.0
195,198,35.0,131.0
197,198,35.0,131.0
200,198,35.0,131.0
204,198,35.0,131.0
208,197,35.0,131.0
211,197,35.0,131.0
214,196,35.0,131.0
217,196,35.0,131.0
220,196,35.0,131.0
223,196,35.0,131.0
226,197,35.0,131.0
229,197,35.0,131.0
232,198,35.0,131.0
235,199,35.0,131.0
239,198,35.0,131.0
243,198,35.0,131.0
246,198,35.0,131.0
250,198,35.0,131.0
254,197,35.0,131.0
258,198,35.0,131.0
262,199,35.0,131.0
266,200,35.0,131.0
270,201,35.0,131.0
275,201,35.0,131.0
280,202,35.0,131.0
285,202,35.0,131.0
290,202,35.0,131.0
295,202,35.0,131.0
300,202,35.0,131.0
305,201,35.0,131.0
309,200,35.0,131.0
313,199,35.0,131.0
316,198,35.0,131.0
319,197,35.0,131.0
321,197,35.0,131.0
323,196,35.0,131.0
324,196,35.0,131.0
326,196,35.0,131.0
328,196,35.0,131.0
331,195,35.0,131.0
335,194,35.0,131.0
339,195,35.0,131.0
343,195,35.0,131.0
349,195,35.0,131.0
356,195,35.0,131.0
361,196,35.0,131.0
364,197,35.0,131.0
365,197,35.0,131.0
367,197,35.0,131.0
369,198,35.0,131.0
371,197,35.0,131.0
373,197,35.0,131.0
375,196,35.0,131.0
377,196,35.0,131.0
379,195,35.0,131.0
381,194,35.0,131.0
384,192,35.0,131.0
386,191,35.0,131.0
388,191,35.0,131.0
390,190,35.0,131.0
391,189,35.0,131.0
392,188,35.0,131.0
392,189,35.0,131.0
392,189,35.0,131.0
392,190,35.0,131.0
393,192,35.0,131.0
393,193,35.0,131.0
393,192,35.0,131.0
