195.19,208.73,230.73,211.86,221.27,319.71,185.72,316.58
190.35,213.72,225.34,214.04,224.35,321.29,189.36,320.97
190.91,214.47,225.86,216.04,220.92,326.16,185.97,324.6
189.59,214.95,227.37,217.22,220.96,323.98,183.18,321.71
190.44,220.22,232.9,226.19,218.98,325.33,176.52,319.37
187.89,220.39,231.16,225.92,219.32,318.49,176.05,312.96
188.23,223.69,233.4,232.1,218.12,314.07,172.96,305.66
184.79,226.97,227.81,232.61,217.73,309.67,174.7,304.04
192.4,229.81,233.47,240.78,215.16,309.31,174.09,298.34
189.64,230.83,229.66,237.74,217.08,310.57,177.06,303.66
201.25,231.42,236.67,242.8,213.08,316.22,177.66,304.84
188.07,229.55,226.0,231.49,220.41,339.02,182.49,337.08
190.66,228.36,228.63,230.13,223.51,337.7,185.54,335.94
193.24,227.17,231.25,228.77,226.6,336.39,188.59,334.79
195.82,225.98,233.88,227.42,229.7,335.08,191.64,333.64
198.4,224.79,236.51,226.06,232.8,333.77,194.69,332.5
200.98,223.6,239.14,224.7,235.89,332.46,197.74,331.35
203.56,222.41,241.76,223.35,238.99,331.15,200.79,330.21
206.14,221.22,244.39,221.99,242.09,329.84,203.84,329.06
209.02,221.16,247.31,221.77,245.47,329.66,207.18,329.05
211.89,221.11,250.24,221.56,248.87,329.49,210.53,329.05
214.77,221.06,253.16,221.34,252.25,329.32,213.87,329.04
217.65,221.01,256.08,221.12,255.65,329.14,217.21,329.03
219.16,222.78,257.64,222.72,257.68,330.79,219.2,330.85
220.68,224.54,259.2,224.33,259.71,332.44,221.19,332.66
219.53,227.56,258.1,227.18,259.08,335.34,220.51,335.72
220.68,231.85,260.82,233.6,257.06,319.46,216.92,317.71
226.29,232.2,264.72,232.62,263.77,319.19,225.34,318.77
230.26,232.24,265.96,230.32,270.31,311.37,234.61,313.28
235.05,231.56,271.2,228.97,276.85,307.79,240.71,310.38
242.16,228.68,284.3,227.93,285.79,311.33,243.65,312.08
246.37,226.66,294.91,228.64,291.16,320.51,242.62,318.53
246.2,227.11,286.18,223.88,293.37,312.9,253.39,316.13
251.23,226.13,295.19,225.63,296.34,325.44,252.39,325.95
254.56,225.73,298.19,224.2,301.85,328.84,258.22,330.37
255.82,228.36,297.68,224.9,306.38,330.09,264.52,333.55
259.26,230.12,300.25,224.69,313.81,326.94,272.83,332.37
261.41,233.03,308.51,225.77,325.04,333.06,277.94,340.32
264.96,235.88,312.37,228.1,327.9,322.85,280.5,330.63
267.22,239.39,317.05,230.93,332.01,319.07,282.18,327.53
271.28,242.72,321.73,235.2,334.15,318.53,283.7,326.05
270.55,243.94,320.83,235.08,334.92,315.0,284.64,323.87
272.69,245.33,324.96,236.02,339.45,317.43,287.18,326.73
276.83,242.94,330.41,236.71,340.86,326.67,287.29,332.9
270.66,250.56,317.27,234.55,346.87,320.71,300.26,336.73
270.89,254.27,313.22,235.76,349.03,317.65,306.7,336.16
268.66,253.16,311.1,232.47,351.33,314.99,308.89,335.68
270.27,251.01,310.02,231.14,350.51,312.15,310.77,332.02
270.8,251.69,309.09,231.78,356.87,323.68,318.59,343.59
268.15,252.0,305.81,230.27,349.72,306.38,312.06,328.11
278.94,240.46,310.5,229.81,345.37,333.11,313.82,343.77
272.44,245.82,307.25,228.61,349.85,314.79,315.04,332.0
266.56,248.53,303.85,227.05,352.11,310.82,314.83,332.3
259.59,254.35,299.65,226.08,354.06,303.18,314.0,331.45
260.6,253.13,298.66,227.0,346.62,296.86,308.57,322.99
259.24,249.73,299.53,225.39,350.38,309.54,310.09,333.89
261.51,243.11,298.94,225.94,337.08,309.11,299.64,326.27
264.04,239.97,303.03,229.23,327.3,317.32,288.31,328.06
263.88,244.53,301.66,233.95,327.07,324.76,289.29,335.33
257.51,246.15,299.7,234.11,323.74,318.39,281.54,330.43
252.8,247.44,295.58,234.26,320.4,314.88,277.63,328.05
245.37,251.88,292.26,235.66,320.63,317.66,273.75,333.88
241.02,248.58,288.94,233.39,313.6,311.2,265.68,326.39
234.96,250.79,281.64,232.95,310.86,309.37,264.19,327.22
227.15,260.81,271.42,237.12,311.83,312.63,267.56,336.32
222.53,251.93,264.11,229.68,311.48,318.22,269.89,340.47
216.97,254.66,253.32,232.44,306.92,320.1,270.57,342.32
211.42,255.77,244.55,232.97,303.75,318.98,270.61,341.78
209.41,252.79,241.82,231.87,299.64,321.46,267.23,342.38
211.04,247.45,238.67,231.28,294.4,326.51,266.77,342.69
210.63,242.71,242.73,230.77,281.19,334.22,249.1,346.15
199.96,243.45,234.03,228.57,279.45,332.54,245.38,347.42
195.18,239.91,231.58,227.41,264.38,322.93,227.99,335.43
181.25,241.82,221.94,225.75,258.29,317.78,217.6,333.85
170.97,242.56,215.73,224.96,249.15,310.0,204.39,327.59
171.05,238.9,212.58,226.12,237.92,308.46,196.39,321.24
159.22,240.48,199.37,225.21,233.05,313.74,192.9,329.02
163.6,235.96,198.16,226.88,223.05,321.58,188.49,330.67
164.07,237.09,196.38,230.26,219.62,340.22,187.3,347.05
157.93,235.66,184.04,228.48,214.16,338.07,188.05,345.25
150.84,234.95,177.48,226.47,213.17,338.54,186.52,347.03
142.68,233.74,173.79,224.58,207.37,338.64,176.26,347.8
134.4,231.07,170.97,220.99,197.39,316.79,160.83,326.88
126.05,235.22,163.42,222.21,195.04,312.99,157.66,326.01
131.14,224.66,173.88,218.96,187.44,320.74,144.7,326.43
131.19,224.28,170.42,220.39,178.68,303.72,139.45,307.6
121.65,223.81,164.69,216.66,179.96,308.55,136.92,315.7
114.7,228.58,152.51,219.19,174.39,307.28,136.57,316.68
120.95,222.35,153.58,217.92,169.01,331.5,136.38,335.93
119.01,222.25,148.21,217.59,166.18,330.15,136.98,334.81
111.28,223.99,139.15,216.09,171.47,330.22,143.61,338.11
107.83,222.88,141.83,216.15,164.69,331.65,130.68,338.38
98.502,225.4,134.4,214.1,170.41,328.43,134.51,339.74
87.324,227.54,124.42,211.18,166.5,306.59,129.4,322.95
90.555,219.02,117.59,204.69,181.96,326.12,154.92,340.45
87.657,224.57,117.69,207.78,167.83,297.46,137.8,314.25
99.101,215.9,139.07,208.21,155.48,293.54,115.51,301.23
98.512,215.59,136.84,208.19,153.39,294.0,115.07,301.39
105.96,214.72,140.04,211.21,150.99,317.3,116.92,320.82
106.82,213.39,140.43,209.79,152.31,320.57,118.7,324.17
105.7,210.77,136.95,204.87,157.94,316.11,126.69,322.01
104.6,211.71,138.46,203.46,165.81,315.73,131.94,323.98
107.51,208.68,141.17,202.27,163.33,318.58,129.67,324.99
110.97,204.23,150.74,199.76,162.12,301.13,122.35,305.6
108.37,202.6,149.37,194.35,170.41,298.87,129.41,307.12
110.1,202.53,151.94,194.21,172.16,295.86,130.32,304.19
116.39,201.35,154.76,195.48,168.57,285.7,130.2,291.57
120.51,197.45,158.07,192.55,170.12,284.99,132.56,289.89
124.07,199.35,160.07,194.24,172.78,283.9,136.78,289.0
133.44,199.19,165.42,197.71,170.43,305.93,138.46,307.42
124.16,203.04,159.45,192.38,191.47,298.41,156.18,309.07
131.09,198.27,163.9,191.45,187.4,304.69,154.59,311.5
135.16,196.62,166.13,190.54,188.71,305.63,157.74,311.71
133.16,194.77,167.29,186.36,192.88,290.28,158.75,298.68
127.92,198.56,167.48,185.07,200.68,282.48,161.12,295.96
151.81,189.65,189.38,189.08,191.01,297.77,153.44,298.34
146.18,195.71,182.18,187.79,198.46,261.78,162.45,269.7
160.88,186.74,198.24,185.75,200.31,263.31,162.94,264.3
153.51,189.09,191.81,183.27,204.74,268.34,166.43,274.16
169.89,186.72,202.25,186.66,202.43,293.28,170.06,293.33
172.75,186.86,203.17,186.01,206.13,292.63,175.71,293.47
152.71,199.08,191.83,181.33,234.13,274.54,195.01,292.3
171.78,186.35,206.54,179.82,226.94,288.25,192.18,294.79
175.62,183.6,207.78,177.92,227.52,289.77,195.36,295.44
179.83,180.95,215.27,176.87,226.91,278.13,191.48,282.2
176.78,181.79,214.3,174.12,235.03,275.43,197.51,283.1
181.31,178.2,221.65,172.03,237.04,272.59,196.7,278.77
189.28,178.8,228.01,176.09,234.08,263.0,195.35,265.71
193.51,175.12,231.13,173.82,234.21,263.03,196.59,264.33
198.74,177.15,234.45,176.08,237.6,280.75,201.89,281.82
201.06,178.08,233.38,175.9,240.26,277.7,207.94,279.88
192.38,182.62,229.37,172.91,255.74,273.41,218.75,283.12
202.56,176.16,236.28,171.98,249.46,278.2,215.74,282.38
202.14,173.59,237.1,170.0,248.42,280.08,213.45,283.67
199.21,173.91,235.34,166.86,256.78,276.72,220.65,283.77
193.46,175.29,234.63,164.82,262.78,275.55,221.61,286.02
209.23,167.3,245.3,167.6,244.43,272.88,208.36,272.59
219.88,166.34,251.18,170.34,237.78,275.06,206.48,271.06
205.98,175.59,247.68,171.55,254.35,240.35,212.64,244.39
219.62,165.8,254.71,170.15,241.56,276.05,206.47,271.69
215.8,167.24,254.01,168.33,250.92,276.28,212.71,275.19
206.55,170.56,246.89,164.18,262.01,259.72,221.68,266.11
203.59,175.55,243.36,163.86,272.73,263.8,232.96,275.49
211.73,173.05,249.09,164.87,271.77,268.51,234.42,276.69
220.26,170.27,252.87,165.85,267.61,274.73,235.01,279.14
221.67,168.53,253.4,162.83,272.68,270.11,240.95,275.81
225.86,163.61,258.14,160.52,268.58,269.69,236.3,272.78
226.55,161.33,259.73,157.8,271.45,267.69,238.27,271.23
230.66,162.29,263.48,160.77,268.37,266.92,235.55,268.43
234.2,162.58,266.44,162.54,266.58,270.0,234.33,270.04
236.75,160.3,269.21,161.64,264.64,272.63,232.18,271.3
238.19,163.17,271.96,166.47,261.76,270.96,227.99,267.66
238.84,163.69,273.03,166.37,264.78,271.46,230.59,268.77
238.36,163.07,274.21,164.5,269.99,270.22,234.14,268.79
234.5,164.4,276.37,163.18,279.43,268.04,237.56,269.26
249.35,157.67,283.69,163.89,263.47,275.67,229.13,269.46
252.42,154.62,287.98,161.91,264.87,274.64,229.31,267.35
238.3,156.96,280.23,154.99,284.19,239.16,242.26,241.13
253.55,156.43,287.84,161.24,273.87,260.74,239.58,255.93
240.42,160.35,280.94,155.96,289.55,235.6,249.04,239.98
246.77,159.36,285.51,158.52,287.38,244.24,248.65,245.09
252.91,158.31,287.06,159.3,283.94,267.56,249.79,266.57
257.8,157.01,288.71,158.42,283.83,265.57,252.93,264.16
249.91,153.75,285.39,148.81,300.95,260.75,265.47,265.69
259.84,151.84,292.47,151.04,295.26,264.34,262.62,265.14
266.76,150.87,296.01,152.22,290.79,265.57,261.54,264.22
267.55,150.24,300.11,151.26,296.78,258.14,264.22,257.13
270.08,149.52,302.59,149.04,304.18,255.71,271.68,256.2
274.88,152.06,305.57,152.5,304.07,257.7,273.38,257.26
280.13,149.52,312.34,152.64,302.2,257.47,270.0,254.36
282.06,152.58,314.52,156.04,303.73,257.29,271.27,253.83
281.67,154.52,316.38,157.77,307.0,257.84,272.29,254.59
286.03,151.31,321.44,157.61,304.15,254.79,268.73,248.49
283.49,150.81,322.94,155.73,310.8,253.16,271.35,248.25
279.84,151.79,321.68,154.62,314.74,257.14,272.9,254.3
279.02,147.7,322.92,150.58,316.39,250.31,272.49,247.44
278.47,153.34,318.62,152.23,320.86,233.0,280.72,234.12
282.69,149.5,322.26,151.66,318.29,224.25,278.72,222.09
283.45,147.41,325.53,152.02,317.59,224.53,275.51,219.93
281.39,151.01,320.13,151.89,318.49,224.3,279.75,223.43
274.12,151.22,318.44,150.3,320.31,239.43,275.98,240.35
276.19,151.19,314.75,149.39,318.59,231.43,280.02,233.23
274.73,150.13,313.98,146.64,322.24,239.6,282.99,243.09
276.87,147.94,312.03,144.8,321.55,251.27,286.38,254.41
278.41,148.59,309.44,145.71,319.57,255.0,288.54,257.88
282.03,146.01,314.24,145.62,315.57,254.06,283.35,254.45
283.9,145.63,313.24,145.57,313.47,253.4,284.12,253.46
282.79,143.37,312.13,143.22,312.66,251.98,283.32,252.12
281.49,144.83,313.21,144.93,312.9,251.34,281.19,251.25
282.65,143.25,313.68,143.91,311.42,251.24,280.38,250.59
283.35,146.96,316.04,149.31,308.73,251.11,276.03,248.77
286.49,146.38,319.91,150.81,306.49,252.02,273.07,247.59
286.73,149.86,318.12,153.76,306.05,250.89,274.66,246.99
286.12,150.14,317.69,152.27,311.07,250.16,279.5,248.03
286.22,149.1,313.61,149.28,312.94,252.47,285.56,252.29
290.17,145.67,318.69,147.76,311.61,244.45,283.1,242.37
290.49,151.97,318.49,154.23,311.39,242.15,283.39,239.89
291.06,150.89,318.99,153.52,310.1,248.28,282.16,245.66
295.59,150.44,323.93,155.66,304.27,262.38,275.93,257.16
292.15,149.95,317.35,153.23,303.1,262.63,277.89,259.34
293.56,149.13,316.34,151.98,302.63,261.45,279.85,258.6
292.79,151.22,316.65,154.07,303.85,260.9,279.99,258.05
293.8,150.09,317.54,152.54,306.4,260.38,282.66,257.93
294.69,149.41,319.62,152.91,304.52,260.32,279.6,256.81
294.56,152.38,323.8,157.34,306.14,261.35,276.9,256.38
295.46,153.1,326.37,158.93,306.62,263.52,275.71,257.68
295.41,153.5,328.36,159.63,309.38,261.6,276.44,255.47
296.43,157.05,331.06,164.32,310.76,261.01,276.13,253.74
297.02,156.77,332.17,163.67,313.26,259.99,278.11,253.09
295.95,156.93,330.63,162.58,314.95,258.82,280.27,253.17
291.54,159.19,326.78,162.39,318.07,258.3,282.84,255.1
291.03,161.87,325.94,165.23,316.24,266.06,281.34,262.7
293.0,159.85,321.24,164.28,304.19,273.05,275.95,268.62
288.49,162.32,317.81,164.77,308.99,270.16,279.68,267.71
283.12,163.95,313.85,163.89,314.05,266.6,283.32,266.66
283.94,161.84,312.27,161.85,312.26,268.89,283.93,268.88
283.28,160.04,312.2,160.65,309.9,269.49,280.98,268.88
284.22,159.73,312.61,160.67,308.99,269.47,280.6,268.52
281.93,159.48,312.27,160.11,309.91,273.37,279.57,272.74
281.78,160.61,311.21,161.06,309.46,275.15,280.02,274.69
283.59,164.24,311.97,165.15,308.52,272.64,280.14,271.73
282.35,164.13,309.18,164.48,307.66,279.43,280.83,279.07
284.47,167.99,308.72,169.27,302.8,281.64,278.56,280.37
281.39,168.99,307.61,169.97,303.37,283.79,277.16,282.81
279.26,169.35,307.16,170.46,302.62,283.81,274.72,282.69
276.88,170.06,304.48,170.91,300.94,286.55,273.33,285.71
276.23,170.97,303.28,171.54,300.86,287.37,273.8,286.81
273.4,172.28,301.15,172.61,299.79,287.31,272.04,286.98
273.7,171.63,300.91,172.15,298.68,288.78,271.46,288.26
272.06,172.25,297.02,172.22,297.17,287.8,272.21,287.83
271.48,171.6,295.79,171.54,296.07,286.98,271.76,287.03
269.37,169.5,293.14,169.73,292.03,285.5,268.27,285.28
267.95,168.39,292.47,169.29,288.13,287.84,263.6,286.94
264.86,168.88,289.93,169.72,286.02,287.23,260.95,286.4
262.77,168.75,287.42,169.86,282.02,289.36,257.37,288.25
260.83,170.2,286.26,171.51,280.06,292.52,254.63,291.22
261.14,170.99,285.7,172.98,275.68,296.74,251.11,294.75
258.86,176.1,283.56,177.76,275.4,299.04,250.71,297.38
255.58,175.65,281.57,177.28,274.3,293.02,248.31,291.39
255.75,179.03,284.59,182.73,269.08,303.38,240.24,299.68
251.87,180.77,283.83,184.3,270.55,304.45,238.59,300.92
247.92,181.91,281.13,185.16,269.47,304.28,236.25,301.03
244.69,181.36,277.89,183.84,268.88,304.73,235.68,302.25
243.62,182.01,276.82,185.56,263.88,306.68,230.68,303.13
236.76,184.09,269.61,185.27,265.27,306.01,232.41,304.83
233.47,184.04,265.52,184.86,262.42,304.81,230.37,303.98
229.48,187.24,260.47,187.38,259.93,304.41,228.94,304.27
229.13,184.88,257.7,184.45,259.45,302.73,230.88,303.15
222.74,184.79,255.57,182.2,264.86,300.08,232.03,302.66
222.08,182.63,254.61,181.52,258.66,300.75,226.13,301.85
224.16,178.52,253.5,178.85,252.11,300.2,222.76,299.86
219.89,178.99,252.63,178.91,252.91,301.31,220.17,301.39
219.4,179.85,252.16,181.29,246.94,299.72,214.18,298.27
211.07,181.08,247.81,177.95,258.45,302.78,221.71,305.91
214.51,180.95,248.18,180.87,248.49,305.73,214.81,305.81
214.83,183.99,249.19,185.24,244.64,309.91,210.28,308.65
210.07,185.99,248.03,187.2,244.06,311.04,206.1,309.83
207.6,187.38,248.56,189.48,242.26,312.86,201.29,310.77
205.02,191.57,244.74,192.13,243.3,294.61,203.58,294.05
202.4,190.17,243.63,190.8,242.01,296.99,200.78,296.36
196.36,191.12,240.76,190.45,242.35,296.15,197.95,296.82
192.54,198.65,238.6,195.62,245.15,295.24,199.09,298.27
188.54,195.57,234.23,190.9,243.54,281.9,197.85,286.57
183.41,200.54,229.57,192.4,246.02,285.8,199.87,293.93
180.49,199.19,226.43,190.14,246.35,291.28,200.42,300.33
185.85,193.46,227.04,187.15,243.31,293.3,202.11,299.61
192.27,187.62,231.33,185.76,236.71,298.95,197.65,300.8
191.83,188.9,230.53,187.39,234.9,299.82,196.19,301.32
196.24,185.39,232.14,186.27,229.33,301.13,193.43,300.25
198.67,184.86,233.98,188.74,222.62,292.0,187.32,288.12
183.65,184.56,228.02,182.48,233.86,307.42,189.49,309.5
190.58,184.47,227.19,182.21,234.7,303.73,198.09,306.0
185.21,190.22,223.49,183.66,241.89,290.91,203.61,297.48
178.92,196.3,221.73,185.76,246.83,287.74,204.03,298.28
183.89,192.04,225.34,185.48,241.39,286.78,199.94,293.35
181.39,194.41,224.19,185.98,243.2,282.47,200.41,290.9
174.31,197.26,221.8,184.9,247.36,283.11,199.86,295.47
176.19,192.44,223.04,183.13,245.84,297.88,198.98,307.19
185.39,185.21,230.48,182.26,238.2,300.08,193.11,303.03
190.29,182.78,235.19,184.35,231.18,299.36,186.28,297.8
186.55,180.35,236.5,183.87,230.31,271.66,180.36,268.14
173.41,191.07,224.37,181.83,239.3,264.14,188.34,273.38
177.66,189.2,227.58,185.25,236.16,293.85,186.25,297.8
171.49,197.23,224.37,189.63,238.37,287.03,185.49,294.64
175.16,195.69,225.29,189.75,236.74,286.24,186.6,292.19
172.53,196.43,223.61,188.57,237.95,281.78,186.86,289.64
169.94,197.06,220.29,187.67,238.02,282.63,187.66,292.03
174.59,191.5,221.89,184.7,235.86,281.89,188.56,288.69
184.98,183.29,227.71,181.86,231.21,286.7,188.48,288.13
188.4,181.59,228.28,181.0,229.82,284.46,189.94,285.05
189.49,178.79,228.65,178.83,228.52,287.3,189.37,287.25
190.0,179.94,226.81,179.67,227.74,303.72,190.93,303.99
189.89,179.28,227.33,179.15,227.76,304.98,190.32,305.1
194.1,179.64,228.13,181.33,222.45,295.69,188.42,294.0
193.08,181.7,228.49,183.61,222.26,298.76,186.86,296.85
172.86,192.08,221.73,185.55,235.73,290.28,186.86,296.82
172.13,191.96,221.22,185.8,233.97,287.46,184.89,293.62
175.34,190.42,222.56,187.49,229.1,293.0,181.87,295.93
177.1,190.14,222.69,189.44,224.27,293.34,178.69,294.04
176.29,188.9,221.82,188.76,222.16,294.9,176.62,295.04
170.46,194.6,224.26,193.24,226.78,292.87,172.98,294.23
169.94,195.67,216.02,193.4,220.84,291.06,174.76,293.33
167.43,196.71,213.46,193.99,219.24,292.04,173.21,294.75
166.58,197.17,216.79,196.73,217.71,300.68,167.5,301.12
157.07,199.02,204.88,193.72,216.66,299.91,168.84,305.22
158.27,198.69,203.43,195.06,212.26,305.05,167.1,308.67
157.28,201.52,199.56,198.33,207.58,304.31,165.29,307.51
158.83,200.52,199.66,199.56,202.68,328.47,161.85,329.42
155.52,200.47,194.96,199.11,199.45,329.04,160.02,330.4
156.98,196.63,192.55,196.48,193.11,329.92,157.55,330.07
156.23,196.42,187.51,196.6,186.74,331.21,155.46,331.03
156.13,194.65,185.86,195.59,181.55,331.84,151.83,330.9
157.52,197.48,185.06,199.58,174.91,332.7,147.37,330.6
157.33,195.25,183.33,197.69,170.64,332.91,144.64,330.47
158.1,196.53,183.63,200.24,164.53,331.56,139.0,327.85
157.12,196.52,183.95,200.86,163.26,328.79,136.44,324.45
155.63,196.12,184.22,201.02,161.72,332.3,133.13,327.4
147.56,197.1,180.55,201.57,163.0,330.88,130.01,326.4
151.03,197.37,186.12,204.17,161.0,333.66,125.91,326.86
139.05,198.91,176.73,202.52,164.14,334.1,126.46,330.49
150.95,198.97,186.41,207.3,156.26,335.74,120.79,327.41
135.33,200.19,173.92,203.3,163.59,331.56,125.0,328.45
130.15,201.23,169.34,202.65,164.67,331.52,125.48,330.1
128.38,202.88,168.51,203.76,165.76,329.93,125.63,329.05
124.07,207.21,167.73,207.1,168.04,334.7,124.38,334.8
125.2,204.84,168.34,204.92,168.12,334.15,124.97,334.07
125.88,205.65,167.07,204.99,169.11,332.48,127.92,333.14
125.91,205.54,168.46,205.0,170.12,335.19,127.57,335.73
128.28,205.29,169.58,205.42,169.15,335.18,127.85,335.04
128.05,205.1,169.44,204.9,170.07,337.26,128.69,337.46
129.96,207.04,168.27,207.08,168.15,338.36,129.84,338.32
129.17,204.99,167.53,204.69,168.55,337.9,130.18,338.2
134.19,204.27,170.77,205.63,165.73,341.17,129.14,339.81
132.15,208.21,168.17,208.28,167.91,339.62,131.89,339.55
136.73,206.95,171.18,208.1,166.69,342.71,132.23,341.56
136.64,208.93,171.71,209.88,168.13,342.06,133.06,341.11
137.84,211.05,172.63,211.96,169.18,343.69,134.39,342.78
139.59,205.79,172.91,206.55,169.82,341.71,136.51,340.95
141.73,210.81,175.19,212.03,170.59,338.04,137.14,336.82
142.37,209.82,177.42,210.63,174.45,338.66,139.4,337.85
143.49,207.97,178.9,209.03,175.03,338.37,139.62,337.31
144.76,209.13,178.71,210.08,175.12,338.43,141.17,337.48
145.23,212.14,178.87,213.13,175.19,338.41,141.55,337.42
147.45,209.88,180.65,211.52,174.33,339.25,141.13,337.61
147.08,213.46,181.16,215.06,175.36,339.34,141.27,337.75
148.09,210.15,184.5,212.7,175.54,340.54,139.14,337.99
150.27,212.17,187.13,215.62,175.46,340.25,138.6,336.8
148.55,209.51,182.84,211.19,176.49,340.42,142.2,338.73
150.51,210.88,186.01,214.06,175.0,336.75,139.5,333.57
148.4,213.4,184.4,215.93,175.99,335.31,140.0,332.77
149.76,211.94,185.65,214.91,175.65,335.77,139.77,332.8
145.29,213.15,180.98,214.14,177.51,339.26,141.82,338.27
148.62,212.33,186.36,215.25,176.88,337.88,139.13,334.96
144.52,215.32,178.82,215.92,176.81,332.09,142.51,331.49
144.3,213.87,177.85,214.35,176.1,336.16,142.55,335.67
139.89,214.6,171.85,213.42,176.48,339.35,144.52,340.53
140.05,213.56,171.98,212.53,175.91,334.26,143.97,335.29
139.2,209.77,171.52,209.1,174.09,333.59,141.77,334.25
140.29,209.88,171.09,209.61,172.23,337.12,141.43,337.39
141.4,209.69,171.49,210.01,170.13,340.38,140.04,340.06
140.31,210.72,170.79,210.19,173.14,344.48,142.67,345.01
142.31,209.57,171.2,209.69,170.62,345.15,141.72,345.02
142.38,209.47,172.39,210.45,167.97,346.13,137.96,345.15
140.51,203.95,172.91,204.58,170.18,345.11,137.78,344.48
139.25,202.67,171.38,202.91,170.28,347.19,138.15,346.94
140.13,199.16,172.8,199.66,170.53,346.95,137.86,346.45
139.91,198.37,174.15,199.06,171.15,348.07,136.92,347.38
141.34,204.16,173.51,204.47,172.15,346.35,139.99,346.04
142.53,201.92,174.47,202.15,173.4,347.08,141.47,346.85
142.65,202.97,176.5,202.88,176.89,348.43,143.04,348.52
143.21,205.29,175.89,204.73,178.34,348.04,145.66,348.6
145.62,209.61,176.26,209.76,175.57,348.08,144.93,347.93
147.44,208.92,176.91,209.29,175.13,348.46,145.66,348.08
149.42,212.97,176.87,213.62,173.67,350.05,146.22,349.4
147.93,212.34,178.46,212.41,178.13,350.84,147.6,350.77
149.27,214.59,176.86,214.35,178.07,350.17,150.48,350.42
149.78,214.34,179.39,214.25,179.79,350.81,150.19,350.9
149.91,215.96,179.04,215.94,179.16,351.26,150.03,351.28
151.22,214.05,180.27,214.2,179.55,351.19,150.5,351.03
152.41,216.66,180.37,216.87,179.36,350.9,151.4,350.69
153.1,216.59,181.37,216.79,180.38,353.32,152.12,353.12
151.42,215.52,182.41,215.77,181.29,352.51,150.3,352.26
153.67,218.83,182.92,219.39,180.34,352.5,151.09,351.94
154.32,216.01,184.51,216.79,180.99,352.36,150.81,351.58
157.49,215.92,185.55,217.33,178.76,352.45,150.7,351.04
156.5,215.81,186.76,217.36,179.8,352.98,149.54,351.43
156.19,215.32,187.75,216.7,181.82,352.73,150.25,351.35
154.7,218.86,186.12,218.96,185.73,352.35,154.31,352.26
155.47,225.05,186.76,225.51,184.88,352.94,153.6,352.48
153.27,224.69,186.76,224.36,188.08,354.56,154.59,354.9
157.55,220.06,188.55,221.35,183.01,354.91,152.01,353.62
158.42,217.15,188.68,218.34,183.33,354.44,153.07,353.25
158.32,220.25,188.09,221.38,183.0,354.45,153.24,353.31
157.45,220.05,188.75,221.1,184.22,356.56,152.92,355.52
156.05,221.39,188.32,222.62,183.45,350.15,151.18,348.92
153.5,224.47,188.82,225.01,186.83,354.18,151.51,353.64
161.61,222.94,198.21,227.27,183.8,349.02,147.2,344.69
161.09,225.19,198.39,229.12,185.22,354.08,147.92,350.15
155.12,227.58,191.19,228.08,189.43,355.15,153.36,354.65
163.2,223.16,203.84,228.27,188.35,351.3,147.71,346.18
160.62,222.53,202.91,226.71,190.58,351.23,148.3,347.04
159.78,223.29,200.79,226.24,191.92,349.71,150.91,346.77
153.0,225.06,193.52,224.85,194.16,348.23,153.64,348.44
151.44,226.26,190.26,224.64,195.51,349.97,156.69,351.6
154.23,221.17,192.78,221.07,193.11,347.69,154.56,347.79
154.59,219.09,192.98,219.28,192.35,347.09,153.95,346.89
154.41,218.83,193.42,219.01,192.85,347.24,153.84,347.07
155.78,220.2,194.21,220.88,191.99,346.95,153.55,346.27
160.67,215.84,201.08,219.13,190.46,349.45,150.05,346.15
158.26,218.48,198.34,220.71,191.24,348.25,151.16,346.02
155.2,219.61,196.74,220.43,194.19,350.2,152.65,349.38
157.4,217.63,197.08,218.45,194.34,349.98,154.66,349.16
158.33,217.12,197.82,217.58,196.31,348.62,156.82,348.17
159.16,219.28,198.0,219.88,196.0,348.1,157.16,347.49
159.3,218.14,197.51,218.71,195.65,344.28,157.44,343.72
161.39,217.84,200.09,219.29,195.45,343.0,156.75,341.55
160.26,218.9,200.79,219.38,199.23,350.92,158.7,350.44
165.03,216.85,201.21,218.33,195.77,350.9,159.58,349.42
160.45,219.41,198.74,219.89,197.14,348.94,158.84,348.46
162.66,220.71,201.99,222.5,196.45,344.54,157.12,342.75
160.74,221.39,200.6,222.07,198.42,349.34,158.55,348.66
161.29,219.62,201.09,220.83,197.3,345.8,157.5,344.59
166.26,218.77,205.46,221.66,196.12,348.24,156.91,345.35
164.17,218.35,201.83,219.47,198.06,347.02,160.39,345.91
169.26,217.8,205.83,220.32,197.2,345.64,160.63,343.12
172.5,218.75,208.72,222.18,196.46,351.98,160.24,348.56
172.67,218.01,210.42,221.64,198.39,346.84,160.64,343.22
175.85,218.65,213.74,223.22,198.3,351.37,160.41,346.81
179.36,215.89,216.37,221.07,198.4,349.49,161.4,344.32
179.7,215.89,218.33,221.06,200.86,351.55,162.23,346.38
186.72,216.91,225.7,224.58,200.57,352.36,161.59,344.69
187.91,218.2,227.57,226.39,201.61,352.05,161.95,343.86
190.31,215.97,228.17,223.19,203.04,354.98,165.18,347.76
189.5,217.69,224.42,222.98,204.71,353.18,169.78,347.89
189.18,217.62,221.08,221.42,205.38,353.53,173.47,349.74
191.21,218.35,221.22,221.68,206.66,353.0,176.65,349.67
192.94,218.39,222.0,221.71,206.85,354.28,177.79,350.95
193.14,221.63,221.73,224.22,209.84,355.18,181.26,352.59
195.14,219.51,224.45,222.65,210.33,354.32,181.03,351.18
198.16,217.35,226.82,220.38,212.55,355.28,183.89,352.25
197.85,218.38,226.65,220.26,217.86,354.69,189.06,352.8
199.91,220.22,228.93,222.41,218.87,355.63,189.84,353.44
199.49,219.54,228.76,220.75,223.21,355.07,193.95,353.86
202.2,218.87,232.47,220.78,224.05,354.78,193.78,352.87
203.37,218.07,234.19,220.42,223.96,354.51,193.14,352.16
204.25,218.27,234.99,220.49,225.44,353.08,194.71,350.87
203.47,218.89,237.7,220.48,231.47,354.64,197.25,353.05
203.23,217.25,236.64,217.5,235.64,351.87,202.22,351.62
204.3,217.33,240.87,216.55,243.57,343.78,207.0,344.55
206.93,217.33,242.31,216.89,243.85,342.33,208.47,342.76
208.78,215.86,243.1,215.89,242.96,344.7,208.64,344.66
211.35,214.77,245.49,214.94,244.85,345.32,210.71,345.15
212.26,214.4,248.52,214.52,248.09,344.52,211.83,344.4
209.44,218.64,249.78,217.22,254.16,342.08,213.82,343.5
210.76,219.8,257.01,218.61,260.22,343.15,213.98,344.34
206.96,225.78,251.38,220.66,265.23,340.88,220.81,346.0
217.04,227.13,266.41,225.89,269.36,343.03,219.98,344.27
237.45,222.52,269.35,228.64,246.08,349.92,214.18,343.8
215.93,234.13,259.75,226.17,275.08,310.46,231.25,318.43
227.07,228.58,278.5,227.14,281.2,323.83,229.77,325.27
221.14,235.51,269.56,226.39,288.06,324.54,239.64,333.67
242.36,228.04,293.66,231.1,288.06,325.1,236.76,322.04
261.2,237.25,311.13,250.82,286.68,340.72,236.75,327.15
259.01,224.23,304.43,228.82,293.94,332.71,248.52,328.12
274.4,222.66,317.31,233.13,295.75,321.51,252.84,311.04
282.13,223.69,323.72,234.51,299.89,326.14,258.29,315.32
274.25,226.54,309.79,228.37,303.91,342.72,268.38,340.9
289.75,221.22,322.73,226.66,303.33,344.38,270.35,338.95
291.77,221.64,324.85,226.76,306.58,344.89,273.49,339.77
299.52,219.57,332.29,225.24,311.5,345.37,278.72,339.7
315.41,219.22,344.79,227.54,311.4,345.51,282.02,337.2
321.11,218.89,347.41,225.47,317.52,344.8,291.22,338.21
316.08,219.02,348.19,222.94,333.6,342.49,301.49,338.57
316.81,220.26,353.93,224.48,341.26,335.87,304.14,331.64
321.67,222.49,356.77,223.2,354.52,334.7,319.42,333.99
330.05,223.6,365.64,225.65,359.34,335.31,323.75,333.26
341.24,223.82,383.27,230.6,365.97,337.83,323.95,331.05
340.38,226.56,379.9,225.49,382.79,331.98,343.27,333.05
338.22,231.97,377.05,223.35,399.94,326.45,361.11,335.07
361.05,223.25,404.63,225.98,399.47,308.4,355.89,305.68
371.23,223.02,411.84,226.93,404.27,305.6,363.66,301.7
372.17,224.49,418.29,224.0,419.12,301.98,373.0,302.47
383.24,221.41,423.72,222.28,422.09,298.02,381.61,297.15
386.76,225.08,433.58,224.22,435.12,308.55,388.3,309.41
399.95,227.21,439.88,227.02,440.24,304.99,400.32,305.18
400.56,229.81,440.8,226.31,447.69,305.49,407.45,308.99
401.79,233.53,443.51,225.39,460.74,313.75,419.01,321.88
401.7,238.39,441.8,228.43,468.13,334.49,428.03,344.45
402.91,237.44,447.37,229.11,467.12,334.59,422.66,342.91
413.2,234.35,449.56,228.14,467.9,335.53,431.55,341.73
417.88,231.06,448.74,225.03,470.36,335.64,439.51,341.68
418.95,226.39,449.59,221.85,466.38,335.37,435.74,339.9
416.53,221.96,448.03,217.98,462.89,335.37,431.4,339.36
415.3,217.98,446.72,215.15,457.59,335.95,426.17,338.78
412.26,213.37,445.09,210.92,454.23,333.57,421.39,336.02
411.93,211.98,443.17,210.15,450.34,332.88,419.11,334.71
408.52,208.47,437.26,205.15,451.16,325.49,422.42,328.81
406.32,203.3,436.62,200.98,445.95,322.61,415.66,324.93
402.28,203.17,430.33,199.05,448.19,320.63,420.13,324.76
399.95,202.75,427.52,198.74,444.4,314.65,416.84,318.66
392.04,201.75,423.63,195.86,445.1,311.01,413.51,316.9
388.96,200.26,421.38,194.0,442.75,304.77,410.33,311.03
388.43,194.59,418.76,190.49,434.51,306.99,404.18,311.09
383.91,191.5,415.81,187.15,431.85,304.76,399.94,309.11
381.08,187.08,413.64,183.23,427.73,302.42,395.17,306.27
377.27,186.79,410.18,183.33,422.44,299.67,389.53,303.14
372.09,187.38,406.68,182.96,421.72,300.55,387.13,304.98
366.69,188.35,404.73,183.79,417.97,294.27,379.93,298.83
365.1,184.37,403.42,181.23,412.13,287.47,373.81,290.61
361.9,186.99,400.19,184.01,408.39,289.35,370.1,292.33
359.51,188.79,397.63,186.13,404.37,282.92,366.25,285.57
360.58,186.24,398.78,185.62,400.45,288.9,362.25,289.52
361.17,184.09,398.37,185.34,394.69,294.9,357.48,293.64
362.3,182.74,400.02,185.56,392.46,286.49,354.74,283.66
360.58,181.65,399.7,184.97,390.99,287.45,351.87,284.13
363.97,181.29,400.34,187.27,382.92,293.25,346.54,287.27
363.98,177.18,399.59,184.95,376.5,290.88,340.88,283.11
359.6,177.5,397.35,183.81,380.07,287.23,342.31,280.92
359.41,174.67,395.57,181.03,377.0,286.56,340.85,280.2
357.01,175.37,392.96,181.06,376.67,284.01,340.72,278.32
353.44,175.4,388.39,178.73,378.52,282.2,343.57,278.86
352.05,172.13,387.82,176.19,375.8,281.96,340.03,277.89
353.25,173.87,382.06,173.89,381.97,282.18,353.17,282.15
347.71,171.55,381.28,171.77,380.55,283.21,346.98,282.99
348.01,171.55,379.64,171.11,381.17,281.51,349.54,281.95
346.64,174.19,380.58,174.03,381.06,279.27,347.12,279.42
347.12,173.81,383.93,174.7,381.39,279.83,344.58,278.94
347.72,176.02,382.09,176.66,380.2,277.81,345.83,277.17
349.56,175.93,382.56,177.18,378.8,276.39,345.8,275.14
351.58,175.14,382.18,176.7,377.0,277.92,346.4,276.35
353.6,175.26,382.9,177.26,376.05,277.21,346.76,275.2
352.78,175.08,383.47,177.49,375.51,278.86,344.82,276.45
351.26,174.18,383.06,176.96,374.14,279.06,342.35,276.28
349.9,174.56,383.25,177.43,374.43,280.13,341.07,277.26
351.01,173.55,384.28,177.36,372.22,282.46,338.95,278.64
350.08,173.89,382.63,177.42,371.52,279.58,338.97,276.05
350.95,172.95,382.2,177.14,368.19,281.49,336.94,277.3
349.73,173.38,380.85,177.29,367.6,282.64,336.48,278.73
349.67,173.36,379.66,177.26,365.71,284.45,335.73,280.55
347.8,173.74,379.04,177.55,365.96,284.58,334.73,280.76
348.0,175.09,377.73,178.98,363.71,286.11,333.98,282.22
345.38,176.52,375.48,179.47,364.83,288.13,334.73,285.18
344.36,177.53,374.0,180.27,363.79,290.93,334.15,288.19
342.32,179.48,373.95,182.16,364.69,291.42,333.06,288.74
341.52,181.32,373.1,183.75,364.68,293.3,333.1,290.87
337.41,186.39,370.35,187.78,365.83,294.67,332.89,293.28
335.76,185.3,368.17,185.98,365.96,292.29,333.54,291.61
336.26,181.52,367.43,182.58,363.71,291.64,332.54,290.58
335.16,182.52,366.05,184.26,359.98,292.18,329.08,290.44
331.25,183.71,363.58,184.98,359.39,291.61,327.06,290.34
328.37,184.71,360.96,185.0,360.02,290.17,327.43,289.88
327.06,179.96,361.43,181.57,356.33,290.59,321.96,288.98
324.39,181.81,357.83,180.2,362.94,286.0,329.49,287.61
324.04,180.13,357.5,179.59,359.24,286.8,325.78,287.34
322.59,176.3,355.95,175.62,358.27,289.04,324.9,289.72
321.5,175.58,355.04,175.63,354.88,286.28,321.34,286.23
320.34,174.83,355.63,174.71,356.02,285.13,320.73,285.26
315.95,174.41,354.13,174.61,353.55,286.63,315.37,286.44
316.5,175.08,353.32,175.69,351.48,287.59,314.66,286.98
315.26,175.13,352.57,175.51,351.41,288.22,314.11,287.84
314.02,176.29,352.9,177.59,349.22,287.65,310.34,286.35
313.05,180.1,350.97,180.56,349.64,288.07,311.72,287.6
309.94,183.28,349.67,182.94,350.54,285.4,310.81,285.73
307.99,183.37,347.41,182.83,348.85,288.25,309.43,288.79
305.79,182.25,346.58,181.23,349.19,285.14,308.41,286.17
303.88,181.81,346.86,180.89,349.04,283.17,306.06,284.09
301.42,181.44,344.19,180.61,346.15,281.55,303.38,282.38
295.83,184.1,337.74,179.9,347.3,275.34,305.39,279.54
295.1,183.4,337.01,180.29,343.68,269.99,301.76,273.1
298.71,182.11,338.53,181.86,339.23,291.19,299.41,291.44
294.23,183.42,334.46,180.18,342.03,273.95,301.8,277.2
292.27,182.99,331.24,179.52,340.83,287.0,301.86,290.47
291.33,180.22,328.63,176.4,340.19,289.21,302.89,293.03
291.81,176.18,328.76,172.76,339.15,284.92,302.2,288.34
290.49,177.58,328.27,173.53,340.2,284.78,302.42,288.83
291.79,174.85,329.01,171.84,338.33,287.41,301.12,290.41
292.28,174.05,330.17,171.22,338.7,285.37,300.81,288.2
293.02,173.78,330.41,171.37,337.86,286.65,300.48,289.07
291.52,172.34,332.79,173.15,330.52,288.17,289.25,287.36
293.24,173.4,332.53,173.81,331.32,289.04,292.03,288.62
292.49,174.38,333.85,175.22,331.56,288.82,290.19,287.98
292.3,174.4,332.83,175.32,330.28,288.21,289.76,287.29
293.15,175.2,335.91,176.43,332.74,286.74,289.98,285.51
293.36,176.57,336.08,178.03,333.12,264.7,290.4,263.24
283.39,180.88,332.33,174.45,342.86,254.57,293.92,261.0
292.05,176.4,336.36,177.72,333.98,258.15,289.67,256.84
290.08,173.49,335.26,173.69,334.87,257.04,289.7,256.83
290.64,172.1,332.15,173.31,329.79,254.32,288.28,253.11
289.47,173.45,329.82,174.1,328.58,252.64,288.22,252.0
288.06,171.37,327.7,170.61,329.28,252.9,289.63,253.66
288.01,172.0,327.19,170.9,329.52,254.34,290.35,255.43
289.18,170.41,330.04,170.13,330.65,260.75,289.79,261.03
290.1,168.41,331.47,168.9,330.18,278.27,288.81,277.78
291.14,166.29,332.78,167.34,330.1,273.09,288.46,272.03
290.12,166.65,332.04,166.7,331.92,275.45,289.99,275.4
293.7,165.36,333.17,166.44,330.69,257.23,291.22,256.15
295.47,167.29,333.99,168.18,331.68,268.04,293.16,267.15
297.87,165.59,335.98,167.72,330.3,269.24,292.19,267.11
301.48,165.45,339.63,168.81,331.03,266.49,292.88,263.13
299.59,165.25,337.3,166.5,333.86,269.67,296.15,268.41
303.11,164.26,340.24,166.28,334.66,269.28,297.52,267.26
304.75,161.87,340.71,163.87,334.83,269.36,298.86,267.35
304.95,161.94,341.98,163.54,337.45,268.0,300.42,266.4
306.43,160.07,342.01,160.88,339.54,268.88,303.96,268.07
307.84,160.18,344.91,161.23,342.04,262.17,304.97,261.12
308.31,161.56,346.08,161.2,347.04,263.18,309.27,263.53
309.41,162.89,346.91,160.9,352.4,264.5,314.9,266.49
312.09,162.38,350.64,161.39,353.13,258.07,314.58,259.07
313.63,164.31,352.03,162.28,357.15,258.9,318.76,260.94
320.29,165.99,355.08,165.95,355.17,245.46,320.38,245.5
320.73,164.2,356.67,162.76,360.5,258.53,324.56,259.97
322.48,163.73,359.23,162.13,363.35,256.95,326.61,258.55
325.86,161.91,361.89,160.71,365.18,259.99,329.15,261.19
327.33,161.04,364.57,160.65,365.46,244.06,328.21,244.45
328.23,160.54,367.62,160.18,368.36,239.64,328.98,240.01
330.49,160.93,369.8,160.72,370.24,241.54,330.93,241.75
332.52,159.47,372.43,159.75,371.85,242.97,331.94,242.69
333.09,161.95,371.85,161.71,372.34,241.06,333.58,241.3
332.89,162.56,368.83,159.42,376.21,243.73,340.27,246.87
334.72,159.03,373.82,157.59,376.81,238.95,337.7,240.39
328.93,158.6,362.73,151.51,381.28,239.95,347.48,247.04
329.7,155.03,357.69,149.39,378.72,253.86,350.74,259.49
326.15,150.39,354.87,144.56,374.16,239.68,345.45,245.51
325.82,148.92,352.69,142.86,377.59,253.29,350.72,259.35
325.64,145.71,355.06,140.25,369.62,218.71,340.21,224.17
322.29,145.53,350.7,138.0,371.11,214.97,342.7,222.5
320.97,143.7,347.4,135.6,371.8,215.17,345.38,223.28
322.93,141.57,347.94,134.87,368.29,210.92,343.28,217.61
327.76,138.33,352.17,134.43,369.88,245.32,345.47,249.22
330.52,138.62,357.4,136.23,367.98,254.96,341.09,257.35
328.46,134.11,354.59,131.09,367.95,246.52,341.82,249.54
324.62,142.64,353.38,138.45,368.89,244.89,340.13,249.08
322.13,139.89,351.19,135.47,367.72,243.96,338.65,248.39
325.13,147.92,353.05,144.16,366.6,244.71,338.69,248.47
322.29,145.8,350.33,141.6,366.29,248.13,338.25,252.33
327.1,153.95,354.44,151.16,364.5,249.82,337.16,252.61
328.73,157.25,355.77,154.89,364.11,250.74,337.07,253.09
325.26,160.17,354.59,156.87,365.21,251.15,335.88,254.46
323.79,161.18,353.14,156.97,366.76,251.89,337.41,256.1
320.22,163.25,351.64,157.37,368.84,249.36,337.42,255.23
334.32,159.53,361.77,159.39,362.22,242.83,334.76,242.98
326.11,163.02,355.92,158.61,369.16,248.04,339.34,252.46
326.09,165.54,354.29,159.43,375.01,255.03,346.8,261.14
322.8,166.98,352.25,159.67,376.51,257.32,347.06,264.64
321.54,167.24,351.95,159.26,373.13,239.93,342.72,247.91
319.29,170.98,349.59,161.02,374.97,238.19,344.68,248.16
321.17,171.59,349.58,162.21,374.75,238.45,346.34,247.83
328.69,170.38,352.17,164.58,371.06,241.16,347.57,246.96
325.44,174.31,348.74,166.87,372.82,242.25,349.52,249.69
326.69,175.35,347.43,169.23,370.25,246.6,349.51,252.72
329.09,178.16,347.89,171.94,376.01,256.84,357.2,263.07
331.77,176.76,353.02,171.83,373.24,259.02,351.99,263.94
329.72,174.89,365.61,173.47,372.94,277.53,337.05,278.94
330.27,177.06,365.75,175.49,373.57,280.4,338.08,281.97
330.81,179.23,365.89,177.5,374.19,283.27,339.11,285.0
331.36,181.41,366.03,179.51,374.81,286.13,340.13,288.03
342.38,187.66,366.61,187.45,367.51,292.66,343.28,292.86
332.14,194.29,365.49,188.99,377.88,266.97,344.53,272.27
342.44,192.48,368.7,192.75,367.58,301.27,341.32,301.0
341.99,194.47,367.23,194.03,369.15,303.86,343.9,304.3
344.83,202.58,370.23,203.2,367.64,309.46,342.24,308.84
347.77,203.89,373.32,206.83,360.94,314.37,335.39,311.42
347.66,212.94,372.68,214.7,365.71,313.88,340.7,312.12
345.09,204.24,369.5,203.37,373.53,316.88,349.12,317.75
345.37,206.59,373.56,206.38,374.42,320.59,346.23,320.81
338.71,209.8,369.62,207.52,378.17,323.1,347.26,325.38
334.72,211.34,370.58,208.14,381.1,326.01,345.23,329.21
336.94,214.9,379.35,214.19,381.25,327.93,338.85,328.64
336.57,217.13,378.01,216.49,379.42,308.16,337.98,308.79
333.0,219.54,371.84,215.35,380.95,299.92,342.11,304.11
329.59,222.18,368.23,215.79,382.25,300.49,343.61,306.89
331.18,221.96,369.53,216.55,381.31,299.98,342.96,305.39
330.56,223.43,368.41,217.79,381.91,308.48,344.06,314.12
344.55,220.75,377.38,221.31,375.6,325.72,342.77,325.16
345.64,216.2,376.76,217.15,373.35,329.51,342.23,328.56
335.72,219.09,371.21,214.96,384.18,326.39,348.69,330.53
348.14,214.39,376.46,214.23,377.11,329.96,348.79,330.12
349.01,212.62,374.78,212.29,376.25,326.14,350.48,326.47
349.62,212.02,376.36,211.47,378.74,328.08,352.0,328.62
351.13,211.32,376.58,210.45,380.58,327.28,355.13,328.15
351.36,210.82,378.12,210.17,380.94,325.16,354.18,325.82
350.02,210.01,378.21,208.87,382.99,326.48,354.81,327.63
351.82,212.85,380.39,212.33,382.46,326.4,353.89,326.92
351.55,210.09,377.89,209.97,378.43,328.31,352.08,328.43
351.56,209.05,379.05,209.08,378.94,327.0,351.45,326.97
351.52,210.73,382.03,211.44,379.33,326.33,348.83,325.61
352.8,210.47,380.26,210.63,379.63,323.7,352.17,323.55
352.85,208.54,380.19,208.45,380.58,325.84,353.24,325.93
353.08,208.25,380.63,208.57,379.32,319.96,351.77,319.63
354.24,206.21,381.07,207.17,377.01,320.15,350.18,319.19
354.46,206.73,384.42,209.58,374.32,315.65,344.36,312.8
354.32,204.33,381.92,206.61,372.85,316.5,345.25,314.22
354.59,203.07,382.88,206.06,371.14,317.1,342.84,314.11
352.09,203.21,380.97,205.38,372.72,315.32,343.84,313.15
351.45,201.16,382.59,203.88,372.76,316.35,341.61,313.62
348.02,202.14,379.13,203.12,375.6,314.67,344.49,313.68
346.89,203.41,378.16,204.33,374.84,317.34,343.57,316.42
345.93,203.5,378.9,204.26,376.3,317.17,343.33,316.41
342.9,203.7,378.19,204.26,376.41,317.43,341.12,316.87
343.61,199.7,377.56,199.94,376.79,309.83,342.84,309.59
341.05,203.26,377.41,202.93,378.42,315.69,342.06,316.02
342.32,204.07,377.71,204.19,377.33,309.1,341.94,308.97
342.1,203.15,376.83,202.44,379.11,314.11,344.38,314.82
333.9,206.86,370.56,203.76,380.12,316.79,343.46,319.89
339.96,205.36,373.45,203.97,378.04,315.09,344.54,316.47
339.73,205.79,370.49,204.72,373.93,304.3,343.18,305.37
337.43,204.52,369.45,202.46,376.24,307.73,344.22,309.79
337.17,205.64,371.13,204.6,374.13,303.23,340.17,304.26
339.75,208.35,372.72,208.84,371.26,306.41,338.29,305.92
341.16,204.85,375.75,207.81,367.11,308.62,332.53,305.66
339.53,205.36,371.78,205.78,370.38,312.98,338.13,312.55
342.49,205.9,371.72,205.7,372.48,316.95,343.26,317.15
340.14,206.85,370.87,206.03,373.81,317.23,343.08,318.04
335.97,211.87,369.0,209.04,378.2,316.48,345.17,319.31
331.34,214.51,366.78,208.46,384.73,313.62,349.29,319.67
342.18,199.35,371.97,199.9,369.82,318.01,340.02,317.47
340.84,206.28,370.51,206.18,370.88,311.33,341.2,311.44
340.89,210.34,369.79,210.85,368.2,302.23,339.3,301.73
337.08,205.77,368.88,206.34,367.11,303.8,335.31,303.22
334.6,206.23,366.5,206.75,364.96,301.44,333.06,300.92
329.19,207.69,365.54,207.89,365.0,304.56,328.64,304.35
327.11,204.44,363.69,204.3,364.06,301.91,327.49,302.05
319.01,208.05,359.69,207.83,360.17,298.02,319.49,298.23
310.42,209.67,351.87,206.13,359.49,295.36,318.05,298.9
308.16,192.9,349.85,192.65,350.35,274.62,308.65,274.87
