439.75,351.48,475.95,334.84,490.17,365.79,453.97,382.43
468.91,335.37,492.58,362.19,462.09,389.1,438.42,362.28
440.35,337.81,489.37,333.62,492.37,368.73,443.35,372.92
442.7,336.8,484.39,337.1,484.14,370.51,442.46,370.21
442.75,338.68,482.9,336.96,484.3,369.9,444.16,371.61
438.03,343.46,479.22,333.95,486.94,367.4,445.75,376.9
439.66,341.29,481.43,336.47,485.2,369.16,443.43,373.98
437.68,339.43,481.12,332.75,486.69,368.97,443.25,375.65
437.97,337.75,480.8,332.4,485.42,369.32,442.58,374.68
437.34,338.38,480.32,332.24,485.56,368.92,442.58,375.06
430.8,354.8,462.75,329.6,486.89,360.21,454.93,385.41
459.29,330.17,485.11,355.88,456.59,384.53,430.77,358.82
429.83,344.52,469.53,330.12,480.35,359.92,440.65,374.32
456.37,329.11,482.59,356.99,453.26,384.56,427.05,356.67
454.41,329.96,476.93,353.45,451.56,377.78,429.03,354.29
426.5,330.9,479.76,327.01,482.59,365.72,429.33,369.61
424.72,330.05,478.21,325.92,481.22,364.84,427.73,368.97
422.95,329.21,476.66,324.84,479.84,363.95,426.13,368.32
421.17,328.36,475.11,323.75,478.47,363.07,424.53,367.67
419.39,327.51,473.56,322.67,477.1,362.18,422.93,367.02
417.62,326.67,472.01,321.58,475.72,361.29,421.33,366.38
411.2,345.27,450.08,322.07,470.52,356.33,431.63,379.53
440.97,320.26,472.16,349.22,441.06,382.7,409.88,353.75
408,349,443.61,319.86,469.28,351.23,433.66,380.37
442.49,320.16,469.75,350.01,436.55,380.32,409.3,350.47
408.41,348.54,441.02,318.65,468.7,348.86,436.1,378.74
408.86,347.85,442.06,317.67,469.85,348.23,436.65,378.41
444.43,316.11,471.2,345.31,437.06,376.61,410.29,347.4
420.26,323.73,467.75,319.29,470.84,352.4,423.36,356.84
422.52,321.54,472.72,317.81,475.35,353.25,425.15,356.98
422.02,324.32,470.2,316.52,475.83,351.3,427.66,359.1
419.96,341.86,454.25,310.68,483.26,342.58,448.96,373.76
423.55,338.38,458.94,308.24,488.41,342.83,453.02,372.98
426.68,338.55,464.13,308.22,491.45,341.97,454,372.29
429.97,338.07,465.72,307.2,494.93,341.02,459.18,371.89
471.78,306.82,496.15,339.79,458.01,367.98,433.65,335.01
436.34,317.11,486.21,307.17,494.08,346.65,444.21,356.59
440.58,316.55,490.96,308.28,497.38,347.35,447,355.63
447.71,313.02,497.19,309.88,499.65,348.79,450.17,351.92
441.2,308.05,500.43,301.08,505.33,341.6,446.1,348.58
443.77,306.73,502.41,299.35,507.68,340.03,449.04,347.41
446.34,305.4,504.39,297.63,510.03,338.46,451.98,346.24
448.92,304.08,506.37,295.9,512.38,336.89,454.92,345.06
451.49,302.75,508.35,294.18,514.72,335.32,457.86,343.89
454.06,301.42,510.33,292.45,517.07,333.75,460.81,342.72
488.08,295.2,520.28,322.08,489.98,358.38,457.78,331.51
460.2,304.91,511.55,293.16,520.22,331.04,468.87,342.79
462.06,300.32,514.03,287.78,523.78,328.16,471.8,340.7
462.83,302.79,514.53,290.26,523.59,327.68,471.89,340.21
466.72,298.03,518.33,287.94,525.82,326.27,474.22,336.36
464.44,298.84,512.79,279.66,528.04,318.1,479.69,337.28
466.13,298.01,512.1,275.48,530.63,313.31,484.66,335.84
469.2,287.29,522.42,274.82,531.32,312.77,478.1,325.25
469.52,284.54,522.9,270.71,532.49,307.69,479.1,321.52
469.33,281.03,521.62,268.19,531.48,308.33,479.19,321.17
468.19,283.55,518.66,264.78,532.31,301.48,481.84,320.25
465.13,276.87,514.65,256.72,530.53,295.76,481.02,315.91
462.17,270.26,512.09,251.99,526.88,292.39,476.95,310.66
456.45,277.71,499.15,245.42,526.27,281.29,483.57,313.58
459.18,260.67,510.2,242.33,525.2,284.07,474.17,302.4
494.14,241.61,527.44,275.49,491.43,310.89,458.12,277
493.76,237.53,527.03,272.28,489.44,308.27,456.17,273.52
455.96,267.94,496.35,232.91,526.75,267.98,486.37,303
457.46,263.22,498.49,228.58,528.63,264.28,487.59,298.92
460.4,244.34,515.56,226.22,529.21,267.75,474.05,285.88
460.35,238.58,515.35,222.4,527.78,264.64,472.78,280.82
498.46,221.23,529.78,254.84,488.19,293.59,456.87,259.98
461.59,232.69,516.95,219.33,526.98,260.9,471.62,274.26
494.04,214.31,522.72,246.8,482.42,282.37,453.74,249.89
490.58,210.51,520.63,245,481.35,279.24,451.29,244.75
489.23,208.63,518.78,243.05,478.94,277.26,449.39,242.84
450.37,223.03,503.36,205.99,517.02,248.46,464.03,265.51
487.23,204.13,519.83,240.81,477.75,278.22,445.14,241.54
444.79,231.8,492.63,203.23,515.96,242.29,468.12,270.87
444.96,234.99,488.52,202.49,515.87,239.15,472.31,271.65
487.15,203.61,518.96,237.98,480.72,273.36,448.91,238.99
490.05,202.23,524.37,236.68,484.4,276.5,450.08,242.04
459.52,233.14,503.71,201.75,531.95,241.51,487.76,272.9
514.73,203.01,530.31,245.32,478.28,264.47,462.7,222.16
472.94,239.35,512.01,205.21,543.53,241.29,504.46,275.43
487.77,221.73,541.71,206.51,554.49,251.81,500.56,267.03
494.92,245,536.97,208.58,569.91,246.61,527.86,283.03
555.4,213.12,586.29,252.94,542.86,286.61,511.98,246.79
528.45,239.16,579.62,215.04,600.08,258.46,548.91,282.57
528.43,240.92,575.49,215.44,599.16,259.16,552.1,284.64
539.99,238.77,593.94,220.06,611.08,269.49,557.13,288.2
579.03,226.62,623.8,244.25,602.31,298.84,557.54,281.21
591.98,232.55,629.52,272.78,585.56,313.81,548.01,273.59
595.39,239.39,628.75,277.64,585.96,314.97,552.6,276.72
555.1,282.69,599.51,245.59,633.51,286.29,589.1,323.39
597.73,245.29,632.32,281.16,590.17,321.8,555.58,285.92
596.39,251.68,638.96,268.8,615.78,326.45,573.21,309.33
615.9,258.54,647.49,297.14,602.68,333.82,571.08,295.22
599.74,268.84,651.82,275.05,645.27,330.01,593.19,323.8
629.43,270.7,666.39,307.59,624.48,349.58,587.52,312.7
591.26,314.52,636.41,277.23,670.76,318.81,625.61,356.11
592.11,312.02,637.01,277.41,669.41,319.44,624.51,354.05
597.73,318.24,641.82,282.94,673.95,323.07,629.87,358.37
643.97,287.25,682.96,321.55,644.59,365.16,605.6,330.85
613.92,300.8,671.25,292.93,678.56,346.17,621.22,354.04
610.15,328.47,655.29,294.4,687.4,336.93,642.26,371.01
607.25,307.4,669.53,289.58,684.32,341.29,622.05,359.11
609.33,308.74,671.86,290.89,686.64,342.68,624.12,360.53
611.41,310.09,674.19,292.2,688.97,344.06,626.18,361.95
613.48,311.44,676.52,293.51,691.29,345.44,628.25,363.37
633,306,688,306,688,360,633,360
657.81,303.54,699.15,325.37,670.93,378.82,629.59,356.99
657.25,301.55,703.29,321.83,677.54,380.3,631.5,360.02
624.67,321.83,680.92,305.77,695.12,355.52,638.88,371.58
625.31,320.28,682.88,306.65,694.99,357.83,637.42,371.46
627.8,320.12,685.48,309.86,694.51,360.61,636.83,370.88
621.65,331.04,673.85,305.22,698.03,354.11,645.84,379.93
622.28,334.71,672.85,305.12,701.51,354.1,650.95,383.69
653.99,310.49,703.12,327.88,683.97,381.99,634.84,364.6
621.23,340.03,669.74,304.46,704.61,352.02,656.1,387.59
632.26,318.74,688.27,305.05,701.68,359.92,645.67,373.61
629.13,331,678.53,303.64,705.49,352.3,656.08,379.67
629.11,330.19,676.82,303.77,703.43,351.82,655.71,378.24
631.21,318.78,689.01,305.57,700.1,354.09,642.31,367.31
629.06,312.69,685.66,302.77,694.64,354,638.03,363.92
631.04,314.55,685.98,304.67,694.86,354.04,639.91,363.92
623.61,319.63,673.6,301.49,688.55,342.68,638.56,360.82
650.25,301.04,699.59,327.75,681.05,362.01,631.71,335.3
618.52,318.21,671.29,300.85,687.82,351.1,635.05,368.46
616.97,319.9,670,301.51,687.39,351.64,634.36,370.04
617.88,316.45,670.53,301.64,684.22,350.33,631.57,365.14
617.75,314.86,671.41,301.95,683.46,352.06,629.8,364.96
609.83,314.45,673.14,296.75,688.55,351.46,625.23,369.16
608.53,314.45,671.35,296.56,687.08,351.46,624.27,369.35
607.24,314.44,669.55,296.37,685.61,351.47,623.31,369.54
606.68,325.3,652.85,301.88,677.19,349.87,631.01,373.28
601.88,334.56,646.66,301.72,679.66,346.72,634.88,379.56
605.99,342.06,642.37,303.9,681.93,341.59,645.55,379.76
642.06,306.57,679.61,343.27,642.24,381.51,604.69,344.8
641.24,305.79,678.61,344.76,641.8,380.06,604.43,341.1
601.84,334.77,647.23,305.3,676.1,349.78,630.7,379.24
600.56,331.73,647.62,304.3,674.48,350.39,627.42,377.82
598.15,325.59,647.38,303.45,669.91,353.56,620.69,375.7
597.2,332.36,642.07,304.33,670.92,350.51,626.04,378.54
619.34,307.83,668.84,320.89,653.99,377.21,604.49,364.15
602.02,309.07,657.79,308.71,658.18,367.84,602.4,368.2
597.89,309.79,652.74,310.16,652.35,368.35,597.5,367.98
579.34,320.11,630.82,301.58,649.88,354.56,598.41,373.09
569.38,337.3,613.9,302.92,648.49,347.72,603.97,382.1
599.64,309.99,648.87,322.92,634.74,376.71,585.51,363.78
590.75,305.9,643.58,313.02,635.57,372.51,582.74,365.39
568.5,325.14,616.79,303.65,638.18,351.72,589.89,373.21
564.33,324.69,614.59,304.16,634.08,351.88,583.82,372.41
566.08,319.17,617.36,305.85,630.05,354.67,578.77,368
571.41,314.02,623.86,313.34,624.52,364.33,572.07,365.01
561.77,317.55,613.23,303.71,626.95,354.77,575.49,368.61
558.59,314.01,609.29,299.77,624.67,354.52,573.98,368.76
557.78,316.18,606.18,301.8,621.75,354.21,573.35,368.59
549.36,328.68,591.9,301.21,620.97,346.22,578.43,373.69
548.27,320.59,596.52,299.53,618.72,350.39,570.48,371.45
552.2,315.8,600.55,303.29,613.57,353.59,565.21,366.1
551.63,314.99,602.65,302.79,614.79,353.56,563.77,365.76
548.38,313.8,599.9,302.48,611.74,356.38,560.22,367.71
554.59,304.64,606.47,307.78,603.02,364.67,551.14,361.52
535.56,317.09,583.69,297.64,604.33,348.7,556.2,368.15
531.91,316.45,580.75,297.31,600.49,347.69,551.65,366.83
529.28,314.08,577.39,295.91,596.34,346.09,548.23,364.26
532.58,310.11,582.92,297.28,596.14,349.17,545.8,362
527.73,311.21,576.03,295.49,592.89,347.28,544.58,363
531.13,302.68,585.89,301,587.58,355.83,532.82,357.51
518.37,311.29,567.69,293.33,585.6,342.5,536.27,360.46
513.34,308.7,559.41,290.19,579.41,339.98,533.34,358.49
509.74,306.58,558.64,289.1,576.26,338.37,527.36,355.85
504.33,316.7,544.82,288.28,576.24,333.03,535.74,361.46
499.74,325.64,530.96,289.33,571.63,324.31,540.4,360.62
499.74,299.51,547.2,283.83,563.83,334.15,516.36,349.83
492.31,298.1,539.2,280.96,556.92,329.45,510.03,346.59
485.29,294.01,529.15,276.57,548.65,325.6,504.79,343.04
477.58,291.21,523.19,273.52,541.81,321.55,496.2,339.23
478.02,290.46,523.05,272.92,542.25,322.22,497.22,339.76
473.66,284.34,518.2,269.52,534.63,318.9,490.08,333.72
476.91,274.78,522.86,275.15,522.48,322.86,476.53,322.49
450.82,293.29,485.91,263.22,521.91,305.22,486.82,335.29
443.64,287.17,478.84,258.57,514.72,302.73,479.52,331.33
435.97,285.44,470.2,255.23,507,296.94,472.77,327.14
435.87,285.52,469.64,255.73,506.56,297.57,472.79,327.36
430.62,267.81,473.28,248.53,495.52,297.72,452.86,317.01
426.22,264.61,468.96,249.63,485.33,296.32,442.59,311.31
415.2,260.52,457.19,243.1,476.93,290.72,434.95,308.13
403.08,260.32,444.98,237.46,470.74,284.69,428.84,307.54
396.43,262.36,434.21,237.58,462.6,280.88,424.82,305.65
413.24,243.58,454.09,244.22,453.24,298.84,412.39,298.2
407.18,241.85,447.92,245.78,442.75,299.4,402.01,295.48
392.94,244.15,439.11,242.73,440.7,294.27,394.53,295.69
383.14,245.05,427.05,240.51,432.58,293.97,388.67,298.52
381,241,425,241,425,296,381,296
375.46,241.38,418.88,242.34,417.64,298.25,374.23,297.29
370.07,239.68,413.01,242.04,409.97,297.25,367.03,294.89
367,241,412,241,412,297,367,297
364.21,241.14,406.39,244.78,401.64,299.83,359.46,296.19
356.73,244.91,399.45,246.46,397.5,300.2,354.78,298.65
333.7,265.34,374.36,241.62,400.26,286.02,359.6,309.74
335.49,261.32,376.63,246.32,394.65,295.75,353.52,310.75
346.27,256.21,387.52,256.71,386.88,309.74,345.62,309.24
346.33,261.59,385.5,262.08,384.87,312.54,345.69,312.04
347.26,261.6,386.71,264.59,382.59,318.86,343.15,315.87
332.64,281.69,372.96,267.46,388.2,310.65,347.89,324.88
339.47,279.65,380.07,275.8,385.02,328.1,344.42,331.94
332.95,293.52,373.96,280.92,388.09,326.9,347.08,339.5
334.14,298.6,375.7,287.78,388.53,337.03,346.97,347.86
344.2,289.12,383.89,288.98,384.09,343.78,344.4,343.92
344.76,299.29,383.93,298.14,385.33,345.65,346.16,346.81
348.47,303.12,385.29,303.35,384.99,352.68,348.17,352.45
350.61,310.56,387.69,310.78,387.39,359.51,350.31,359.28
339.79,324.09,381.69,313.61,393.72,361.73,351.82,372.21
357.64,320,396.72,323.33,392.3,375.14,353.23,371.8
364.34,316.64,400.91,325.77,386.54,383.32,349.98,374.2
357.83,324.04,394.87,324.71,393.84,381.55,356.8,380.88
365.34,325.94,404.12,331.9,395.16,390.17,356.38,384.21
349.44,343.26,391.26,330.73,405.87,379.47,364.05,392
363,335,403,335,403,390,363,390
358.55,341.28,398.76,334.5,407.17,384.32,366.96,391.11
364.41,335.47,404.75,335.45,404.77,387.99,364.44,388.01
366.19,337.26,406.85,337.34,406.74,390.29,366.08,390.21
359.66,345.43,400.78,336.29,411.61,384.99,370.49,394.13
368.38,339.01,407.71,338.14,408.85,389.75,369.53,390.63
375.01,332.9,413.72,336.77,408.25,391.52,369.53,387.65
368.74,340.64,406.98,336.42,412.38,385.51,374.15,389.72
363.03,347.48,404.38,337.5,415.1,381.95,373.76,391.93
366.33,343.45,406.65,336.7,414.34,382.62,374.01,389.37
367.2,342.13,408.09,335.88,415.34,383.33,374.45,389.58
374.83,335.2,412.43,334.46,413.42,384.72,375.82,385.47
375.71,335.19,414.71,336.11,413.55,384.93,374.55,384
367.86,342.64,407.92,331.58,420.25,376.27,380.2,387.33
370.68,339.07,410.81,331.89,418.73,376.14,378.6,383.32
370.54,339.83,410.8,331.16,419.94,373.57,379.68,382.24
372.71,337.48,412.67,330.18,420.96,375.58,381.01,382.88
376.31,332.7,417.25,330.35,420,378.17,379.07,380.52
378.4,327.46,418.34,327.57,418.2,378.07,378.27,377.97
372.2,333.23,412.76,325.01,421.64,368.82,381.08,377.04
372.11,333.08,411.97,324.36,421.33,367.17,381.47,375.88
366.06,340.13,408.86,320.37,426.98,359.62,384.18,379.38
374.22,322.77,414.8,320.96,416.94,368.87,376.36,370.68
368.57,325.83,411.44,318.97,418.53,363.32,375.67,370.17
374.49,317.7,414.23,319.29,412.3,367.45,372.57,365.86
373.24,317.79,412.71,318.68,411.7,363.42,372.23,362.53
400.98,313.11,426.14,335.78,390.39,375.44,365.24,352.76
365.15,323.89,405.89,315.6,413.86,354.81,373.12,363.09
358.56,333.65,399.85,313.39,416.55,347.42,375.26,367.68
362.95,318.09,402.64,313.79,407.39,357.59,367.7,361.89
357.98,316.19,397.5,310,404.41,354.13,364.89,360.32
382.95,302.96,411.28,320.7,381.72,367.87,353.4,350.12
355.11,311.25,394.6,306.14,400.35,350.54,360.86,355.65
352.81,309.74,391.9,305.3,397,350.14,357.9,354.59
356.09,302.94,392.37,305.67,388.76,353.59,352.48,350.86
349.48,304.88,386.32,303.64,387.87,349.66,351.03,350.9
342.63,305.02,381.42,300.98,386.05,345.39,347.25,349.43
336.46,309.33,376.36,299.97,385.96,340.91,346.07,350.27
335.69,312.66,374.66,299.08,388.07,337.58,349.1,351.15
336.8,305.91,377.19,299.17,383.96,339.7,343.56,346.44
337.71,303.33,377.84,299.44,382.02,342.48,341.88,346.38
337.18,307.39,374.76,301.36,381.26,341.85,343.69,347.88
342,303.37,376.96,302.59,377.92,346.13,342.96,346.9
336.5,303.83,373.15,300.19,377.24,341.4,340.58,345.04
356.44,297.02,386.18,310.88,366.25,353.63,336.51,339.77
365.12,302.29,332.24,312.84,343.65,348.38,376.52,337.83
338.93,300.32,374,301.34,372.76,344.2,337.69,343.19
332.53,306.21,367.33,301.67,372.48,341.16,337.68,345.7
344.69,299.55,376.08,307.28,365.24,351.27,333.85,343.54
336.5,303.19,367.99,303.18,368.01,347.74,336.52,347.75
334,301,369,301,369,346,334,346
333,301,368,301,368,346,333,346
332.44,305.03,367.63,305.76,366.8,346.09,331.61,345.36
333.3,302.11,368.55,303.56,366.71,348.05,331.46,346.6
331.42,305.07,368,306.26,366.64,348.07,330.06,346.88
328.56,304.82,363.81,304.49,364.21,347.3,328.96,347.63
327.46,306.25,363.08,304.92,364.66,347.19,329.05,348.52
328.22,305.12,361.83,304.86,362.17,347.86,328.56,348.13
331.7,301.74,366.05,305.56,361.07,350.34,326.72,346.52
328.3,304.95,362.38,305.31,361.92,349.19,327.84,348.84
329.18,303.79,364.85,305.77,362.51,347.81,326.84,345.82
328.72,307.47,361.99,306.38,363.36,347.99,330.09,349.08
343.7,303.17,370.42,316.85,350.88,355,324.16,341.32
326.51,302.62,366.99,302.79,366.81,347.22,326.32,347.06
328.44,303.86,363.35,304.09,363.07,347.15,328.16,346.92
329.46,306.17,365.07,306.41,364.8,347.16,329.19,346.93
328.99,305.11,363.84,304.84,364.18,347.99,329.33,348.26
336.23,303.32,368.32,307.59,362.72,349.59,330.64,345.32
331.22,304.81,364.23,305.03,363.94,347.13,330.93,346.9
331.75,304.32,366.8,305.84,364.97,347.82,329.92,346.3
331.86,304.98,366.66,305.66,365.83,347.66,331.03,346.97
333.73,304.12,367.47,304.6,366.89,346.02,333.14,345.54
335.42,302.98,369.28,304.39,367.57,345.27,333.71,343.86
336.58,302.31,370.3,304.55,367.49,346.7,333.77,344.45
334.11,302.12,367.99,302.1,368.01,343,334.13,343.02
334.83,301.81,367.41,300.89,368.56,341.89,335.99,342.81
333.98,299.3,365.72,298.87,366.29,340.5,334.55,340.93
331.75,296.48,364.06,296.26,364.33,336.23,332.02,336.45
331.56,295.24,363.19,293.41,365.53,333.98,333.91,335.81
334.56,290.72,365.5,291.52,364.41,333.25,333.48,332.45
336.25,289.71,367.68,292.13,364.34,335.64,332.91,333.22
333.5,286,364.45,287.86,361.86,331.01,330.91,329.15
346.45,279.38,372.53,294.73,349.67,333.55,323.59,318.2
324.58,278.61,357.39,278.46,357.57,317.5,324.76,317.65
322.32,273.57,355.21,274.53,354.01,315.51,321.12,314.54
319.65,266.83,357.18,271.52,351.85,314.23,314.31,309.54
318.92,268.79,353.77,270.98,351.13,312.85,316.28,310.65
313.58,263.67,347.86,265.39,345.75,307.75,311.46,306.03
309.59,259.6,343.31,261.25,341.24,303.5,307.52,301.85
308.57,253.98,340.79,257.83,335.51,302.06,303.29,298.21
302.13,251.85,334.6,252.54,333.7,294.47,301.24,293.78
299.61,246.77,329.82,247.44,328.84,292.1,298.62,291.43
306.18,244.89,334.3,251.38,324.51,293.81,296.39,287.32
295.84,244.91,326.6,246.31,324.71,287.77,293.94,286.37
292.11,241.38,322.84,242.53,321.22,285.79,290.49,284.64
297.41,236.23,325.38,245.32,312.27,285.65,284.29,276.55
298.65,233.25,324.62,245.48,306.08,284.88,280.11,272.66
292.14,230.06,321.11,242.13,303.92,283.38,274.95,271.31
284.32,232.24,314.29,237.6,306.85,279.22,276.88,273.86
278.05,229.69,308.4,234.48,301.72,276.8,271.37,272.01
278.68,225.4,306.84,233.85,294.05,276.51,265.88,268.06
281.68,225.41,306.06,238.84,285.1,276.91,260.72,263.48
261.53,225.34,290.82,228.58,286.19,270.39,256.9,267.15
254.25,224.37,284.27,227.72,279.69,268.75,249.66,265.39
272.92,221.79,295.64,237.52,270.12,274.39,247.39,258.66
270.43,223.13,291.68,241.11,262.24,275.9,240.99,257.92
267.52,224.87,287.8,243.12,258.21,275.99,237.93,257.74
245.62,223.01,276.37,232.62,263.81,272.81,233.06,263.21
247.77,225.03,272.67,234.75,256.57,276.03,231.67,266.32
237.09,231.41,263.51,235.38,257.49,275.43,231.07,271.45
254.85,231.53,272.35,244.12,246.41,280.16,228.91,267.57
256.8,234.77,272.24,250.31,239.15,283.2,223.7,267.66
256.37,239.61,274.36,256.4,243.4,289.57,225.41,272.78
254.14,242.91,273.88,259.74,244.2,294.55,224.46,277.72
254.82,247.71,274.51,264.58,245,299,225.32,282.13
255.47,253.83,273.64,267.36,246.29,304.1,228.12,290.57
258.28,254.55,276.73,271.68,245.32,305.51,226.87,288.38
261,261.06,278.47,278.54,246.96,310.03,229.49,292.55
253.6,264.17,278.41,277.53,257.67,316.05,232.86,302.69
268.71,274.08,288.15,292.14,256.81,325.9,237.36,307.84
246.16,287.94,281.9,289.67,280.37,321.33,244.62,319.6
252.24,296.93,287.29,297.65,286.64,329.38,251.59,328.66
276.74,288.51,298.82,305.86,271.83,340.22,249.74,322.87
286.2,296.97,303.13,314.37,272.7,343.96,255.78,326.56
255.8,324.66,296.53,307.51,306.98,332.32,266.25,349.47
291.05,306.05,307.5,322.48,276.52,353.51,260.07,337.08
294.05,310.06,310.21,328.01,277.72,357.25,261.56,339.29
297.03,313.64,312.52,332.23,278.69,360.43,263.2,341.84
297.43,313.74,312.22,331.82,277.97,359.85,263.17,341.77
261.56,334.83,304.57,321.6,311.31,343.54,268.3,356.76
298.76,317.33,310.68,337.16,272.27,360.23,260.35,340.39
295.42,316.64,306.51,336.09,265.9,359.25,254.81,339.81
288.51,315.14,298.87,333.27,259.58,355.71,249.22,337.57
242.16,330.89,284.61,316.04,292.25,337.86,249.8,352.72
241.61,328.31,286.38,318.36,291.38,340.87,246.62,350.82
234.54,327.79,280.1,315.64,286.16,338.36,240.6,350.51
228.78,325.58,273.18,313.9,278.99,335.95,234.59,347.63
222.61,327.31,264.74,309.44,273.23,329.44,231.1,347.32
253,303,265.24,319.32,230.04,345.72,217.8,329.4
211.82,319.66,254.78,308.62,259.52,327.06,216.55,338.1
211.4,316.01,255.48,310.14,258.51,332.8,214.42,338.68
204.9,319.02,247.93,307.08,252.82,324.71,209.8,336.65
196.73,321.07,239.36,303.49,246.62,321.09,203.98,338.66
187.42,317.64,233.35,302.74,238.72,319.3,192.79,334.2
182.95,316.82,226.16,299.55,233.46,317.79,190.25,335.07
216.67,296.36,224.78,313.04,184.38,332.67,176.27,315.99
175.4,308.88,220.64,301.74,223.95,322.69,178.71,329.84
168.57,306.26,212.65,300.38,215.6,322.52,171.52,328.4
159.9,312.66,202.96,295.96,209.39,312.56,166.33,329.25
152.38,304.08,197.68,298.42,200.38,320.08,155.09,325.74
146.23,301.85,191.4,296.2,194.38,320.08,149.22,325.72
141.19,296.51,182.69,295.94,183.01,318.84,141.5,319.41
139.88,303.08,183.23,294.85,187.14,315.43,143.79,323.66
134.58,297.69,176,297.53,176.08,319.8,134.67,319.96
126.47,302.08,171.41,295.17,174.58,315.76,129.64,322.67
120.17,301.64,165.47,295.03,167.98,312.23,122.68,318.84
118.84,305.04,161.84,294.94,166.16,313.33,123.16,323.43
120.73,306.24,163.18,297.8,167.11,317.57,124.66,326.02
120.24,307.71,163.04,297.84,167.83,318.58,125.03,328.46
125.74,309.37,169.53,303.13,172.54,324.21,128.74,330.46
136.35,309.27,179.05,309.7,178.84,331.25,136.13,330.82
149.69,324,191.47,316.16,194.73,333.55,152.95,341.38
167,324,211,324,211,344,167,344
184.9,343.6,226.3,327.49,234.11,347.57,192.71,363.67
182.13,334.84,227.74,331.95,229.07,353.09,183.46,355.97
198.17,349.84,240.6,337.27,246.7,357.87,204.28,370.44
210.15,356.46,249.84,342.02,257.22,362.3,217.53,376.74
218.67,354.04,261.59,349.27,264.27,373.41,221.35,378.18
223.89,363.32,266.94,353.95,271.65,375.62,228.61,384.99
230.42,360.59,272.07,358.27,273.37,381.59,231.72,383.9
232.28,355.69,273.32,359.11,271.21,384.43,230.17,381.01
237.7,355.1,277.88,360.84,274.04,387.72,233.86,381.98
238.2,373.2,276.99,360.64,284.36,383.43,245.57,395.99
243.4,364.11,285,366.52,283.55,391.56,241.95,389.15
246.16,374.85,287.2,365.74,292.99,391.82,251.95,400.94
249.72,374.78,294.4,369.2,297.6,394.8,252.92,400.38
260.54,387.03,299.78,368.34,311.56,393.07,272.31,411.76
260.38,382.17,301.38,370.78,308.6,396.78,267.6,408.17
272,374,313,374,313,403,272,403
280.37,378.25,322.56,377.64,322.96,406.03,280.78,406.63
293.7,377.78,333.91,381.25,331.34,411.04,291.13,407.57
302.59,383.26,342.48,384.01,341.94,412.42,302.05,411.67
309.48,402.07,349.37,385.15,359.64,409.36,319.76,426.28
312.82,388.42,351.86,387.91,352.22,415.31,313.18,415.82
322.56,390.12,361.5,390.66,361.1,419.32,322.15,418.77
331.31,392.31,371.23,394.23,369.83,423.1,329.92,421.18
333.75,399.27,373.39,394.4,376.93,423.16,337.29,428.04
342.25,395.29,381.55,396.9,380.25,428.54,340.96,426.94
346.31,409.29,382.38,397.87,391.31,426.05,355.24,437.48
344.93,409.47,382.69,396.54,392.78,426,355.02,438.93
351.97,411.7,389.39,399.03,399.62,429.23,362.21,441.91
360.26,410.27,399.28,400.98,407.49,435.45,368.46,444.75
368.3,413.13,407.87,402.72,416.07,433.88,376.5,444.29
376.32,426.72,413.87,402.58,430.93,429.12,393.38,453.26
383.47,415.82,425.58,406.99,432.49,440.01,390.39,448.83
383.98,417.61,422.59,406.5,432.25,440.06,393.64,451.17
429.45,406.04,449.54,432.88,413.22,460.06,393.13,433.22
401.42,434.38,438.61,410.31,457.07,438.84,419.88,462.9
413.17,417.55,454.22,413.88,457.35,448.95,416.31,452.62
420.75,439.07,454.91,415.16,474.55,443.21,440.39,467.13
431.49,439.65,466.88,417.06,484.95,445.38,449.56,467.97
432.3,442.15,463.7,416.07,486.95,444.07,455.55,470.15
443.39,444.49,475.22,419.02,497.95,447.44,466.12,472.9
451.68,444.62,486.08,421.23,504.95,448.98,470.55,472.37
459.9,447.3,492.99,421.56,514.64,449.39,481.55,475.13
471,422,513,422,513,462,471,462
478.52,425.34,521.61,425.36,521.59,458.01,478.5,457.99
472.65,445.96,506.37,421.31,526.82,449.29,493.1,473.94
489.43,423.57,537.64,430.01,533.24,462.92,485.03,456.48
495.93,424.62,534.03,421.78,536.74,458.21,498.64,461.05
504,421,550,421,550,458,504,458
515.88,422.13,558.93,420.34,560.45,456.81,517.4,458.61
529.31,424.85,568.64,419.68,573.35,455.57,534.03,460.73
531.22,419.52,570.89,419.35,571.04,457.05,531.38,457.21
535.17,437.57,572.84,415.59,592.9,449.97,555.22,471.95
552.98,419.8,599.02,415.2,602.66,451.63,556.62,456.24
568.52,416.67,613.14,416.8,613.02,455.05,568.41,454.91
582,415,625,415,625,454,582,454
595,413,638,413,638,453,595,453
595.85,412.99,639.35,414.61,637.92,453.07,594.43,451.46
606,412.03,650.18,413.51,648.93,451.06,604.75,449.59
607.81,427.16,643.5,408.36,661.51,442.55,625.82,461.35
613.19,427.08,647.8,406.35,668.71,441.29,634.1,462.01
616.31,425.2,651.07,405.64,668.69,436.95,633.93,456.51
623.33,407.17,666.03,404.9,668,441.96,625.31,444.23
624.93,404.07,668.19,405.56,666.86,444.1,623.6,442.61
627.03,402.21,668.15,403.63,666.82,442.1,625.7,440.68
625.53,400.46,665.71,401.31,664.89,439.98,624.71,439.12
613.29,415.91,649.41,396.65,668.93,433.24,632.8,452.51
621.56,397.63,662.67,399.75,660.75,436.97,619.64,434.84
640.96,393.34,670.76,419.42,641.21,453.19,611.41,427.11
640.6,393.75,668.53,422.17,638.26,451.91,610.34,423.5
604.64,416.25,639.16,392.35,662.67,426.3,628.14,450.21
609.11,396.32,651.47,394.91,652.67,430.85,610.3,432.25
600.91,393.58,646.11,390.84,648.53,430.79,603.33,433.53
596.99,391.74,642.16,390.41,643.32,429.78,598.15,431.11
594.29,391.11,634.41,389.12,636.29,426.94,596.17,428.93
594.98,389.42,635.29,388.51,636.19,428.23,595.88,429.15
591.07,389.46,633.4,388.4,634.36,426.87,592.02,427.92
587.79,387.16,629.06,388.31,628,426.13,586.74,424.98
579.67,385.18,624.68,385.79,624.16,424.81,579.14,424.2
570.55,390.46,614.35,384.09,619.75,421.17,575.94,427.54
572.26,385.62,612.36,384.69,613.21,421.23,573.11,422.16
571.63,385.52,612.43,384.7,613.18,422.35,572.38,423.16
567.2,385.31,606.32,384.41,607.2,422.31,568.07,423.21
560.24,384.5,606,382.03,608.1,420.89,562.34,423.36
558.9,382.71,601.02,381.38,602.24,420.1,560.13,421.44
558.67,383.34,599.07,384.26,598.23,421.27,557.83,420.36
551.41,387.71,590.4,382.17,595.32,416.82,556.34,422.36
553.54,385.67,593.65,382.9,596.17,419.32,556.06,422.09
552.37,384.41,593.68,383.3,594.67,420.08,553.36,421.19
546.39,384.46,589.35,380.58,592.54,415.83,549.58,419.71
571.13,377.08,598.46,404.6,567.39,435.46,540.06,407.94
536.09,400.58,572.08,377.45,593.68,411.06,557.7,434.19
541.12,384.71,578.85,378.84,584.28,413.68,546.55,419.56
538.31,382.73,579.46,378.81,582.81,413.97,541.66,417.89
536.12,381.86,583.82,378.79,586.2,415.54,538.49,418.61
536.48,376.81,582.68,376.81,582.68,419.23,536.48,419.23
535.15,376.83,581.4,376.83,581.4,419.3,535.15,419.3
531.59,381.94,572.68,377.83,576.48,415.75,535.39,419.86
530.7,379.49,575.17,378.25,576.26,417.23,531.79,418.47
531.38,382.89,572.52,378.34,576.62,415.49,535.48,420.03
531.03,377.89,572.95,377.83,573.01,417.34,531.08,417.4
526.83,382.89,570.65,379.12,573.7,414.53,529.88,418.3
531.03,380.49,573.58,379.82,574.18,417.21,531.63,417.88
531.03,379.92,575.93,379.8,576.03,417.22,531.13,417.34
533.12,380.73,579.28,379.52,580.31,418.91,534.16,420.13
535.33,381.74,579.9,382.53,579.24,419.81,534.67,419.02
536.9,382.35,579.98,383.25,579.25,418.14,536.17,417.24
539.14,380.36,579.31,379.53,580.09,417.57,539.93,418.4
540.73,382.42,585.93,382.3,586.03,420.53,540.83,420.65
543.04,383.82,586.22,382.5,587.33,418.85,544.16,420.18
547,382,590,382,590,419,547,419
546.79,381.97,590.95,380.45,592.23,417.79,548.08,419.31
549.8,383.95,594.07,381,596.44,416.64,552.17,419.59
555.48,383.71,599.24,382.19,600.49,418.07,556.73,419.6
563.62,382,604.85,383.24,603.8,418.23,562.57,416.99
567.22,386.06,610.68,384.03,612.31,418.9,568.85,420.93
575.04,383.59,616.41,383.04,616.88,418.12,575.51,418.67
575.72,381,618.69,381.44,618.32,417.4,575.36,416.97
582,381,624,381,624,416,582,416
587.13,379.17,630.29,379.28,630.2,416.21,587.04,416.1
598.95,377,641.01,379.71,638.77,414.56,596.71,411.86
602.37,379.7,646.57,377.25,648.49,411.75,604.29,414.21
613.7,378.02,654.98,378.26,654.77,413.9,613.49,413.65
606.41,383.78,652.14,375.52,657.79,406.82,612.06,415.08
616.18,377.99,663.67,375.11,665.7,408.53,618.21,411.41
623.3,377.6,668.15,374.85,670.22,408.62,625.37,411.37
632.18,374.55,676.61,373.41,677.48,406.95,633.05,408.1
635.54,373.88,679.74,370.82,682.02,403.74,637.82,406.81
640.14,370.27,683.85,369.81,684.22,404.25,640.51,404.71
637.3,375.27,681.07,368.22,686.09,399.36,642.31,406.41
640,374.63,683.95,367.19,688.89,396.36,644.94,403.8
647.83,366.75,690.22,365.29,691.33,397.48,648.94,398.94
643.8,379.84,682.52,360.44,697.65,390.63,658.93,410.03
652.75,360.05,696.62,361.37,695.57,396.21,651.69,394.88
651.17,362.36,697.46,359.28,699.75,393.71,653.46,396.79
646.7,379,686.08,355.84,704.54,387.21,665.16,410.38
654.67,357.17,701.41,356.91,701.6,391.3,654.86,391.56
655.68,356.1,702.6,355.29,703.16,387.91,656.24,388.72
656.83,352.49,703.63,353.1,703.18,387.64,656.38,387.03
656.58,352.18,702.33,353.07,701.67,387.04,655.91,386.14
653.07,352.64,699.79,350.15,701.49,382.03,654.77,384.52
651.85,351.29,699.15,347.79,701.67,381.77,654.37,385.28
650.12,349.29,696.08,346,698.43,378.82,652.47,382.11
648.64,348.38,694.98,348.29,695.04,380.47,648.7,380.56
646.62,344.53,692.84,344.83,692.63,377.72,646.41,377.42
638.15,357.44,679.84,340.15,691.96,369.36,650.27,386.66
638.78,344.29,684.01,342.02,685.52,372.16,640.29,374.43
634.44,355.07,676.21,338.16,687.9,367.02,646.13,383.93
633.32,345.52,678.21,339.46,682.05,367.91,637.17,373.98
626.95,348.78,667.42,336.11,674.6,359.04,634.13,371.71
628.1,338.48,669.8,338.06,670.12,369.56,628.42,369.97
622.58,335.23,670.18,334.9,670.41,368.28,622.81,368.61
618.68,334.58,665.2,333.18,666.16,364.92,619.64,366.32
614.81,352.66,654.8,330.44,671.36,360.25,631.37,382.46
615.15,337.25,659.68,332.24,662.98,361.57,618.45,366.58
615.07,334.75,663.36,334.92,663.26,362.22,614.97,362.05
614.08,333.05,662.55,331.96,663.2,360.94,614.73,362.03
615.16,328.32,661,330.44,659.54,362.04,613.71,359.93
612.84,329.42,659.62,328.66,660.15,361.41,613.38,362.17
607.92,341.29,652.4,326.84,662.21,357.03,617.73,371.49
612.95,328.7,658.41,327.32,659.43,361.18,613.98,362.56
614.07,327.34,661.09,327.48,660.99,360.43,613.97,360.29
615.59,328.91,663.92,330.11,663.16,360.26,614.83,359.05
618.04,329.26,664.56,328.77,664.89,360.04,618.37,360.52
613.51,344.52,654.89,324.18,668.88,352.66,627.5,372.99
619.1,329.3,665.42,328.77,665.76,359.21,619.44,359.74
618.91,332.22,665.76,326.3,669.47,355.66,622.62,361.58
625,330.36,669.01,329.69,669.46,359.41,625.46,360.09
624.49,334,669.84,329.45,672.72,358.13,627.37,362.68
626.9,329.23,675.2,327.44,676.4,359.69,628.09,361.48
623.04,341.36,667.02,324.79,678.3,354.7,634.32,371.27
623.32,343.81,664.57,323.37,679.23,352.96,637.98,373.4
627.97,327.38,675.22,326.38,675.9,358.79,628.66,359.79
629.52,325.4,677.54,326.19,677.03,357.4,629.01,356.62
631.06,322.98,677.2,324.36,676.3,354.37,630.16,352.98
630.17,321.03,676.9,322.59,675.83,354.53,629.1,352.96
628.42,321.14,676.54,321.54,676.29,352.39,628.16,351.99
629,320,676,320,676,352,629,352
628.65,318.3,674.32,318.45,674.22,350.15,628.55,350
627.62,316.04,674.67,317.32,673.81,349.16,626.76,347.89
624.53,318.68,671.54,315.74,673.29,343.73,626.27,346.67
