213,139,89,52
210,135,95,61
208,139,94,53
205,136,98,59
205,141,98,50
200,142,99,51
198,140,99,53
197,142,101,53
194,140,105,58
191,141,105,56
195,144,100,53
189,144,103,54
189,145,103,51
187,146,102,52
186,149,100,49
185,150,105,50
179,145,110,61
180,150,108,56
178,151,110,55
175,149,115,59
176,152,113,55
175,154,114,56
176,153,112,61
175,156,111,57
173,154,112,65
171,159,110,57
167,158,115,58
167,159,114,57
163,157,114,61
162,159,111,60
163,161,110,57
160,163,112,55
159,163,109,57
150,161,114,63
152,164,108,58
152,168,107,53
154,168,104,55
153,168,104,57
151,170,108,58
151,167,105,57
152,166,101,56
154,167,99,51
151,165,100,53
150,162,103,57
153,163,99,56
152,161,99,56
153,162,99,57
153,162,98,58
153,161,97,60
155,160,95,62
153,160,97,61
155,160,94,62
153,160,95,63
154,163,94,60
155,161,92,61
155,162,92,60
156,163,90,58
158,163,87,57
158,162,88,59
161,165,77,54
159,161,81,59
160,160,82,59
161,161,79,60
161,162,77,57
162,162,78,59
163,164,75,54
164,164,77,55
165,161,76,59
161,159,83,64
159,159,88,68
159,159,87,64
156,158,92,68
157,160,84,60
155,158,91,66
155,159,91,65
154,159,92,64
155,162,87,59
154,162,84,57
148,156,91,73
152,161,81,58
153,162,73,55
144,156,87,71
151,161,70,56
151,163,65,53
148,162,68,54
147,162,66,55
147,163,65,54
137,153,79,75
147,163,61,54
148,162,60,55
143,160,70,60
136,157,80,76
135,157,79,73
135,159,76,71
137,160,76,69
137,160,76,68
136,159,77,70
139,158,61,69
152,168,34,45
153,165,35,49
155,165,34,48
155,165,36,49
156,165,35,48
159,159,33,54
163,163,32,51
165,161,30,52
165,162,32,52
169,162,28,50
168,162,28,54
169,162,27,53
167,162,28,54
167,159,30,57
169,160,27,58
167,160,27,55
168,159,24,54
167,161,26,51
165,162,25,48
165,162,28,51
163,161,31,53
162,157,30,57
165,160,28,55
168,161,25,54
168,161,26,53
166,160,27,55
166,160,31,56
168,161,28,57
168,163,29,55
170,163,27,52
168,160,28,52
168,163,28,48
168,162,27,51
171,166,26,51
172,164,26,50
171,160,27,56
173,161,26,50
175,162,26,54
175,161,28,52
175,161,26,50
176,162,29,47
178,160,29,46
176,159,32,48
179,160,30,51
177,164,37,44
178,162,36,44
178,161,38,48
177,163,41,48
182,163,40,49
179,166,43,45
179,165,43,45
180,165,44,51
180,168,44,44
183,167,43,41
180,166,45,44
181,168,47,42
181,169,47,43
175,169,53,45
176,171,52,39
174,172,58,39
172,173,59,40
173,174,55,39
169,174,62,40
171,173,62,43
168,173,63,42
166,175,67,36
169,171,66,42
172,175,68,40
172,175,68,38
177,175,68,37
174,176,73,37
179,175,68,36
180,175,68,36
182,177,70,37
183,179,68,35
182,177,73,42
183,182,74,39
187,184,68,40
182,186,79,39
185,187,73,37
183,190,74,38
181,190,75,39
181,193,78,39
180,195,78,39
179,198,78,36
179,197,75,34
176,202,77,28
172,201,79,33
175,202,78,33
176,205,75,32
177,203,76,35
177,204,75,35
177,203,79,34
173,200,81,40
176,202,77,38
172,204,80,35
174,198,71,43
169,204,82,38
176,206,75,39
169,202,86,38
175,200,77,46
172,203,88,40
169,201,85,44
171,203,86,47
172,199,81,45
171,205,78,40
170,204,86,44
170,203,81,42
171,204,79,43
170,206,87,39
174,209,79,38
170,209,89,39
176,211,77,37
170,209,89,37
176,209,83,37
175,211,78,40
175,212,82,38
177,211,73,38
177,212,79,40
176,208,82,40
174,208,83,41
178,208,75,38
177,209,74,40
177,210,70,39
177,212,74,39
178,211,70,39
179,211,67,39
179,210,67,38
178,209,65,39
177,206,65,43
182,210,61,36
177,212,67,36
178,211,61,40
176,212,59,37
180,209,58,41
180,209,55,38
178,208,54,41
179,208,51,42
182,210,46,37
183,207,47,38
183,205,46,42
181,206,47,41
181,207,50,38
186,205,41,41
183,206,45,43
184,207,43,41
183,206,41,41
184,207,35,37
185,205,33,45
185,209,35,37
189,208,23,42
190,209,26,41
193,207,24,42
192,208,31,40
195,208,32,44
193,202,39,48
196,204,41,45
199,205,37,45
198,205,41,44
199,204,44,45
199,202,45,45
197,203,48,45
197,205,52,42
196,207,53,42
194,205,56,41
197,204,55,44
196,201,59,41
197,204,57,36
193,205,61,36
191,202,67,39
195,199,63,43
194,201,64,39
192,198,66,41
188,196,76,47
190,196,74,46
189,193,78,49
185,191,84,55
188,192,83,52
191,195,80,50
194,197,80,46
198,197,78,46
194,195,82,49
195,194,81,46
197,194,83,47
197,193,82,48
201,194,83,48
201,192,85,51
201,196,83,44
200,194,88,50
202,195,85,46
199,196,89,45
199,193,92,50
207,194,83,47
204,194,90,48
205,198,89,42
206,194,92,48
209,197,92,45
210,196,96,47
209,197,97,44
214,196,96,44
214,196,100,43
217,195,97,42
218,192,95,48
218,195,96,40
218,194,97,41
223,194,94,38
222,193,98,42
224,191,99,43
226,192,96,42
224,187,99,49
226,188,101,47
228,188,101,48
232,193,98,40
232,186,101,52
236,188,99,51
237,190,98,48
239,191,99,48
240,191,100,49
242,196,97,42
244,194,98,47
247,187,99,57
250,185,100,62
253,188,97,57
255,196,95,45
258,187,98,60
266,195,89,49
270,198,92,48
273,199,91,46
272,196,95,51
276,190,94,61
278,200,90,44
283,197,88,50
285,196,90,53
284,195,94,54
286,200,94,47
287,199,95,47
288,199,95,47
285,197,97,46
285,190,101,53
287,190,101,50
292,186,94,52
297,184,94,53
304,189,85,43
301,181,92,52
299,177,95,56
300,178,94,54
303,184,93,44
309,179,89,50
309,175,92,55
310,178,91,47
312,173,93,53
317,174,89,50
313,173,92,52
314,172,93,52
318,172,91,52
318,173,91,51
318,172,94,53
318,174,93,49
318,177,94,44
318,174,96,49
319,173,97,50
319,176,95,43
320,176,93,43
322,173,94,49
322,174,94,46
322,173,93,48
323,175,93,42
323,175,96,43
321,173,94,46
319,175,98,43
320,174,97,44
319,176,96,43
321,173,95,45
318,173,99,46
318,173,102,47
320,173,97,44
316,172,104,48
315,169,106,53
317,172,104,46
317,170,100,50
315,170,102,51
319,172,100,45
316,171,102,48
317,173,100,46
316,170,103,50
315,170,104,50
317,173,103,46
318,173,103,47
324,176,99,48
322,174,102,51
321,170,104,58
327,174,100,53
322,173,106,58
323,176,104,55
327,175,107,58
339,179,94,53
338,178,98,56
343,175,97,63
347,179,93,59
346,177,98,63
350,180,93,58
350,176,97,68
354,179,93,57
360,183,92,52
363,180,92,57
366,180,95,58
372,182,91,53
366,176,103,65
374,180,97,57
380,180,95,56
380,179,97,57
387,181,91,54
388,181,92,53
387,179,93,56
389,179,91,53
392,180,87,50
393,176,90,55
392,176,90,54
396,177,85,51
394,177,86,50
394,176,86,50
399,176,81,50
399,174,79,49
401,174,74,50
399,172,78,54
398,171,79,54
399,173,71,50
396,170,72,54
394,173,73,50
391,168,75,56
392,169,76,55
395,171,72,51
392,169,76,54
388,169,79,55
388,169,77,54
390,168,76,54
392,164,81,61
394,164,78,60
397,163,78,62
400,162,80,62
407,167,68,54
408,162,74,58
412,172,67,49
418,172,67,41
421,174,66,42
422,171,65,45
425,169,64,47
424,170,64,46
424,167,64,48
427,167,60,51
423,165,61,52
420,160,69,61
422,165,59,55
425,161,55,57
418,156,68,66
408,151,77,78
409,153,75,75
409,153,72,72
411,153,68,73
409,153,66,69
418,159,41,58
415,158,45,59
420,159,34,53
416,159,38,54
409,156,47,59
414,159,37,54
418,160,28,59
416,162,29,57
412,162,33,57
412,163,30,57
411,162,29,58
408,162,30,60
404,162,36,60
405,162,31,60
402,162,32,60
402,164,30,55
400,162,31,57
400,162,29,61
400,161,31,60
398,161,35,57
401,161,31,57
400,162,32,56
400,163,32,57
401,162,32,59
401,162,31,55
402,163,31,55
404,165,29,53
403,162,28,54
402,161,32,60
402,162,31,58
397,161,44,62
400,160,40,62
406,163,28,58
407,164,26,55
409,163,23,55
408,163,26,55
404,166,35,54
409,167,25,52
408,166,29,53
410,166,25,54
408,165,27,57
405,165,30,57
404,163,31,58
404,162,35,59
406,165,32,56
407,162,26,58
401,163,37,60
406,161,28,60
405,161,32,61
406,160,31,62
404,159,36,64
401,157,41,67
407,159,33,65
408,156,32,64
407,157,30,65
409,158,29,58
405,155,35,63
404,154,35,65
400,155,45,60
402,155,40,63
400,154,49,65
