741,228,182,114
743,237,177,96
743,244,174,81
743,224,180,111
742,231,181,102
745,222,179,118
754,219,176,124
755,213,175,134
761,214,174,138
759,210,175,141
760,214,171,132
764,208,171,143
765,210,172,141
769,203,169,149
771,225,162,114
778,239,150,94
782,238,147,94
781,215,162,139
784,232,158,104
782,216,186,129
786,202,202,147
791,181,201,171
792,172,199,181
797,194,193,150
801,194,187,146
801,191,202,147
804,196,184,139
808,181,223,153
811,195,177,138
812,188,193,147
815,192,182,143
817,193,183,152
824,195,173,149
827,199,167,141
831,203,165,133
831,204,153,131
831,206,154,119
836,205,143,123
838,208,138,117
847,213,119,101
846,208,139,111
853,212,124,105
855,207,138,111
856,202,136,124
855,198,143,129
859,198,143,127
867,207,110,110
870,207,107,109
877,206,108,108
883,208,84,103
884,207,84,104
890,204,83,100
893,207,79,86
891,206,72,85
892,199,77,93
894,204,68,86
890,194,79,95
890,193,82,96
896,197,70,92
887,194,103,108
901,199,60,92
902,201,61,91
900,200,73,96
899,201,73,98
889,184,123,122
900,202,71,99
889,190,116,116
908,203,53,97
906,205,58,93
908,204,53,93
907,205,56,95
908,203,57,100
906,203,62,98
907,205,58,102
909,205,57,98
908,205,56,99
905,205,71,101
909,207,59,95
909,207,55,100
911,207,50,99
909,204,55,103
904,203,57,105
888,192,134,132
897,203,65,101
888,192,140,130
896,200,69,104
889,194,126,122
882,191,113,130
890,201,72,106
890,193,94,118
893,198,79,107
891,197,84,111
886,194,96,123
891,197,88,113
891,202,81,108
894,204,89,105
892,203,90,106
895,205,69,101
896,207,68,100
897,207,65,101
895,207,67,97
890,199,88,113
866,209,100,105
855,207,111,107
858,211,102,97
858,212,165,97
859,210,101,103
859,213,104,93
853,210,115,98
857,212,111,96
857,214,105,95
859,213,102,94
858,214,105,93
859,214,101,94
859,215,101,93
860,215,100,92
849,214,116,91
837,215,136,104
838,212,144,116
834,214,139,106
837,218,124,83
832,206,192,117
833,195,151,119
836,213,125,90
831,183,196,147
836,210,139,113
836,211,140,104
840,213,121,90
838,209,125,94
838,205,126,98
834,204,136,98
836,205,130,97
835,205,131,97
835,205,132,96
835,204,132,97
836,205,130,95
836,205,130,99
832,198,143,102
829,193,148,108
832,201,162,100
832,198,181,107
841,208,129,90
834,202,136,96
835,203,139,94
834,200,141,99
835,202,133,95
826,177,207,147
840,205,125,90
838,198,132,100
841,197,138,102
835,189,192,126
826,183,158,121
827,186,150,112
828,186,153,112
822,183,191,124
825,183,180,126
817,181,164,120
823,183,158,119
824,184,156,118
824,183,156,116
825,184,180,123
823,184,157,116
819,179,174,126
825,184,152,113
824,183,153,113
827,185,150,111
824,182,157,119
826,187,152,114
831,195,147,102
835,206,126,92
837,208,124,96
833,209,157,95
829,213,133,86
826,208,145,104
825,190,154,114
827,209,138,96
829,210,131,89
825,187,155,119
830,211,130,91
829,211,132,93
830,211,131,92
823,191,160,117
810,191,196,120
806,213,154,91
800,213,160,91
795,212,170,92
793,214,169,92
794,215,168,93
794,215,171,94
794,216,171,92
793,216,172,93
789,211,189,99
771,220,195,88
763,219,216,90
759,221,204,87
750,221,211,87
747,222,218,86
746,221,215,87
746,221,216,86
745,222,216,87
746,222,217,85
744,222,216,84
745,225,216,79
741,226,222,79
737,217,229,93
738,224,234,84
732,215,231,96
737,218,227,93
736,221,228,88
737,224,230,83
738,218,225,93
736,225,235,81
738,225,229,78
741,223,221,84
738,223,234,81
740,225,225,80
739,225,229,79
738,223,223,89
739,218,223,96
737,220,232,95
739,218,224,101
741,218,222,106
738,222,225,103
739,222,224,104
741,225,222,98
740,225,222,103
741,229,220,97
736,228,226,99
754,231,207,94
734,231,199,88
735,232,201,83
731,233,199,82
730,233,184,82
723,225,190,98
718,226,194,92
722,233,188,74
724,236,176,67
720,236,166,66
716,235,164,67
717,233,162,68
715,235,155,64
716,232,142,73
673,237,154,85
677,234,150,87
665,233,145,88
652,236,140,89
603,227,162,100
554,219,184,109
506,210,206,120
484,204,192,114
450,203,200,120
434,200,209,114
432,199,207,113
430,199,205,111
415,193,177,115
416,194,177,115
414,191,175,119
418,196,167,110
420,196,162,108
418,195,166,109
420,197,162,106
420,196,166,109
420,198,167,107
419,197,170,109
417,194,173,114
418,198,169,108
414,199,171,107
413,204,170,98
408,210,169,85
407,211,167,86
407,210,165,87
403,203,174,102
408,209,161,89
400,199,170,108
400,199,170,107
402,203,161,97
399,206,162,90
395,205,167,91
391,204,167,90
393,203,161,92
391,202,163,93
386,194,172,107
393,203,157,91
391,198,154,99
392,196,154,103
389,189,161,118
388,184,161,127
386,180,164,138
386,179,162,139
387,180,159,138
388,181,156,136
380,175,167,152
386,182,157,139
387,185,153,137
383,180,161,151
384,179,159,153
383,180,158,153
380,179,158,156
379,185,157,154
377,186,157,156
375,189,157,157
375,191,155,155
373,192,154,154
369,191,156,155
370,188,153,156
376,211,135,112
372,203,146,128
374,207,141,121
373,208,140,121
370,205,146,128
372,208,141,123
371,207,143,126
369,204,146,131
376,219,126,101
370,213,136,112
371,212,135,113
369,210,137,117
366,208,140,121
360,198,154,141
359,198,155,142
358,198,155,143
355,196,158,150
356,197,157,148
351,194,164,155
350,195,165,152
353,197,161,147
355,199,158,141
356,200,158,136
346,203,169,136
347,214,162,110
350,218,157,101
351,217,155,100
351,216,155,101
352,218,151,98
355,220,140,94
347,210,161,113
344,205,168,123
344,212,161,108
336,219,162,93
329,220,162,88
327,222,175,87
327,219,173,92
316,204,194,128
313,200,200,134
312,200,199,129
306,200,207,129
310,196,203,135
311,196,200,134
308,191,205,141
307,190,206,143
309,195,202,133
308,196,203,130
307,197,205,128
307,189,202,140
306,183,203,147
309,186,199,140
313,198,190,117
323,211,174,94
322,209,171,96
320,207,174,99
321,208,169,98
319,205,177,102
317,210,180,99
316,204,190,106
317,210,188,98
318,217,184,90
311,202,195,115
315,216,174,94
312,221,177,90
307,222,179,89
307,222,176,90
300,216,184,101
305,210,174,103
223,220,237,87
210,223,247,76
202,223,250,79
186,224,266,76
181,222,266,81
166,221,278,83
160,221,279,81
165,219,272,87
173,222,259,82
170,220,262,84
169,215,263,98
168,215,261,97
169,211,263,103
169,208,263,109
171,218,254,90
162,215,265,99
159,211,269,107
170,215,254,99
166,216,257,97
161,214,259,104
156,221,257,96
152,222,244,96
151,229,249,78
142,223,255,92
139,219,255,101
140,217,237,110
138,209,242,123
134,201,244,142
144,232,217,88
134,200,238,143
121,217,241,117
111,200,254,152
101,200,268,150
94,218,268,118
99,208,262,135
94,205,265,144
90,217,266,122
101,230,248,89
101,232,250,87
97,229,253,94
94,228,252,97
86,214,259,125
81,228,259,99
72,222,267,113
72,232,256,86
65,231,263,88
57,224,279,105
59,224,273,105
57,215,280,124
55,209,284,137
60,218,275,113
60,213,274,123
57,218,278,109
57,217,277,111
58,223,266,95
51,214,281,116
52,217,280,105
53,219,279,101
54,223,290,93
51,218,282,103
52,217,284,104
58,226,268,88
57,226,273,86
59,227,270,85
56,229,272,84
54,227,276,88
54,229,278,86
46,228,283,88
47,232,278,83
41,221,240,98
30,216,252,106
34,232,243,85
30,232,249,86
38,234,234,84
31,221,239,104
32,227,235,96
39,230,230,99
42,236,223,85
49,235,217,87
61,235,204,88
61,229,217,99
65,221,209,114
65,219,209,118
66,217,207,120
65,216,213,123
68,216,206,123
74,221,184,115
78,222,181,112
77,223,176,111
76,222,175,114
68,219,184,122
68,222,183,118
65,223,185,115
66,224,184,114
65,224,184,114
62,223,188,115
63,223,184,115
63,223,181,114
62,222,183,116
65,227,175,106
43,224,198,115
19,228,216,106
17,230,216,100
18,235,214,88
16,232,219,92
16,232,218,92
15,226,220,101
11,224,226,106
15,226,220,100
15,221,220,109
14,212,224,126
10,220,222,108
13,218,219,112
14,224,212,99
18,222,209,104
10,222,215,104
14,228,202,90
6,221,221,99
4,216,224,110
5,216,218,110
3,214,217,113
1,214,218,113
4,215,214,112
-1,214,218,115
1,211,215,119
-2,211,221,119
1,213,220,116
1,213,219,116
1,213,218,116
-2,209,222,122
-12,203,232,131
-17,199,239,136
-14,202,239,132
-17,205,243,127
-27,206,255,125
-36,207,260,122
-26,209,252,119
-32,208,259,119
-12,211,237,115
-33,209,260,117
-20,210,250,118
-13,208,235,119
-12,203,238,128
-17,196,239,139
-19,189,240,148
-22,185,238,153
-24,184,247,157
-58,174,285,166
-25,183,247,157
-23,184,245,155
-45,176,267,164
-22,184,243,155
-29,182,254,160
-31,181,257,160
-39,178,264,162
-33,180,260,161
-30,182,253,158
-21,185,245,156
-21,184,244,155
-35,180,255,159
-46,176,271,164
-45,178,264,161
-29,182,247,156
-23,184,241,156
-24,183,246,157
-76,165,299,177
-12,181,231,163
-13,181,233,163
-11,181,230,163
-15,180,232,162
-11,180,232,165
-12,181,224,159
-12,179,228,164
-11,179,225,162
-11,179,229,164
-14,177,230,166
-12,178,229,164
-12,176,227,167
-13,176,228,167
-9,179,229,165
-12,177,227,167
-11,176,228,167
-12,177,227,166
-10,177,224,166
-10,178,221,164
-5,182,216,160
17,198,196,140
36,213,175,118
51,222,152,101
49,215,159,116
54,211,152,123
59,216,143,114
58,215,145,117
58,217,146,112
58,216,145,114
62,216,143,116
52,195,157,157
57,215,142,117
56,212,139,122
60,216,131,115
54,202,145,143
61,213,130,120
64,216,125,114
66,217,122,111
66,216,123,112
61,213,130,116
61,205,140,139
62,207,139,138
61,205,141,140
61,203,141,140
62,206,139,130
62,209,147,124
62,212,154,121
65,214,151,116
64,212,153,119
58,210,151,127
67,217,144,110
70,222,140,95
66,223,140,93
67,223,144,97
54,188,165,158
54,189,165,157
54,187,164,161
57,192,164,154
63,223,145,99
57,192,162,156
58,189,163,160
64,195,172,149
62,219,175,117
69,229,171,95
66,224,172,106
62,222,176,111
63,224,181,108
71,233,172,88
70,220,176,111
70,231,178,93
76,233,168,88
73,226,172,103
72,224,174,106
75,228,166,98
79,234,159,87
82,232,154,89
78,234,158,87
79,232,160,90
70,218,168,117
73,224,168,106
72,224,167,107
72,230,171,95
70,220,175,115
67,215,182,124
71,225,173,105
83,231,156,92
75,232,167,91
71,223,178,109
72,222,177,111
71,223,177,110
72,222,177,112
70,221,179,114
67,218,186,122
71,224,186,111
74,224,192,112
65,218,209,122
72,225,199,111
68,223,204,114
68,224,204,112
66,222,204,113
68,223,202,111
68,222,202,112
59,217,214,120
53,215,220,123
52,213,221,126
51,211,224,130
50,209,224,136
49,210,229,137
50,218,226,121
49,223,224,112
45,222,228,116
47,230,222,105
53,239,211,88
52,237,214,93
48,234,222,100
47,229,224,111
42,223,232,128
41,225,231,126
45,224,229,128
50,226,223,125
44,225,227,129
47,231,222,118
46,231,224,117
46,232,224,116
48,234,221,108
50,228,219,122
63,239,203,90
60,240,207,89
62,241,204,83
58,238,209,86
60,239,208,84
67,235,204,90
59,236,228,85
65,236,251,84
69,235,248,83
66,230,257,91
68,234,257,81
69,231,251,85
69,230,254,85
68,225,235,93
69,229,247,84
69,225,249,89
70,226,249,85
63,219,266,99
66,211,252,112
69,212,246,114
75,225,262,88
73,213,277,107
74,224,282,88
77,222,282,95
75,215,284,108
87,219,271,105
94,220,265,104
108,228,257,89
115,224,258,95
121,224,260,99
120,216,282,117
123,214,284,121
131,214,277,122
133,215,273,118
132,213,275,122
139,212,269,122
140,213,268,118
144,212,264,117
143,212,273,116
149,218,271,99
153,223,271,82
157,224,270,79
155,221,273,85
155,220,278,85
157,223,270,82
162,221,263,81
162,218,266,85
163,217,264,84
165,216,263,89
165,213,265,95
167,214,261,94
171,215,256,91
173,217,252,86
175,217,251,86
181,218,249,86
189,214,241,93
194,211,240,98
201,216,233,85
203,216,235,85
205,214,238,87
210,215,231,86
209,213,237,90
210,212,234,94
211,214,231,87
213,215,226,86
212,212,232,93
216,216,222,84
217,213,226,91
216,215,225,85
219,214,225,91
219,210,239,99
223,210,236,96
220,209,241,100
222,212,238,89
221,210,240,95
223,210,238,97
224,211,235,95
224,210,237,95
228,212,233,90
225,210,237,95
226,210,233,96
226,211,234,94
227,210,236,97
227,210,232,95
229,209,230,97
229,212,225,89
226,207,239,104
229,207,232,102
225,211,241,93
227,208,241,100
231,208,234,102
231,207,235,105
227,208,234,102
226,204,242,109
226,203,240,112
227,201,244,116
228,200,247,116
226,201,246,113
226,201,245,113
226,201,246,115
227,201,243,111
228,202,243,112
228,200,245,117
229,201,243,114
228,201,242,113
229,201,241,112
228,201,244,113
229,201,242,112
230,201,240,112
230,201,239,114
230,201,239,114
229,200,241,119
228,198,246,124
228,196,247,127
228,196,246,127
228,196,248,126
228,197,245,123
226,196,248,123
227,197,243,122
228,196,246,125
227,197,248,125
225,196,248,133
226,195,250,129
231,197,240,128
226,194,252,135
228,195,248,129
228,195,247,133
227,194,252,132
230,196,247,126
233,196,243,129
230,197,245,123
225,198,250,121
227,200,242,107
235,200,234,111
228,193,243,113
231,197,246,110
241,194,226,116
230,197,252,115
232,196,245,117
231,195,254,122
231,199,246,109
224,175,241,149
232,176,262,149
226,184,274,128
222,179,278,139
230,192,258,110
223,170,271,165
225,165,268,176
223,165,267,176
223,165,268,175
225,164,267,177
228,165,264,176
230,165,263,175
228,165,265,177
231,166,261,170
232,164,262,176
234,166,253,174
233,166,251,175
232,164,254,179
232,164,254,179
232,164,255,179
235,165,249,178
235,162,254,182
234,163,253,180
233,162,255,183
233,162,254,182
232,162,256,181
233,162,256,181
234,161,255,182
232,162,257,181
232,162,257,181
232,162,259,181
230,163,260,181
232,162,258,182
232,163,259,180
233,163,257,180
234,164,255,178
235,163,255,180
234,163,255,179
226,162,268,184
233,162,258,182
234,163,257,181
234,163,256,181
233,164,252,181
232,163,257,182
234,164,251,181
234,161,257,184
235,160,257,185
233,161,259,184
233,162,258,183
234,163,256,182
235,162,256,183
234,162,257,184
235,162,256,182
235,162,256,183
234,162,258,184
236,163,255,181
235,161,257,185
234,162,256,184
236,162,256,183
236,160,257,187
235,161,259,185
237,162,254,183
233,161,261,186
235,162,257,183
237,161,254,185
236,162,255,183
237,162,255,183
233,162,259,185
237,162,255,183
237,163,252,183
237,162,255,183
237,161,255,186
237,162,254,183
236,161,256,186
237,162,256,186
236,161,256,186
239,161,254,186
237,162,255,185
238,162,255,184
238,161,256,187
242,161,252,186
238,162,255,185
238,163,254,182
237,160,259,188
238,162,257,184
236,174,252,164
236,180,254,154
235,182,257,149
239,185,252,143
238,184,254,145
241,186,250,142
242,184,250,145
243,186,248,143
244,185,249,143
243,186,250,142
249,185,243,143
251,187,243,140
252,188,242,138
257,190,236,132
257,197,237,118
260,207,236,97
260,207,246,95
270,207,238,93
260,196,252,115
260,193,264,120
259,191,263,124
268,208,248,90
268,190,253,126
268,193,251,120
270,193,244,122
286,185,232,141
293,193,224,127
299,209,220,92
299,193,223,122
302,194,220,121
302,194,221,122
312,209,208,98
316,213,207,91
317,212,219,93
320,212,236,94
320,193,239,120
327,196,232,111
334,207,220,92
336,205,219,96
343,207,214,91
347,202,212,101
349,204,206,93
355,203,203,96
358,205,199,91
360,202,198,97
361,202,198,98
363,197,201,107
365,193,199,115
364,193,203,116
367,194,198,116
371,195,195,119
379,216,183,88
387,216,177,91
392,209,178,113
400,219,168,98
416,221,154,99
432,231,148,97
433,226,162,109
444,230,162,108
458,234,151,99
479,237,118,91
490,239,112,89
491,240,184,94
502,242,187,91
514,243,189,89
526,245,191,86
538,246,194,85
550,248,196,82
568,247,184,80
574,249,172,79
609,244,159,77
645,240,146,75
680,235,134,73
715,230,122,72
714,229,129,74
713,229,137,75
716,229,151,70
712,227,156,73
713,227,163,74
710,225,160,76
709,225,163,76
705,218,180,91
705,214,187,102
706,214,186,102
702,214,190,103
703,214,195,105
702,208,210,127
705,212,206,117
701,207,215,126
710,212,210,115
715,215,206,107
714,210,207,112
715,209,208,116
718,208,204,117
712,204,210,121
714,205,212,121
717,207,212,117
718,206,217,120
716,205,232,121
722,208,230,117
723,210,230,114
728,210,224,113
729,210,225,112
730,210,223,112
731,210,238,112
735,208,234,116
739,188,242,160
734,190,252,162
