923.65,308.27,758.05,342.11,741.83,262.68,907.42,228.85
743.98,257.24,911.19,237.13,920.34,313.18,753.13,333.29
746.59,244.3,917.71,251.16,914.75,325.04,743.63,318.18
760.58,224.41,923.84,264.26,906.36,335.91,743.09,296.06
755.72,231.99,923.81,266.34,910.17,333.11,742.08,298.77
766.74,222.56,924.97,270.21,903.79,340.54,745.56,292.9
778.78,219.07,930.98,268.91,906.51,343.65,754.3,293.81
785.34,213.49,930.7,268.12,901.02,347.08,755.66,292.45
794.35,214.06,935.69,274.48,902.53,352.04,761.19,291.62
793.92,210.43,934.4,270.1,899.97,351.16,759.49,291.49
789.47,214.72,931.93,266.37,902.74,346.86,760.29,295.22
802.29,208.03,935.8,270.1,898.15,351.08,764.65,289.01
801.99,210.29,937.57,272.74,901.27,351.56,765.69,289.11
812.67,203.05,938.89,267.1,895.71,352.21,769.49,288.16
786.87,225.68,933.96,251.07,918.77,339.11,771.67,313.72
778.85,239.05,928.37,240.17,927.67,333.56,778.15,332.44
783.29,238.9,929.55,240.25,928.7,332.66,782.44,331.31
781.69,262.84,909.57,215.61,943.35,307.06,815.47,354.3
784.49,244.36,935.36,232.27,942.78,324.86,791.91,336.95
782.4,254.67,947.49,216.97,968.28,308.05,803.2,345.75
786.92,258.22,959.37,202.34,988.95,293.61,816.5,349.49
944.31,181.3,992.25,268.02,839.13,352.68,791.19,265.96
934.21,172.74,991.36,258.1,849.54,353.05,792.39,267.69
797.53,256.16,956.37,194.61,990.63,283.01,831.79,344.56
955.75,194.91,988.79,280.59,834.2,340.2,801.16,254.52
801.36,253.5,972.48,191.6,1003.2,276.5,832.07,338.4
804.68,251.33,958.04,196.59,988.06,280.71,834.7,335.45
808.49,250.25,1001.2,181.81,1031,265.86,838.33,334.29
811.28,250.61,957.16,195.85,988.23,278.63,842.36,333.39
812.19,251.95,972.69,188.88,1005.4,272.26,844.95,335.32
815.28,250.93,965.14,192.79,997.98,277.43,848.12,335.57
817.32,254.62,962.34,193.62,1000.6,284.59,855.58,345.58
824.74,254.24,957.83,195.29,997.87,285.71,864.79,344.66
827.28,248.65,961.34,199.75,994.71,291.24,860.65,340.14
831.25,243.35,969.99,203.3,996.83,296.26,858.09,336.32
831.51,245.7,954.59,204.88,984.38,294.73,861.3,335.55
831.64,236.36,965.94,206.48,985.68,295.2,851.38,325.08
836.72,240.37,953.28,205.97,979.17,293.69,862.61,328.09
838.67,235.07,956.74,208.58,976.97,298.72,858.9,325.22
847.45,222.67,959.37,213.65,966.74,305.11,854.82,314.13
846.16,231.66,968.44,208.31,985.29,296.57,863.01,319.92
853.75,227.86,964.91,212.02,977.66,301.47,866.5,317.32
855.33,228.89,978.78,207.92,993.95,297.24,870.5,318.21
856.33,241.26,960.05,202.1,992.23,287.34,888.52,326.5
855.97,241.7,964.99,198.83,998.65,284.45,889.63,327.32
859.47,239.2,971.14,198.08,1002.9,284.32,891.23,325.44
867.97,225.39,959.44,207.29,977.57,298.96,886.1,317.05
870.22,223.54,961.65,207.82,977.65,300.84,886.21,316.56
877.59,219.77,972.49,206.38,985.84,300.97,890.93,314.36
883.29,213.83,960.76,208.83,967.08,306.54,889.61,311.54
884.72,211.66,963.63,207.53,968.87,307.6,889.96,311.74
895.17,204.98,973.87,209.11,968.89,304.03,890.19,299.91
894.26,207.05,972.95,207.73,972.21,293.43,893.52,292.75
892.01,206.87,963.93,206.89,963.91,291.49,891.99,291.47
901.91,199.8,969.14,206.95,960.08,292.18,892.85,285.03
895.23,204.21,962.66,204.75,961.98,290.14,894.55,289.61
900.3,194.97,969.83,203.11,959.71,289.46,890.19,281.31
903.7,193.59,972.06,203.72,959.3,289.77,890.94,279.64
901.47,197.87,966.6,201.47,961.72,289.66,896.59,286.06
887.02,224.4,958.22,194.6,990.84,272.51,919.64,302.32
902.47,199.96,961.98,200.71,960.84,291.2,901.32,290.44
902.37,203.31,960.51,201.45,963.36,290.51,905.22,292.37
900.46,205.03,967.51,200.37,973.86,291.77,906.82,296.43
899.64,208.68,960.95,201,972.38,292.23,911.07,299.91
889.38,244.46,957.23,184.21,1012.1,246,944.24,306.24
900.8,208.93,960.8,202.25,971.11,294.99,911.11,301.66
889.73,247.69,951.01,190.69,1005.9,249.71,944.63,306.71
908.06,204.7,960.12,203.99,961.44,299.83,909.37,300.55
906.86,207.16,960.97,205.09,964.49,296.79,910.38,298.86
909.58,204.47,961.66,205.33,960.13,297.26,908.06,296.39
909.81,205,963.04,206.39,960.58,300.27,907.34,298.87
908.09,205.5,961.69,203.62,965.1,301.23,911.5,303.1
906.17,208.4,961.12,203.93,968.72,297.35,913.77,301.82
907.88,208.17,961.12,205.86,965.44,305.23,912.21,307.55
909.46,205.05,966.03,205.02,966.07,303.69,909.5,303.72
908.46,206.9,961.58,205.26,964.58,302.37,911.46,304.01
905.07,212.3,965.38,205.23,976.42,299.37,916.11,306.44
910.69,207.96,968.39,208.92,966.85,302.33,909.15,301.37
909.31,209.5,960.05,207.05,964.78,304.63,914.04,307.09
911.37,208.34,960.87,207.89,961.76,306.09,912.26,306.54
909.27,206.46,960.72,204.65,964.29,305.86,912.84,307.67
904.7,203.75,961.07,204.1,960.42,308.08,904.05,307.73
930.4,192.51,1022.5,236.88,980.35,324.43,888.23,280.05
899.15,203.07,962.24,204.41,960.12,304.58,897.02,303.24
925.34,192.37,1028.7,235.96,992.23,322.51,888.85,278.92
901.72,200.74,965.81,204.41,960.11,304.01,896.02,300.34
911.13,194.29,1015.9,217.55,993.97,316.31,889.2,293.05
913.54,191.96,995.99,215.98,965.36,321.12,882.91,297.1
892.82,201.21,962.3,202.65,960.13,307.28,890.65,305.83
914.71,193.85,984.09,210.65,959.6,311.77,890.22,294.97
905.72,198.41,972.74,206.8,960.33,305.85,893.31,297.45
907.44,197.04,975.78,207.72,960.01,308.71,891.66,298.03
911.31,194.26,982.23,211.17,956.98,317.04,886.07,300.13
905.42,197.52,979.2,207.48,965.3,310.44,891.51,300.47
904.09,202.89,972.76,211.54,960.29,310.6,891.62,301.95
903.28,204.06,983.27,211.41,974.23,309.71,894.24,302.35
902.92,203.34,982.28,211.58,972.07,309.9,892.71,301.66
900.06,205.59,964.8,208.84,959.91,306.18,895.18,302.93
896.89,208.86,963.4,207.84,964.91,306.93,898.4,307.94
898.34,207.24,962.22,207.96,961.09,308.17,897.22,307.45
897.85,207.3,962.38,208.97,959.92,304.42,895.39,302.75
907.98,199.3,978.4,211.35,961.08,312.56,890.66,300.51
866.76,210.43,965.44,209.43,966.49,313.16,867.81,314.16
855.89,211.8,961.87,207.15,966.36,309.39,860.38,314.04
859.09,211.04,960.4,211.16,960.28,308.21,858.97,308.08
858.33,213.45,1022.5,212.5,1023.1,308.69,858.88,309.64
859.66,210.2,960.46,210.42,960.24,313.02,859.44,312.8
860.08,213.03,963.87,213.23,963.69,306.69,859.9,306.49
853.38,218.26,962.25,210.88,968.39,301.44,859.51,308.81
857.26,214.55,967,212.36,968.87,306.03,859.13,308.22
857.65,216.35,960.63,214.66,962.16,307.48,859.17,309.17
859.95,214.21,960.86,213.92,961.12,307.14,860.21,307.42
859.29,214.3,963.27,214.72,962.89,307.64,858.91,307.22
859.53,214.65,960.22,214.37,960.47,308.2,859.79,308.48
859.48,215.66,960.13,215.15,960.6,307.53,859.95,308.04
860.23,215.35,960.06,215.38,960.03,307.75,860.2,307.72
849.47,215.17,964.93,214.95,965.1,305.7,849.64,305.92
837.63,233.8,960.04,215.15,973.1,300.88,850.69,319.53
838.07,247.53,959.63,212.41,982.98,293.22,861.42,328.34
834.88,235.39,959.61,214.54,973.76,299.22,849.03,320.07
838.19,218.97,961.28,219.32,961.05,301.08,837.95,300.73
832.61,245.63,1006.8,206.28,1024.5,284.55,850.29,323.9
858.67,195.02,984.16,235.24,958.87,314.15,833.38,273.94
836.49,214.07,961.07,213.98,961.12,303.15,836.55,303.23
862.78,183.76,1027.2,239.44,996.31,330.71,831.88,275.03
836.22,232.84,959.3,210.9,975.5,301.82,852.43,323.75
836.86,231.63,962.96,211.3,976.48,295.13,850.37,315.46
841.04,213.77,961.21,215.06,960.26,303.27,840.09,301.99
842.28,209.15,963.81,214.28,960.03,303.6,838.51,298.46
841.87,205.64,964.21,210.08,960.82,303.46,838.48,299.02
843.36,204.68,970.18,217.91,961.36,302.4,834.54,289.17
842.96,205.34,966.7,215.04,959.86,302.3,836.12,292.6
842.46,205.36,966.99,215.5,959.93,302.16,835.4,292.02
842.93,205.21,967.35,215.51,960.21,301.69,835.8,291.39
842.86,204.27,967.13,214.56,959.91,301.75,835.64,291.47
842.19,205.42,966.72,212.91,961.44,300.69,836.91,293.2
842.11,205.04,966.81,212.73,961.14,304.56,836.45,296.87
844.09,198.42,975.11,217.32,963.07,300.81,832.05,281.92
847.36,193.1,977.06,223,958.93,301.65,829.24,271.75
842.34,201.9,994.14,219.2,984.77,301.43,832.97,284.13
844.31,198.35,1013.2,223.51,1000.9,305.47,832.1,280.31
841.24,208.4,970.04,208.4,970.04,298.44,841.24,298.44
842.57,202.67,970.75,214.95,962.76,298.42,834.57,286.14
842.17,203.72,974.37,213.96,967.87,297.93,835.66,287.69
843.61,200.87,975.45,215.71,966.05,299.15,834.22,284.3
842.95,202.52,968.5,214.29,960.67,297.83,835.12,286.06
857.16,177.74,1033.8,249.29,1003.5,324.1,826.85,252.56
845.2,205.27,965.93,211.66,961.48,295.72,840.75,289.33
849.43,198.84,970.99,214.06,960.41,298.56,838.86,283.35
852.86,197.6,979.87,213.89,968.86,299.72,841.85,283.43
856.6,189.44,1027.2,233.17,1006.1,315.64,835.46,271.91
850.81,183.69,984.06,225.32,959.44,304.12,826.19,262.49
846.49,186.16,977.95,217.03,958.75,298.81,827.28,267.93
847.88,186.04,981.45,218.09,962.2,298.29,828.64,266.24
844.44,183.1,1013.2,231,991.47,307.71,822.67,259.81
848.64,183.21,1005.7,226.61,982.7,309.98,825.61,266.58
840.35,181.14,981.92,221.49,959.05,301.71,817.49,261.36
845.44,183.24,981.71,220.7,959.31,302.18,823.04,264.72
846.72,184.12,980.89,219.16,959.13,302.48,824.96,267.44
846.29,183.34,980.3,220.4,958.33,299.83,824.32,262.77
846.23,184.91,1005,223.49,984.46,307.94,825.71,269.36
844.54,184.18,980.22,218.19,959.67,300.2,823.98,266.19
843.86,179.9,993.55,227.08,968.99,305,819.3,257.82
845.25,184.44,977.47,216.03,958.08,297.19,825.86,265.61
843.9,183.85,977.6,217.07,957.88,296.43,824.18,263.21
845.16,185.18,977.87,214.19,959.82,296.77,827.11,267.76
846.73,182.72,981.78,219.27,959.63,301.11,824.58,264.55
844.76,187.02,978.09,215.4,959.85,301.06,826.53,272.68
842.49,195.23,978.48,212.58,967.61,297.78,831.62,280.43
837.44,206.44,961.92,208.84,960.2,298.43,835.72,296.03
837.63,208.97,960.9,208.5,961.27,303.53,837.99,304
833.62,209.81,990.53,209.99,990.42,304.07,833.51,303.9
830.15,213.7,962.18,214.82,961.47,299.21,829.43,298.08
826.01,227.39,959.66,208.39,971.71,293.23,838.07,312.22
844.25,190.26,979.8,221.44,960.67,304.62,825.12,273.44
827.03,218.07,960.45,209.77,965.9,297.37,832.48,305.67
829.82,211.42,960.62,210.92,960.95,299.09,830.15,299.59
846.81,187.07,980.87,219.74,959.71,306.57,825.65,273.91
830.17,211.01,960.39,211,960.4,302.55,830.17,302.56
829.63,211.23,961.59,212.08,960.99,304.14,829.03,303.29
830.38,211.13,961.01,211.65,960.64,303.14,830.01,302.61
841.76,191.9,983.5,220.74,965.65,308.5,823.91,279.66
826.34,191.75,1006.9,225.76,990.63,311.87,810.12,277.86
806,213,960,213,960,304,806,304
800.96,214.43,960.43,213.94,960.71,304.12,801.24,304.62
796.68,212.21,965.34,214.05,964.35,304.52,795.7,302.68
793.08,215.43,962.35,214.91,962.63,306.06,793.36,306.58
794.84,216.32,962.63,215.93,962.85,308.13,795.06,308.52
794.54,216.8,964.73,215.82,965.26,308.15,795.07,309.13
794.06,217.15,965.04,216.93,965.15,308.44,794.17,308.65
794.21,216.77,965.68,218.03,965,309.47,793.54,308.21
794.43,211.66,978,221.02,973.43,310.66,789.86,301.29
772.46,220.09,966.37,221.17,965.88,308.43,771.98,307.35
765.45,219.2,979.72,223.67,977.94,309.16,763.67,304.69
760.05,221.05,963.6,221.39,963.45,308.13,759.91,307.79
750.92,222.12,961.42,221.96,961.48,308.6,750.99,308.76
747.11,222.15,965.43,222.15,965.43,308,747.11,308
746.61,222.44,961.01,221.78,961.27,307.92,746.87,308.57
747.31,221.07,962.61,222.07,962.21,307.46,746.91,306.46
745.55,223.88,960.76,222.53,961.3,307.68,746.09,309.04
746.75,222.01,963.79,223.24,963.31,307.51,746.27,306.27
744,222,960,222,960,306,744,306
746.35,225.71,961.04,227.26,960.47,304.91,745.79,303.35
741.95,226.15,963.93,227.28,963.53,305.51,741.55,304.38
742.24,217.65,966.64,229.53,962.35,310.52,737.95,298.64
739.27,224.58,972.77,227.95,971.61,308.47,738.11,305.1
738.22,215.23,963.88,231.58,958.09,311.46,732.43,295.11
741.13,218.87,964.94,230.03,960.9,311.14,737.09,299.98
739.49,221.09,964.61,228.4,961.97,309.83,736.85,302.53
738.26,224.31,967.89,226.87,967,307.07,737.36,304.51
742.56,218.08,963.06,229.95,958.69,311.1,738.19,299.23
736.49,225.47,971.61,226.26,971.34,306.37,736.22,305.57
739.21,225.87,967.51,226.83,967.19,303.47,738.89,302.51
742.57,223.04,962.56,226.34,961.35,307.53,741.35,304.23
738.63,223.99,972.09,225.4,971.61,304.71,738.16,303.3
740.92,225.71,965.98,225.66,965.99,304.99,740.94,305.03
739.43,225.65,968.29,226.14,968.12,304.24,739.26,303.75
742.09,223.08,961.87,231.61,958.72,312.76,738.94,304.23
745.31,218.85,962.96,235.47,956.94,314.34,739.29,297.72
742.79,220.9,969.41,237.73,963.66,315.2,737.04,298.37
747.8,218.72,963.52,243.48,954.83,319.16,739.11,294.4
752.61,218.27,963.55,251.73,951.95,324.85,741.02,291.39
749.15,222.4,963.7,254.58,953.13,325.09,738.57,292.91
750.57,222.25,963.76,257.41,952.35,326.61,739.16,291.46
750.8,225.77,963.74,254.32,954.4,323.91,741.47,295.36
750.95,225.79,962.88,255.3,952.72,328.26,740.79,298.75
749.01,229.78,961.58,252.02,953.74,326.93,741.17,304.69
745.56,228.2,962.65,253.57,954.07,327.02,736.97,301.64
762.16,231.81,961.72,252.35,954.16,325.83,754.6,305.29
741.06,231.35,933.43,248.55,927.04,319.99,734.67,302.78
741.12,232.71,936.97,247.51,931.81,315.8,735.96,301.01
736.81,233.02,930.9,246.79,926.05,315.19,731.96,301.42
735.74,233.27,914.72,248.67,908.98,315.33,730.01,299.93
736.15,225.27,913.8,261.34,901.12,323.79,723.47,287.71
729.75,226.15,912.27,259.31,901.47,318.76,718.95,285.61
727.76,233.51,910,249.24,904.99,307.36,722.75,291.63
727.15,236.69,900.68,244.09,898.14,303.76,724.6,296.36
722.4,236.83,886.83,243.57,884.43,302.08,720,295.33
720.72,235.1,880.49,247.7,876.17,302.42,716.4,289.82
722.71,233.75,879.74,248.79,874.66,301.92,717.63,286.88
720.13,235.27,870.49,247.74,866.19,299.65,715.83,287.19
724.11,232.18,858.97,250.39,851.58,305.16,716.72,286.95
673.07,237.16,827.98,237.16,827.98,322.53,673.07,322.53
677.17,234.76,827.04,234.76,827.04,321.3,677.17,321.3
665.71,233.85,810.53,233.85,810.53,321.58,665.71,321.58
652.54,236.73,792.31,236.73,792.31,325.64,652.54,325.64
603.69,227.99,765.54,227.99,765.54,327.26,603.69,327.26
554.85,219.24,738.77,219.24,738.77,328.88,554.85,328.88
506,210.5,712,210.5,712,330.5,506,330.5
484,204.5,676,204.5,676,318.5,484,318.5
450.5,203.5,650.5,203.5,650.5,323.5,450.5,323.5
434.5,200,643.5,200,643.5,314.5,434.5,314.5
432.65,199.52,639.3,199.52,639.3,312.7,432.65,312.7
430.8,199.05,635.1,199.05,635.1,310.9,430.8,310.9
432.28,193.87,592.06,226.89,575.12,308.83,415.34,275.8
432.81,194.21,593.45,226.73,576.77,309.1,416.14,276.58
432.99,191.35,589.34,226.14,570.65,310.16,414.3,275.38
431.34,196.04,585.49,218.86,572.56,306.23,418.4,283.41
431.39,196.94,582.25,215.59,571.28,304.36,420.41,285.72
431.36,195.23,584.89,217.3,572.35,304.53,418.83,282.47
431.53,197.32,582.93,216.4,571.92,303.81,420.52,284.74
432.49,196.75,586.44,218.57,574.09,305.68,420.14,283.85
432.29,198.06,587.46,218.94,575.87,305.07,420.7,284.19
432.42,197.4,589.87,221.1,577,306.59,419.56,282.89
432.37,194.79,590.11,222.66,574.89,308.77,417.16,280.91
430.68,198.15,587.03,220.29,574.81,306.63,418.45,284.49
425.54,199.45,585.13,219.38,574.29,306.21,414.7,286.29
420.42,204.11,583.25,216.27,576.8,302.55,413.98,290.39
408.95,210.78,577.37,211.09,577.22,295.14,408.79,294.83
407.74,212.13,574.18,211.24,574.64,296.76,408.2,297.66
407.44,211.6,571.38,210.42,572,296.69,408.06,297.87
403.05,220.68,568.46,203.79,577.14,288.82,411.73,305.7
408.13,212.47,567.95,209.62,569.47,295.35,409.66,298.19
400.78,223.46,557.44,199.19,570.44,283.13,413.78,307.4
400.78,219.34,559.4,199.6,570.19,286.29,411.57,306.03
402.74,213.86,557.61,203.43,563.41,289.6,408.54,300.03
399.01,209.5,559.35,206.2,561.13,292.75,400.79,296.04
395.86,210.6,559.75,205.3,562.54,291.54,398.65,296.84
391.64,209.01,556.23,204.6,558.53,290.41,393.94,294.82
393.67,207.9,552.23,203.02,554.92,290.53,396.37,295.41
391.21,211.15,550.22,202.26,554.93,286.6,395.92,295.48
386.27,218.34,545.67,194.66,558,277.7,398.61,301.37
393.81,207.89,548.47,203.55,550.89,289.8,396.24,294.15
391.61,212.34,537.26,198.37,545.46,283.89,399.81,297.85
392.95,214.24,536.33,196.62,546.86,282.32,403.48,299.93
389.84,222.23,530.36,189.35,550.39,274.94,409.86,307.81
388.42,225.88,523.8,184.88,549.8,270.73,414.42,311.73
517.24,180.7,550.98,267.6,420.28,318.35,386.54,231.45
386.55,235.86,511.2,179.38,548.87,262.51,424.21,318.98
387.32,233.23,510.06,180.39,546.64,265.37,423.9,318.2
388.44,232.55,509.06,181.88,544.77,266.88,424.16,317.56
498.41,175.89,547.12,258.34,429.56,327.8,380.85,245.35
504.27,182.3,543.46,267.39,425.56,321.69,386.37,236.59
387.66,240.21,501.05,185.65,540.76,268.18,427.37,322.74
492.06,180.12,544.21,260.29,435.29,331.14,383.14,250.98
384.01,254.95,486.27,179.45,543.21,256.57,440.94,332.07
383.15,257.3,481.3,180.68,541.12,257.31,442.97,333.93
475.37,179.95,538.81,251.67,444.17,335.39,380.73,263.68
473.12,185.11,536.62,257.51,442.91,339.72,379.4,267.32
377.78,270.46,469.67,186.85,534.77,258.4,442.89,342.01
375.63,281.04,462.9,189.17,532.11,254.92,444.84,346.79
461.67,191.19,530.52,259.23,444.1,346.69,375.25,278.65
460.33,192.37,527.72,258.45,440.94,346.97,373.54,280.89
461.69,191.26,525.94,260.39,433.78,346.06,369.52,276.92
448.18,188.8,523.04,249.67,445.62,344.89,370.76,284.02
376.93,236.14,493.36,211.86,511.66,299.59,395.23,323.88
372.58,246.91,487.03,203.78,518.74,287.94,404.29,331.07
374.67,241.83,489.99,207.43,515.9,294.28,400.59,328.69
373.02,244.89,486.83,208.72,513.84,293.72,400.04,329.89
370.75,252.09,482.83,205.45,516.85,287.2,404.77,333.83
372.15,247.56,484.17,208.83,513.28,293.06,401.27,331.78
371.29,250.01,482.64,207.24,514.58,290.38,403.23,333.15
369.97,253.72,478.18,204.16,515.44,285.5,407.23,335.07
376.04,233.02,492.28,219.89,502.16,307.3,385.92,320.44
370.91,240.37,485.82,213.2,506,298.57,391.1,325.74
371.09,241.17,485.71,212.95,506.57,297.68,391.95,325.9
369.33,243,481.65,210.59,506.06,295.14,393.73,327.55
366.76,245.41,478.46,208.44,506.25,292.4,394.54,329.37
360.62,260.48,470.07,198.54,514.66,277.34,405.21,339.28
359.29,262.93,467.77,198.3,514.24,276.3,405.76,340.93
358.72,263.05,465.97,198.45,513.4,277.18,406.14,341.79
460.67,196.9,513.76,274.49,408.49,346.53,355.39,268.95
461.07,197.05,513.79,275.3,409.64,345.46,356.93,267.21
351.34,272.95,459.67,194.53,515.29,271.36,406.95,349.78
465.44,195.65,515.21,274.97,400.08,347.21,350.31,267.89
466.02,197.17,514.17,276.15,401.39,344.93,353.23,265.95
355.85,259.8,470.62,199.25,513.26,280.07,398.49,340.62
356.93,252.7,478.21,200.97,514.02,284.93,392.74,336.65
346.3,256.32,483.83,203.07,515.94,286.02,378.42,339.27
347.88,237.43,496.19,214.68,509.57,301.89,361.25,324.64
350.56,231.99,499.44,218.16,507.6,306.08,358.73,319.9
351.36,229.27,499.65,217.36,506.78,306.05,358.48,317.96
351.46,227.29,499.43,216.06,506.31,306.69,358.34,317.92
352.15,227.39,498.6,218.88,503.78,308.11,357.33,316.62
356.26,220.15,495.67,220.82,495.22,314.51,355.81,313.85
347.48,236.84,493.1,210.65,508.76,297.74,363.14,323.93
344.68,242.73,491.14,205.36,512.97,290.9,366.5,328.27
344.45,231.49,494.29,212.66,505.44,301.4,355.6,320.23
336.48,224.54,496.35,219.79,498.97,308.18,339.1,312.93
329.07,222.05,490.99,220.92,491.59,307.61,329.67,308.74
327.2,222.88,501.97,222.59,502.11,308.89,327.34,309.17
328.4,219.22,500.25,221.38,499.12,311.06,327.27,308.9
316.05,247.34,489.68,204.16,510.84,289.24,337.21,332.41
313.65,249.28,490.27,200.39,513.74,285.16,337.12,334.05
312.72,244.95,489.95,200.85,511.11,285.88,333.88,329.98
306.64,244.34,493.84,200.53,513.73,285.5,326.53,329.32
310.91,246.63,489.35,196.93,513.03,281.95,334.59,331.65
311.4,244.31,488.36,196.92,511.34,282.76,334.39,330.15
308.84,246.84,487.22,191.45,513.77,276.93,335.39,332.33
307.6,248.76,486.25,190,513.99,274.33,335.34,333.09
309.61,246.29,488.31,195.6,511.74,278.19,333.03,328.87
308.06,242.35,489.89,196.52,511.02,280.38,329.2,326.2
307.45,242.5,492.19,197.33,512.47,280.28,327.73,325.45
307.1,246.58,482.27,189.54,509.17,272.18,334.01,329.21
306.27,249.36,478.86,183.8,509.86,265.39,337.27,330.96
309.4,243.59,480.58,186.06,508.46,269.01,337.28,326.54
313.3,231.09,488.14,198.31,503.99,282.82,329.14,315.6
323.42,213.48,497.03,211.74,497.95,303.96,324.35,305.7
322.26,219.68,487.62,209.02,493.17,295.26,327.81,305.91
320.85,219.06,488.18,207.86,494.03,295.18,326.7,306.39
321.78,215.07,486.38,208.43,490.06,299.46,325.45,306.1
319.38,217.65,490.34,205.15,496.88,294.64,325.92,307.13
317.91,217.38,493.49,210.12,497.28,301.78,321.7,309.03
316.91,223.82,497.7,204.83,506.84,291.84,326.05,310.82
317.91,220.73,499.99,210,505.17,297.98,323.1,308.71
318.62,217.03,502.73,217.27,502.61,307.84,318.5,307.61
311.87,231.79,492.59,202.34,506.5,287.72,325.79,317.17
315.05,224.55,485.68,216.6,489.69,302.64,319.06,310.59
312.25,225.43,487.47,221.22,489.54,307.52,314.33,311.73
307.59,224.73,485.87,222.66,486.88,309.77,308.61,311.85
307.63,222.92,482.98,222.31,483.29,311.72,307.95,312.33
300.01,232.1,477.3,216.92,484.59,301.98,307.29,317.16
305.58,232.25,468.19,210.5,479.08,291.93,316.47,313.68
225.57,220.07,460.99,227.54,458.44,307.95,223.02,300.47
210.89,224.75,457.28,223.47,457.67,298.57,211.28,299.85
202.52,226.12,452.29,223.97,452.95,300.27,203.17,302.42
186.02,225.65,452.17,224.33,452.54,298.79,186.38,300.1
181.03,226.66,445.67,222.04,447.01,298.61,182.36,303.23
166.37,230.17,441.67,221.15,444.12,295.79,168.82,304.81
160.93,224.62,438.31,221.97,439.06,300.31,161.67,302.96
165.95,227.14,435.51,219.96,437.62,299.24,168.06,306.42
173.58,223.24,431.97,222.1,432.33,303.74,173.94,304.88
171.36,220.98,432.2,223.03,431.55,304.91,170.72,302.86
169.24,236.39,425.84,215.29,432.21,292.82,175.61,313.92
168.83,233.38,423.59,215.21,429.23,294.33,174.48,312.5
169.29,239.13,423.87,211.11,432.15,286.31,177.57,314.33
169,242.51,422.8,208.57,432.89,284.05,179.09,317.99
171.07,226.18,422.66,218.49,425.19,301.1,173.6,308.79
162.19,238.7,420.47,215.34,427.36,291.47,169.07,314.84
159.95,243.11,419.32,211.09,428.62,286.45,169.25,318.46
170.36,236.67,418.01,215.59,424.64,293.47,176.99,314.55
166.19,235.28,417.89,216.55,423.69,294.53,171.99,313.26
161.9,239.24,413.28,214.8,420.93,293.56,169.56,318
156.36,238.23,408.6,221.15,413.98,300.65,161.74,317.72
152.86,239.5,391,222.28,396.74,301.68,158.6,318.9
151.4,232.05,399.86,229.86,400.53,305.73,152.07,307.92
142.18,240.57,391.86,223,397.12,297.82,147.44,315.39
139.68,245.76,387,219.39,394.92,293.66,147.59,320.03
140.45,250.35,366.5,217.02,377.93,294.52,151.87,327.85
138.88,256.88,364.1,209.54,380.07,285.5,154.85,332.85
134.86,265.99,355.36,201.09,378.31,279.07,157.82,343.98
144.6,233.41,361.48,232.24,361.95,319.47,145.07,320.64
134.02,267.58,348.2,200.38,372.03,276.32,157.85,343.53
121.08,253.96,349.97,217.74,362.75,298.52,133.87,334.75
111.21,276.77,339.92,200.05,365.29,275.68,136.58,352.4
101.46,275.45,345.86,200.09,369.14,275.58,124.74,350.94
94.574,259.18,349.87,218.91,362.07,296.22,106.77,336.5
99.258,266.83,342.92,208.59,361.33,285.63,117.67,343.87
94.306,271.62,338.8,205.15,359.85,282.58,115.36,349.05
90.776,257.1,343.33,217.85,356.06,299.77,103.5,339.01
101.68,234.78,348.21,230.83,349.57,315.68,103.04,319.64
101.22,233.22,350.9,232.02,351.32,318.54,101.63,319.75
97.772,237.49,348.08,229.71,350.76,316,100.45,323.78
94.365,240.15,342.94,228.73,346.86,314.13,98.288,325.55
86.031,254.75,331.76,214.18,345.8,299.23,100.07,339.81
81.35,237.06,337.55,228.57,340.54,318.7,84.337,327.2
72.978,250.76,330.24,222.34,339.62,307.35,82.367,335.77
72.064,233.47,328.17,232.21,328.59,317.66,72.484,318.92
65.074,233.74,328.09,231.77,328.73,317.34,65.716,319.31
57.181,245.09,329.47,224.05,336.01,308.73,63.726,329.78
59.423,241.76,327.09,224.1,332.87,311.65,65.199,329.31
57.05,254.69,325.13,215.57,337.55,300.66,69.467,339.78
55.766,262.02,323.3,209.64,339.79,293.85,72.256,346.23
60.126,248.13,325.75,218.55,335.05,302.09,69.428,331.67
60.273,252.85,322.07,213.89,334.47,297.21,72.676,336.17
57.199,245.74,327.37,218.78,335.51,300.37,65.344,327.34
57.624,245.1,325.63,217.74,334.11,300.79,66.1,328.15
58.287,231.17,322.16,223.81,324.6,311.22,60.727,318.59
51.245,248.89,322.05,214.55,332.33,295.66,61.531,330
52.079,242.24,325.39,217.76,332.62,298.41,59.3,322.88
53.242,236.04,327.06,219.64,332.11,303.99,58.294,320.39
54.479,224.93,343.91,223.21,344.45,314.33,55.018,316.04
51.924,239.35,327.47,218.39,333.71,300.39,58.16,321.34
52.927,239.52,329.8,217.59,336.29,299.58,59.42,321.51
58.404,227.78,326.1,226.32,326.57,312.6,58.874,314.06
57.377,227.38,330.39,226.29,330.73,311.7,57.719,312.8
60.226,227.12,329.23,227.99,328.95,312.93,59.953,312.06
56.513,230.18,328.5,229.46,328.72,312.3,56.734,313.03
54.83,233.7,328.61,227.61,330.43,309.21,56.643,315.3
55.589,229.92,332.49,232.49,331.73,315.23,54.821,312.65
46.721,235.35,327.47,228.51,329.43,309.31,48.689,316.15
47.707,233.42,324.68,232.33,325,314.64,48.029,315.73
46.823,221.01,281.65,234.81,276.67,319.53,41.845,305.74
37.612,216.83,282.04,237.55,274.83,322.64,30.401,301.92
34.255,234.18,277.11,232.3,277.75,315.69,34.901,317.57
30.92,232.31,279.77,234.5,279.02,318.98,30.178,316.79
38.299,235.26,272.26,234.83,272.41,318.37,38.452,318.8
38.164,221.29,270.87,240.07,263.95,325.89,31.237,307.11
36.723,227.32,267.66,239.34,263.29,323.51,32.344,311.49
39.667,242.52,264.4,230.54,269.02,317.15,44.284,329.13
42.374,236.24,265.6,236.37,265.55,321.07,42.326,320.94
49.459,237.1,265.87,235.16,266.64,320.99,50.227,322.93
61.283,236.65,264.91,235.16,265.54,321.71,61.919,323.2
61.799,242.39,273.55,229.36,278.85,315.49,67.098,328.52
65.094,250.53,262.2,221.22,274.89,306.55,77.786,335.87
65.548,252.04,260.2,219.26,274.6,304.76,79.944,337.54
66.837,251.51,257.89,217.96,273.04,304.26,81.993,337.81
65.561,254.22,262.23,216.21,278.76,301.72,82.089,339.73
68.486,253.89,257.91,216.24,274.87,301.59,85.45,339.24
74.616,249.91,244.41,221.93,258.6,308.06,88.809,336.04
78.305,247.84,247.21,222.91,259.95,309.25,91.047,334.18
77.911,248.27,240.51,223.96,253.36,309.92,90.764,334.23
76.576,250.36,236.24,222.49,251.19,308.14,91.525,336.01
68.429,255.57,234.45,219.92,252.82,305.51,86.806,341.15
68.368,254.21,235.04,222.16,251.58,308.15,84.902,340.2
65.892,252.11,235.88,223.91,250.25,310.59,80.269,338.78
66.146,250.96,236.85,224.1,250.58,311.39,79.884,338.25
65.359,252.2,235.03,224.51,249.07,310.51,79.396,338.2
62.533,251.97,236.36,223.59,250.52,310.38,76.7,338.75
63.813,251.14,232.71,223.1,247.14,310.05,78.248,338.09
63.481,250.04,230.82,223.98,244.37,310.94,77.024,337
62.407,251.92,230.23,222.08,245.57,308.31,77.743,338.16
65.872,245.76,230.69,227.22,240.59,315.25,75.774,333.79
43.537,254.26,227.17,224.2,241.07,309.12,57.436,339.18
19.512,249.57,226.73,228.18,235.54,313.47,28.319,334.87
17.852,244.41,228.18,230.83,233.73,316.72,23.397,330.3
18.857,236.25,232.15,235.34,232.53,322.55,19.229,323.46
16.497,237.66,232.82,232.2,235,318.73,18.681,324.19
16.676,237.84,232.47,232.31,234.68,318.73,18.891,324.26
15.316,241.96,229.49,226.85,235.49,311.9,21.315,327.01
11.855,246.31,229.12,224.02,237.76,308.2,20.489,330.49
15.631,242.57,228.92,226.44,235.25,310.12,21.96,326.25
15.933,247.22,224.87,221.63,235.02,304.47,26.076,330.05
14.017,256.69,220.99,212.58,238.43,294.4,31.457,338.52
10.311,244.37,223.56,220.74,232.86,304.61,19.605,328.24
13.855,245.77,221.13,218.84,232.09,303.18,24.816,330.12
14.103,238.91,220.63,224.4,226.54,308.6,20.021,323.11
18.22,241.47,218.85,222.08,227.02,306.7,26.396,326.09
10.611,241.36,217.82,222.41,225.6,307.46,18.391,326.41
15.42,228.17,216.5,230.51,215.48,318.31,14.399,315.97
12.287,221.18,227.01,234.53,221.64,320.95,6.9148,307.6
13.519,216.3,228.65,237.47,219.9,326.42,4.7666,305.25
15.347,216.02,223.7,238.62,214.14,326.84,5.7795,304.24
13.701,214.21,220.08,239.17,209.4,327.51,3.0189,302.56
12.573,214.59,219.26,239.73,208.57,327.64,1.883,302.5
15.859,215.16,218.15,240.55,207.2,327.82,4.9036,302.43
10.214,214.09,217.77,240.25,206.53,329.44,-1.0243,303.29
13.848,211.98,216.41,240.97,203.59,330.54,1.0316,301.55
9.9154,211.5,219.43,241.38,206.69,330.66,-2.8165,300.78
12.821,213.43,221.03,239.07,209.92,329.31,1.7075,303.67
13.429,213.8,220.9,241.56,209.1,329.8,1.6217,302.04
13.618,213.91,219.44,242.15,207.44,329.64,1.6154,301.4
11.728,209.96,220.24,244.42,205.84,331.55,-2.672,297.09
5.2581,203.36,220.76,247.04,203.09,334.21,-12.409,290.53
1.7553,199.56,222.08,250.84,202.33,335.69,-17.995,284.41
3.6598,202.25,225.44,249.12,207.4,334.47,-14.378,287.6
-1.2338,205.12,226.47,248.1,210.57,332.31,-17.128,289.33
-13.142,206.64,228.43,246.97,214.39,331.1,-27.186,290.77
-23.869,207.13,224.73,245.58,211.74,329.57,-36.857,291.13
-13.743,209.99,226.62,245.56,214.34,328.54,-26.022,292.97
-20.651,208.38,227.2,244.84,215.03,327.6,-32.825,291.14
-0.42925,211.73,225,243.55,213.25,326.77,-12.175,294.96
-22.237,209.01,227.45,243.23,216.07,326.25,-33.614,292.03
-9.0401,210.36,230.79,243.95,218.98,328.3,-20.852,294.72
-0.54483,208.21,222.23,243.89,208.85,327.44,-13.926,291.76
3.6864,203.97,226.36,246.73,210,331.91,-12.673,289.15
3.2035,196.08,222.4,249.82,201.5,335.08,-17.7,281.34
5.1148,189.64,221.83,251.68,197.17,337.82,-19.545,275.78
4.1496,185.47,216.51,251.34,189.53,338.32,-22.833,272.45
3.0804,184.56,223.77,254.7,196.31,341.11,-24.382,270.98
-31.684,174.6,227.21,253.68,200.71,340.43,-58.184,261.35
2.0911,183.54,222.97,254.97,195.19,340.88,-25.691,269.44
3.8416,184.64,222.19,253.54,194.94,339.91,-23.414,271.01
-17.48,176.59,222.2,253.72,194.27,340.51,-45.409,263.39
5.0989,184.3,221.41,253.04,193.84,339.79,-22.469,271.05
-1.9967,182.45,225.9,253.74,198.28,342.05,-29.618,270.76
-3.8765,181.11,226.91,254.2,199.14,341.89,-31.649,268.79
-11.671,178.62,225.58,254.02,197.98,340.87,-39.275,265.47
-5.7836,180.47,227.07,253.69,199.49,341.4,-33.366,268.18
-3.7287,182.34,223.29,253.07,196.13,340.22,-30.88,269.49
6.2899,185,224.35,253.57,196.62,341.75,-21.441,273.18
6.0722,184.95,223.51,253.07,196.38,339.68,-21.061,271.56
-8.2979,180,220.53,252.65,192.88,339.73,-35.944,267.09
-18.633,176.53,225.26,254.1,197.68,340.85,-46.223,263.29
-17.808,178.13,219.17,251.6,191.83,339.76,-45.14,266.29
-2.1567,182.72,218.57,251.91,191.33,338.78,-29.388,269.59
4.9341,184.42,218.18,251.73,190.21,340.35,-23.039,273.04
2.9132,183.55,222.75,254.06,194.87,340.99,-24.971,270.48
-47.876,165.81,223.21,255.5,194.47,342.35,-76.611,252.65
21.203,181.22,219.81,256.68,186.55,344.23,-12.062,268.78
19.967,181.34,220.11,256.39,186.94,344.84,-13.198,269.8
21.989,181.18,219.82,256.64,186.17,344.85,-11.657,269.38
17.604,180.66,217.04,255.36,184.29,342.82,-15.155,268.12
22.577,180.7,221.06,258.42,186.95,345.52,-11.531,267.81
20.003,181.05,212.89,253.63,180.13,340.68,-12.751,268.1
21.741,179.6,216.71,256.31,182.54,343.16,-12.43,266.45
22.191,179.37,214.22,255.09,180.13,341.54,-11.899,265.82
21.876,179.87,218.52,256.61,184.79,343.03,-11.848,266.29
20.689,177.66,216.62,256.78,181.7,343.26,-14.234,264.14
21.576,178.37,217.91,257.42,183.55,342.74,-12.78,263.69
23.567,176.7,215.25,256.64,179.15,343.2,-12.532,263.26
22.335,176.58,215.39,257.14,179.37,343.46,-13.683,262.9
24.778,179.66,220.6,258.79,186,344.4,-9.8192,265.27
23.838,177.42,215.87,257.34,179.52,344.68,-12.508,264.76
25.366,176.29,217,258.77,180.36,343.89,-11.272,261.41
22.42,177.58,215.63,256.54,180.25,343.13,-12.965,264.17
25.25,177.98,214.45,256.63,178.38,343.42,-10.828,264.77
25.271,178.59,211.58,256.08,175.52,342.77,-10.784,265.28
29.233,182.81,211.18,254.33,176.71,342.03,-5.2416,270.5
44.694,198.72,213.09,249.08,186.31,338.63,17.914,288.27
51.169,213.27,211,239.32,195.91,331.88,36.079,305.83
56.081,222.52,203.93,230.3,199.02,323.68,51.172,315.91
66.495,215.37,208.91,241.57,192.28,331.91,49.871,305.71
76.919,211.53,206.83,244.35,184.12,334.28,54.203,301.46
75.555,216.9,202.92,238.67,187.25,330.35,59.886,308.59
76.436,215.64,203.4,241.09,185.05,332.62,58.083,307.17
73.041,217.84,204.52,238.71,190.03,329.99,58.549,309.12
74.772,216.83,203.95,240.17,187.57,330.82,58.394,307.48
80.789,216.47,205,241.63,186.67,332.13,62.455,306.96
131.96,195.52,209.08,268.85,129.83,352.19,52.718,278.87
76.527,215.45,199.8,241.13,180.85,332.09,57.575,306.41
82.255,212.51,195.65,244.35,170.38,334.33,56.993,302.49
81.01,216.33,191.8,241.45,171.43,331.26,60.647,306.14
109.53,202.32,199.34,260.29,144.12,345.85,54.31,287.88
88.978,213.94,191.26,245.88,163.87,333.58,61.587,301.63
86.39,216.44,189.58,242.03,167.67,330.4,64.478,304.82
86.409,217.62,188.63,241.35,168.38,328.57,66.161,304.84
88.447,216.53,189.32,241.58,167.63,328.96,66.75,303.91
87.052,213.6,191.47,244.09,166.41,329.9,61.997,299.41
61.863,275.65,126.55,205.98,201.11,275.19,136.41,344.87
62.338,276.11,128,207.28,201,276.92,135.34,345.75
61.991,274.64,127.95,205.21,202.51,276.04,136.55,345.47
123.24,203.56,202.38,272.22,140.61,343.43,61.46,274.77
102.39,206.48,201.83,256.56,161.52,336.6,62.081,286.51
90.009,209.44,209.28,247.89,181.57,333.86,62.295,295.42
83.93,212.15,216.22,244.75,194.33,333.55,62.048,300.95
82.813,214.49,216.95,240.47,199.47,330.69,65.337,304.7
85.255,212.49,217.5,243.92,196.65,331.65,64.404,300.22
82.346,210.37,209.7,242.25,185.8,337.72,58.448,305.85
77.496,217.74,211.21,232.26,200.84,327.77,67.126,313.25
70.95,224.67,209.45,222.8,210.69,315.15,72.193,317.01
67.574,223.61,206.79,225.49,205.55,316.84,66.336,314.95
67.93,225.7,210.46,223.7,211.8,318.7,69.267,320.7
54.034,260.76,162.52,188.59,219.28,273.91,110.79,346.08
54.481,261.81,163.19,189.74,219.01,273.93,110.3,346.01
54.256,267.55,154.61,187.78,218.73,268.46,118.38,348.23
57.261,265.24,167.26,192.71,221.15,274.44,111.14,346.97
69.351,223.72,208.95,233.23,202.9,322.06,63.3,312.55
57.138,265.28,160.7,192.68,219.1,275.98,115.54,348.59
58.039,267.91,157.67,189.38,221.86,270.81,122.23,349.35
64.688,255.7,195.95,195.02,236.77,283.32,105.51,344
79.366,219.16,237.38,250.53,220.22,336.99,62.202,305.62
73.381,229.86,240.27,238.01,236.06,324.06,69.176,315.91
76.834,224.55,238.37,244.46,227.74,330.7,66.205,310.8
76.178,222.28,238.65,247.35,225.38,333.37,62.906,308.3
74.428,224.24,244.34,245.28,233.55,332.45,63.634,311.4
72.279,233.18,243.32,234.53,242.63,321.9,71.587,320.55
70.959,242.62,234.61,220.13,246.76,308.51,83.108,331.01
74.628,231.05,248.03,238.53,244.33,324.21,70.932,316.73
76.205,234.12,244.45,233.6,244.71,320.79,76.472,321.31
82.283,226.57,245.35,243.65,236.35,329.64,73.277,312.56
83.377,224.73,246.85,245.71,235.96,330.59,72.485,309.62
80.914,228.44,241.01,238.63,235.44,326.08,75.35,315.89
79.889,234,238.51,235.23,237.84,321.82,79.219,320.59
82.541,234.46,235.8,232.72,236.79,320.09,83.528,321.82
79.21,234.18,236.31,235.43,235.62,321.93,78.525,320.68
79.075,234.3,238.67,232.88,239.46,321.22,79.86,322.64
87.048,218.89,238.83,248.7,221.86,335.11,70.075,305.3
84.221,224.69,241.8,243.34,231.51,330.3,73.931,311.66
83.476,224.54,239.14,244.27,228.09,331.38,72.431,311.64
75.527,230.79,243.52,236.6,240.44,325.64,72.451,319.84
85.15,220.21,245.35,246.54,230.79,335.15,70.586,308.82
88.046,215.37,249.96,254.97,229.17,339.94,67.265,300.35
80.547,225.48,244.92,242.97,235.62,330.37,71.245,312.87
83.48,233.53,238.37,231.29,239.67,321.67,84.786,323.91
76.021,232.18,242.87,233.28,242.27,323.53,75.422,322.42
82.858,223.69,249.41,244.52,238.4,332.56,71.85,311.73
85.152,222.26,249.41,246.04,236.71,333.77,72.451,309.99
82.286,223.7,248.34,242.91,237.9,333.11,71.848,313.9
85.063,222.73,249.47,245.36,237.16,334.8,72.753,312.18
84.198,221.77,249.96,247.7,236.17,335.81,70.413,309.88
85.467,218.27,253.74,252.08,235.99,340.48,67.709,306.68
81.675,224.87,257.98,244.82,247.74,335.26,71.441,315.31
85.811,224.78,266.82,247.23,255.74,336.55,74.737,314.11
80.607,218.9,274.5,250.3,259.85,340.8,65.949,309.4
83.582,225.36,271.66,247.94,261,336.73,72.923,314.15
79.476,223.89,272.63,248.75,261.18,337.75,68.022,312.89
78.304,224.62,272.31,246.3,262.28,336.01,68.279,314.33
78.44,222.19,270.34,247.46,258.69,335.93,66.789,310.66
78.872,223.34,270.17,244.91,260.02,334.87,68.729,313.3
78.185,222.81,270.5,244.58,260.37,334.09,68.054,312.32
74.136,217.14,273.07,249.96,258.58,337.77,59.649,304.95
68.624,215.29,273.38,250.86,258.18,338.32,53.43,302.75
69.593,213.39,273.65,253.04,256.83,339.63,52.768,299.98
69.534,211.6,275.41,255.85,256.98,341.63,51.099,297.38
71.639,209.42,274.44,260.18,253.18,345.08,50.386,294.32
70.417,210.31,278.18,261.28,257.04,347.46,49.273,296.48
64.193,218.41,276.14,252.24,262.16,339.81,50.216,305.99
59.596,223.19,273.05,247.78,262.89,335.98,49.435,311.39
58.14,222.67,273.55,255.55,260.84,338.79,45.433,305.9
55.124,230.07,269.84,250.3,261.83,335.29,47.117,315.06
53.164,240.49,264.25,239.38,264.71,326.54,53.621,327.65
52.559,246.67,263.27,237.81,266.82,322.01,56.102,330.88
48.345,251.57,264.45,234.61,270.92,317.05,54.816,334.01
47.058,258.36,260.33,229.52,271.45,311.78,58.18,340.62
42.357,269.92,256.96,223.9,274.4,305.19,59.791,351.21
41.221,271.17,255.49,225.93,272.4,306.05,58.135,351.28
45.935,271.02,256.42,224.7,274.35,306.21,63.871,352.52
50.431,269.53,256.8,226.41,273.88,308.14,67.508,351.26
44.617,271.02,253.95,225.95,271.89,309.27,62.558,354.35
47.275,265.43,255.45,231.05,269.36,315.27,61.185,349.65
46.007,263.47,257.98,231.81,270.67,316.76,58.694,348.42
46.599,263.1,257.83,232.43,270.24,317.91,59.008,348.57
48.124,259.73,259.4,234.69,269.2,317.37,57.92,342.4
50.895,262.6,254.32,228.38,269.09,316.17,65.667,350.4
63.728,245.93,264.31,239.68,266.91,322.84,66.319,329.09
60.48,247.23,264.69,240.04,267.6,322.57,63.386,329.76
62.701,242.18,266.62,241.51,266.89,323.81,62.972,324.48
58.033,241.49,266.54,238.89,267.58,322.21,59.073,324.81
60.719,239.5,267.92,239.09,268.08,322.96,60.882,323.37
67.299,239.24,269.44,235.53,271.02,321.33,68.875,325.04
60.112,236.03,287.02,237.71,286.4,321.96,59.489,320.28
65.856,236.74,316.13,236.03,316.37,319.68,66.092,320.39
70.024,235.44,317.13,236.53,316.77,318.96,69.658,317.87
66.965,238.2,321.23,230.62,323.71,313.85,69.445,321.43
68.839,234.2,325.04,234.52,324.94,315.23,68.737,314.91
69.452,233.8,319.75,231.74,320.43,314.88,70.137,316.94
69.333,231.58,322.64,230.28,323.07,314.38,69.763,315.68
71.486,225.45,303.1,234.64,299.75,318.92,68.143,309.73
69.971,230.26,316.24,229.19,316.6,312.53,70.333,313.6
71.254,225.23,318.05,231.06,316.08,314.75,69.279,308.92
70.158,227.31,319.07,226.34,319.39,310.65,70.487,311.63
63.121,232.06,325.02,219.31,329.23,305.76,67.328,318.51
76.798,211.37,318.84,241.1,308.75,323.27,66.705,293.54
78.772,212.18,315.89,238.07,306.22,326.62,69.105,300.73
75.277,226.39,336.92,225.31,337.29,312.43,75.639,313.51
73.364,232.15,344.25,213.11,350.46,301.48,79.574,320.52
74.375,226.12,355.88,224.79,356.29,311.36,74.786,312.7
77.927,228.26,357.42,222.41,359.3,312.14,79.806,317.99
75.046,232.07,353.66,215.25,359.2,307.08,80.59,323.9
87.582,234.47,353.28,219.36,358.38,309.1,92.686,324.21
94.459,233.74,354.75,220.18,359.46,310.69,99.177,324.26
108.38,228.5,365.99,229.48,365.65,317.67,108.04,316.68
118.6,224.6,373.33,233.13,370.42,319.95,115.69,311.41
124.97,224.58,381.68,235.05,378.08,323.2,121.37,312.72
130.55,216.56,402.58,247.61,392.8,333.3,120.77,302.25
134.74,214.6,407.25,250.44,396.07,335.5,123.56,299.66
143.47,214.8,408.91,251.59,397.21,336.03,131.76,299.23
144.86,215.29,406.8,248.97,395.9,333.76,133.96,300.08
145.27,213.42,407.87,252.09,395.53,335.85,132.93,297.18
152.73,212.7,408.02,252.02,395.28,334.76,139.98,295.44
151.6,213.08,408.75,249.25,397.17,331.6,140.01,295.44
156.33,212.28,408.99,247.35,397.62,329.29,144.95,294.22
154,212.3,416.61,247.66,405.71,328.59,143.11,293.24
155.93,218.41,420.38,238.46,414.35,317.95,149.9,297.89
153.64,224.37,424.37,223.27,424.7,304.37,153.97,305.47
157.63,224.35,427,225.6,426.65,303.03,157.27,301.79
157.9,221.87,428.67,229.47,426.51,306.35,155.74,298.74
157.71,220.74,433.15,228.31,431.04,305.29,155.59,297.72
157.64,225.58,426.52,223.28,427.2,302.7,158.32,305
162.92,221.22,425.45,222.23,425.14,302.92,162.61,301.91
162.93,218.68,428.74,221.1,427.98,303.75,162.18,301.33
164.23,217.79,427.82,220.19,427.07,301.74,163.48,299.34
168.54,216.06,428.42,225.13,425.6,305.82,165.72,296.75
169.89,213.49,430.06,227.11,425.8,308.42,165.63,294.8
171.29,214.64,428.41,225.38,424.94,308.32,167.83,297.59
174.09,215.13,427.89,223.52,425.16,306.2,171.36,297.8
173.93,217.92,425.74,220.2,424.98,303.63,173.18,301.35
176.6,217.77,426.96,220.26,426.13,303.83,175.77,301.34
183.38,218.14,430.66,223.14,429.01,304.7,181.74,299.71
192.87,214.18,430.96,224.94,427.22,307.66,189.13,296.89
199.64,211.29,434.57,226.83,429.14,309,194.2,293.46
202.42,216.08,434.65,219.58,433.41,301.95,201.18,298.46
204.05,216.43,438,219.06,437.08,301.02,203.13,298.4
205.14,219.29,441.75,214.08,443.56,296.3,206.95,301.5
210.55,217.73,440.38,215.98,441.02,299.61,211.18,301.36
209.58,219.38,444.23,213.05,446.48,296.7,211.83,303.02
210.54,222.52,440.52,212.31,444.26,296.51,214.28,306.73
211.22,219.12,440.8,214.66,442.39,296.64,212.81,301.1
213.4,217.9,438.47,215.67,439.3,299.42,214.23,301.65
212.65,221.59,441.34,212.44,444.71,296.65,216.02,305.8
216.64,216.41,438.02,216.13,438.12,299.95,216.75,300.23
217.67,219.81,440.6,213.14,443.13,297.98,220.21,304.65
216.59,217.74,441.18,215.81,441.89,298.59,217.3,300.52
219.18,219.2,442.95,214.2,444.87,300.16,221.1,305.15
219.68,222.74,453.94,210.18,458.59,296.85,224.32,309.41
223.7,222.34,455.24,210.4,459.58,294.54,228.04,306.48
220.93,222.54,456.26,209.44,461.08,296.07,225.75,309.16
222.61,218.96,457.71,212.23,460.08,295.03,224.98,301.77
221.04,220.57,458.42,210.91,461.88,295.78,224.49,305.44
223.57,222.16,457.27,210.38,461.58,295.85,227.88,307.63
224.62,219.43,456.04,211.41,459.04,298.03,227.62,306.04
224.16,219.95,457.51,210.43,461,295.95,227.65,305.48
228.04,217.1,459.7,212.37,461.45,297.87,229.79,302.6
225.8,219.3,458.88,210.43,462.15,296.53,229.08,305.4
226.15,219.08,455.78,210.59,459.01,297.89,229.38,306.39
226.86,217.71,457.82,211.75,460.07,299.03,229.12,305
227.44,219.63,460.29,210.02,463.9,297.5,231.06,307.12
227.53,219.14,456.57,210.53,459.84,297.34,230.79,305.95
229.92,218.98,456.37,209.9,459.9,297.86,233.44,306.94
229.71,214.61,453.55,212.77,454.26,299.57,230.42,301.41
226.8,222.78,459.62,207.57,465.42,296.38,232.6,311.58
229.43,220.22,456.94,207.91,461.77,297.29,234.27,309.61
225.85,216.76,464.55,211.2,466.58,298.68,227.89,304.24
227.92,219.13,464.44,208.65,468.38,297.64,231.86,308.12
231.34,221.96,460.33,208.18,465.64,296.49,236.66,310.27
231.05,222.38,460.46,207.32,466.35,297.06,236.94,312.12
227.44,221.36,456.14,208.05,461.32,296.99,232.62,310.3
226.03,222.71,462.04,204.76,468.94,295.57,232.94,313.53
226.45,224.83,458.61,203.6,466.9,294.25,234.74,315.48
227.23,225.17,462.11,201.96,471.22,294.12,236.34,317.33
228.94,226.21,465.85,200.85,475.52,291.13,238.6,316.5
226.18,223.93,463.95,201.77,472.4,292.5,234.63,314.66
226.59,223.28,462.78,201.84,471.05,292.92,234.85,314.36
226.84,224.5,463.87,201.45,472.79,293.17,235.76,316.22
227.37,220.62,463.1,201.78,470.42,293.44,234.7,312.28
228.21,224.32,462.51,202.09,471.04,291.98,236.74,314.21
228,227.12,463.35,200.94,473.36,290.88,238,317.06
229.33,223.82,463.46,201.65,472.14,293.38,238.02,315.55
228.5,221.66,462.15,201.93,470.02,295.12,236.37,314.85
229.68,220.32,463.23,201.41,470.81,295.07,237.27,313.99
228.27,222.4,464.21,201.47,472.41,293.88,236.47,314.81
229.54,220.45,463.53,201.12,471.24,294.41,237.25,313.74
230.52,218.51,463.97,201.45,470.94,296.72,237.49,313.79
230.55,216.51,463.61,201.7,469.89,300.48,236.83,315.28
230.19,219.01,462.45,201.96,469.51,298.16,237.26,315.22
229.14,222.91,460.86,200.04,470.38,296.38,238.65,319.25
228.78,225.23,462.88,198.21,474.08,295.26,239.99,322.28
228.43,225.77,463.35,196.7,475.46,294.58,240.54,323.65
228.11,223.23,463.69,196.95,474.88,297.23,239.3,323.51
228.45,224.38,464.26,196.15,476.03,294.41,240.21,322.63
228.32,218.8,464.17,197.56,473.33,299.25,237.48,320.49
226.17,222.72,464.27,196.9,474.77,293.69,236.67,319.51
227.38,216.93,462.21,197.85,470.55,300.47,235.72,319.55
228.3,223.34,463.76,196.88,474.75,294.68,239.29,321.14
227.18,223.68,464.32,197.29,475.32,296.1,238.17,322.49
225.88,229.49,458.8,196.09,473.21,296.54,240.29,329.95
226.79,225.55,464.04,195.97,476.4,295.12,239.15,324.7
231.9,223,459.85,197.44,471.37,300.2,243.42,325.76
226.48,228.5,463.58,194.29,478.08,294.83,240.98,329.04
228.76,225.36,463.87,195.75,476.33,294.67,241.22,324.28
228.31,225.57,462.18,195.76,475.28,298.54,241.41,328.35
227.43,224.01,467.52,194.96,479.92,297.43,239.84,326.49
230.49,218.86,467.06,196.07,477,299.31,240.44,322.1
233.14,218.32,466.21,196.35,476.27,303.04,243.19,325.01
230.37,212.94,468.67,197.24,475.74,304.52,237.44,320.22
225.39,216.48,467.83,198.1,475.66,301.32,233.21,319.7
227.64,200.07,469.36,200.12,469.33,307.03,227.62,306.98
235.45,202.26,468.9,200.71,469.62,309.45,236.17,311
231.69,193.53,471.74,199.83,468.94,306.43,228.89,300.13
231.45,197.89,477.04,198.61,476.72,307.39,231.13,306.67
244.63,194.27,467.69,201.29,464.24,310.85,241.18,303.82
230.54,206.47,478.65,197.25,482.6,303.58,234.49,312.8
232.01,208.09,471.76,196.15,477.02,301.77,237.27,313.71
231.06,212.25,478.59,195.8,485.55,300.6,238.02,317.05
232.14,199.4,477.03,200.35,476.61,308.56,231.72,307.6
244.14,175.23,465.66,216.07,445.72,324.22,224.2,283.39
250.5,176.6,494.26,216.47,476.38,325.77,232.63,285.9
235.49,184.75,500.11,207.32,491.16,312.22,226.54,289.65
234.78,179,500.32,210.29,487.54,318.76,222,287.46
232.82,192.14,488.89,199.06,486.08,302.98,230.01,296.06
223.6,229.96,469.09,170.22,494.73,275.58,249.24,335.32
225.13,234.63,462.73,165.41,493.98,272.68,256.38,341.9
223.7,233.32,459.53,165.67,490.62,274.02,254.78,341.68
223.05,230.64,461.67,165.55,491.55,275.12,252.93,340.21
225.6,232.3,461.79,164.9,492.91,273.93,256.72,341.33
228.77,230.99,461.73,165.45,492.78,275.79,259.82,341.33
230.08,230.63,462.6,165.93,493.2,275.88,260.68,340.59
228.21,233.98,461.89,165.77,493.43,273.82,259.75,342.03
231.2,226.83,463.71,166.03,492.46,276,259.96,336.79
232.01,230.98,462.6,164.44,494.18,273.85,263.58,340.4
234.63,229.82,455.61,166.83,487.19,277.6,266.2,340.59
233.88,233.28,450.64,166.53,484.03,274.98,267.28,341.73
232,238.45,451.22,164.99,486.33,269.77,267.12,343.23
232.47,238.68,451.14,164.56,486.8,269.77,268.13,343.88
232.76,237.45,452.48,164.53,487.59,270.34,267.88,343.26
235.29,238.99,448.81,165.42,484.86,270.06,271.35,343.63
235.21,240.04,451.31,162.22,489,266.9,272.9,344.71
234.97,239.89,451.28,163.86,487.59,267.16,271.28,343.19
233,241.57,450.59,162.33,488.27,265.79,270.68,345.04
233.05,242,450.12,162.5,487.83,265.44,270.76,344.94
232.82,242.08,451.63,162.88,488.47,264.64,269.65,343.84
233.12,241.93,452.83,162.35,489.7,264.17,270,343.75
234,241.53,452.54,161.98,489.79,264.32,271.25,343.87
232.93,242.22,453.5,162.99,489.79,264.01,269.21,343.24
232.78,242.3,453.04,162.64,489.79,264.26,269.53,343.92
232.53,242.15,455.52,162.39,491.79,263.82,268.8,343.57
230.97,243.61,454.71,163.7,490.57,264.1,266.83,344.01
232.45,244.25,453.77,162.4,490.69,262.25,269.37,344.09
232.36,243.18,455.08,163.15,491.13,263.47,268.41,343.51
233.79,243.46,454.14,163.26,490.5,263.15,270.15,343.35
234.47,243.51,453.91,164.03,489.87,263.29,270.42,342.77
235.55,243.55,453.21,163.26,490.18,263.46,272.52,343.76
234.49,244.55,453.19,163.9,489.19,261.53,270.5,342.18
226.76,247.68,457.52,162.04,494.31,261.19,263.56,346.83
233.81,245.1,454.11,162.87,491.19,262.21,270.89,344.44
234.09,245.25,454.76,163.26,491.47,262.04,270.79,344.04
234.5,245.37,452.86,163.39,490.01,262.35,271.65,344.33
233.52,246.15,448.14,164.7,485.68,263.63,271.07,345.07
232.68,246.51,451.94,163.35,489.57,262.57,270.31,345.73
234.05,245.94,448.38,164.79,485.88,263.85,271.55,345
234.91,246.98,452.78,161.74,491.33,260.27,273.46,345.51
235.04,247.53,453.36,160.92,492.23,258.88,273.91,345.49
233.26,247.96,454.53,161.55,492.68,259.24,271.41,345.66
233.9,247.63,453.43,162.13,491.58,260.1,272.05,345.6
234.57,247.08,452.54,163.2,490.41,261.59,272.44,345.47
235.17,247.54,453.14,162.53,491.2,260.12,273.24,345.13
234.01,247.86,452.84,162.16,491.51,260.9,272.68,346.6
235.85,247.84,453.38,162.92,491.22,259.85,273.69,344.77
235.57,247.51,453.63,162.66,491.73,260.59,273.68,345.44
234.16,248.37,453.68,162.66,492.08,261,272.56,346.71
236.36,247.08,454.09,163.51,491.56,261.13,273.82,344.69
235.66,249.12,452.61,161.27,492,258.53,275.05,346.38
234.81,249.46,452.17,162.86,490.82,259.86,273.46,346.47
236.3,248.74,453.43,162.16,492.03,258.95,274.9,345.53
236.17,249.4,453.82,160.08,493.91,257.75,276.25,347.08
235.81,249.06,456.13,161.31,494.91,258.68,274.59,346.43
237.92,247.98,452.96,162.58,491.68,260.07,276.64,345.47
233.54,249.21,455.18,161.17,494.27,259.57,272.62,347.61
235.36,248.76,453.84,162.08,492.33,259.08,273.84,345.76
237.06,248.55,452.56,161.93,491.79,259.55,276.29,346.16
236.78,248.26,453.35,162.53,491.81,259.7,275.25,345.43
237.44,248.67,453.43,162.21,492.14,258.93,276.16,345.38
233.63,249.16,453.83,162.7,492.24,260.55,272.04,347
237.06,248.93,454.55,162.57,492.82,258.97,275.34,345.32
237.33,248.19,450.36,163.24,489.55,261.54,276.52,346.48
237.38,248.54,454.06,162.43,492.64,259.51,275.96,345.62
237.59,248.83,452.51,161.78,492.33,260.1,277.41,347.15
237.34,248.66,453.15,162.76,491.75,259.73,275.94,345.63
236.52,249.25,453.4,161.98,492.84,259.99,275.96,347.26
237.08,248.87,453.28,162.03,493.12,261.21,276.93,348.05
236.87,249.57,453.3,161.79,492.98,259.61,276.54,347.39
239.07,249.45,452.45,161.3,493.02,259.5,279.64,347.65
237.4,249.19,452.97,162.88,492.21,260.88,276.63,347.2
238.39,249.32,453.81,162.3,493.18,259.76,277.76,346.78
238.1,249.36,454,161.64,494.22,260.62,278.32,348.35
242.38,248.3,454.3,161.7,494.88,261.02,282.96,347.62
238.49,249.51,454.16,162.16,493.98,260.47,278.3,347.82
238.47,248.59,454.29,163.33,492.75,260.69,276.94,345.95
237.88,250.56,455.54,160.46,496.07,258.38,278.41,348.47
238.01,249.29,456.57,162.54,495.01,259.37,276.45,346.12
236.85,241.7,459.19,174.68,488.44,271.74,266.11,338.76
236.43,236.16,467.22,180.62,490.83,278.74,260.04,334.27
235.09,234.42,471.25,182.3,492.77,279.79,256.6,331.91
239.85,231.07,472.37,185.18,491.58,282.48,259.06,328.38
238.37,231.78,473.35,184.98,492.82,282.75,257.85,329.55
241.16,230.14,472.8,186.12,491.52,284.66,259.88,328.68
242.33,231.18,472.78,184.83,492.57,283.2,262.12,329.55
243.25,230.43,472.75,186.02,491.87,284.84,262.36,329.24
244.35,230.47,474.01,185.52,493.24,283.78,263.59,328.74
243.28,230.3,474.62,186.46,493.17,284.32,261.82,328.16
249.48,230.49,473.34,185.96,492.84,283.97,268.98,328.5
251.4,230.08,475.28,187.09,494.06,284.91,270.18,327.89
252.08,229.65,476.15,188.13,494.11,285.05,270.03,326.57
257.19,225.73,478.2,190.66,493.62,287.8,272.6,322.87
257.24,221.02,484.36,197.39,494.18,291.84,267.07,315.46
260.07,210.34,495.54,207.04,496.86,300.89,261.39,304.19
260.63,207.86,506.24,209.21,505.72,302.22,260.12,300.87
270.08,208.06,508.68,207.89,508.75,299.93,270.15,300.1
270.02,196.36,512.12,220.43,503.02,311.98,260.92,287.91
270.9,193.8,524.27,223.22,513.75,313.87,260.38,284.45
271.22,191.69,522.02,224.26,510.15,315.65,259.35,283.07
268.14,209.12,515.99,208.72,516.13,297.87,268.28,298.26
282.08,190.03,521.46,226.32,507.73,316.86,268.36,280.57
279.72,193.71,519.63,221.95,508.82,313.75,268.92,285.51
281.65,193.14,514.55,222.34,502.92,315.12,270.02,285.92
306.26,185.5,518.91,229.67,498.9,326.06,286.24,281.9
307.61,193.11,517.39,224.46,503.09,320.14,293.31,288.79
299.77,209.16,519.61,210.53,519.05,301.88,299.21,300.52
299.06,223,509.51,193.07,522.7,285.84,312.26,315.77
302.37,223.58,509.2,194.14,522.34,286.45,315.51,315.89
302.21,224.65,509.39,194.09,523,286.37,315.82,316.94
312.34,215.27,518.1,209.17,520.84,301.72,315.08,307.81
316.63,214.27,522.98,213.21,523.45,303.58,317.1,304.64
318.57,212.32,536.69,215.37,535.43,305.97,317.3,302.92
320.58,214.76,555.78,212.59,556.62,303.83,321.42,306
320.18,221.64,548.04,193.54,559.43,285.87,331.57,313.97
327.89,216.88,550.86,196.69,559.1,287.68,336.13,307.87
334.19,207,554.18,207.39,554.02,299.23,334.02,298.84
338.98,205.71,555.15,211.02,552.94,301.3,336.76,295.99
343.31,207.5,557.05,207.71,556.96,298.67,343.22,298.46
347.28,212.68,554.74,202.9,559.03,293.94,351.57,303.73
349.42,207.01,554.61,204.48,555.73,295.35,350.54,297.87
355.04,208.48,556.04,203.48,558.3,294.44,357.3,299.43
358.56,205.55,557.17,206.04,556.95,296.3,358.34,295.82
360.04,207.66,556.2,202.87,558.44,294.53,362.28,299.33
361.47,209,556.21,202.37,559.31,293.56,364.57,300.18
363.21,212.25,557.7,197.86,564.5,289.74,370.01,304.13
365.28,215.1,554.46,193.87,564.93,287.13,375.75,308.36
364.33,216.63,555.95,193.54,567.17,286.62,375.55,309.71
367.64,219.05,553.42,194.65,565.37,285.63,379.59,310.04
371.23,223.56,551.88,195.13,566.15,285.77,385.5,314.2
379.73,217.16,561.95,216.46,562.28,303.98,380.07,304.67
387.51,217.97,563.86,216.97,564.36,306.76,388.02,307.76
392.6,231.04,558.6,209.85,570.33,301.7,404.33,322.89
400.05,220.16,568.09,219.18,568.66,316.47,400.62,317.45
416.71,222.16,570.49,221.72,570.77,320.12,416.98,320.56
432.21,233.2,579.44,231.44,580.59,327.23,433.35,328.99
444.56,226.91,595.33,244.77,584.6,335.33,433.83,317.47
458.31,230.27,606.22,254.78,592.39,338.22,444.48,313.71
468.97,234.55,609.89,253.52,599.18,333.05,458.27,314.08
479,237.5,597.5,237.5,597.5,328.5,479,328.5
490.5,239.5,602.5,239.5,602.5,328.5,490.5,328.5
491,240.5,675,240.5,675,334,491,334
502.8,242.1,689.3,242.1,689.3,333.3,502.8,333.3
514.6,243.7,703.6,243.7,703.6,332.6,514.6,332.6
526.4,245.3,717.9,245.3,717.9,331.9,526.4,331.9
538.2,246.9,732.2,246.9,732.2,331.2,538.2,331.2
550,248.5,746.5,248.5,746.5,330.5,550,330.5
568.08,247,752.08,247,752.08,327.25,568.08,327.25
574.57,249.7,746.07,249.7,746.07,328.2,574.57,328.2
609.8,244.9,768.8,244.9,768.8,321.65,609.8,321.65
645.03,240.1,791.53,240.1,791.53,315.1,645.03,315.1
680.27,235.3,814.27,235.3,814.27,308.55,680.27,308.55
715.5,230.5,837,230.5,837,302,715.5,302
714.5,229.5,843.5,229.5,843.5,303,714.5,303
713.5,229,850,229,850,304.5,713.5,304.5
720.21,229.74,867.9,237.98,864.45,299.76,716.77,291.53
716.6,227.79,868.85,236.98,865.03,300.29,712.77,291.1
718.01,227.03,876.38,239.03,871.64,301.6,713.27,289.6
715.27,225.9,870.57,236.33,866.19,301.44,710.9,291.01
714.57,225.16,872.29,237.34,867.33,301.54,709.61,289.36
716.08,218.03,885.04,244.65,874.81,309.63,705.85,283.01
718.73,214.96,892.14,251.78,878.46,316.2,705.05,279.38
719.74,214.95,892.51,249.88,878.98,316.81,706.21,281.88
716.72,214.01,892.5,251.61,878.47,317.21,702.69,279.62
716.97,214.73,898.95,252.62,885.03,319.49,703.05,281.6
724.23,208.57,912.9,270.92,891.51,335.65,702.84,273.3
723.93,212.12,911.84,263.19,893.88,329.29,705.97,278.23
721.94,207.7,916.04,268.06,895.76,333.26,701.66,272.9
726.68,212.15,920.98,257.63,904.64,327.45,710.34,281.96
729.07,215.21,921.33,251.35,908.01,322.23,715.74,286.09
729.76,210.24,921.56,249.12,906.64,322.72,714.85,283.84
731.19,209.58,923.08,248.72,907.51,325.08,715.61,285.93
734.39,208.63,922.65,248.51,906.3,325.66,718.05,285.78
729.82,204.77,922.67,248.31,905.3,325.24,712.45,281.7
732.24,205.26,926.04,248.43,908.62,326.64,714.82,283.47
732.9,207.64,929.47,244.4,914.4,324.99,717.83,288.23
734.71,206.36,935.13,246.25,919.25,326,718.84,286.11
731.54,205.75,948.39,249.29,932.85,326.7,716,283.16
734.36,208.77,952.78,240.21,940.48,325.66,722.06,294.23
734.33,210.21,953.45,239.07,942.18,324.6,723.07,295.73
739.7,210.34,952.49,237.14,941.57,323.83,728.79,297.03
739.66,210.77,954.13,235.77,943.99,322.71,729.53,297.71
739.26,210.24,953.83,232.35,944.57,322.2,730,300.1
740.57,210.13,969.47,233.71,960.3,322.76,731.4,299.19
746.5,208.52,969.68,235.32,958.93,324.81,735.75,298
769.72,188.88,981.36,261.16,951.51,348.56,739.87,276.28
762.51,190.94,986.68,254.79,958.86,352.45,734.69,288.61
