246.13,162.64,362.69,168.59,357.02,279.72,240.46,273.77
246.98,163.71,362.85,171.25,355.67,281.58,239.8,274.04
239.18,167.6,356.29,180.03,344.46,291.48,227.35,279.05
224.91,187.95,341.75,206.7,325.84,305.87,209.0,287.13
213.66,206.0,328.97,211.97,323.57,316.22,208.26,310.24
219.83,196.7,336.06,202.76,330.31,313.01,214.08,306.95
216.28,195.29,333.26,197.88,330.94,302.29,213.97,299.7
214.86,196.31,330.75,198.6,328.76,299.28,212.87,296.99
187.14,206.28,307.0,207.64,305.86,307.72,186.0,306.36
147.0,261.0,256.0,261.0,256.0,344.0,147.0,344.0
236.0,259.0,338.0,259.0,338.0,348.0,236.0,348.0
245.15,220.09,360.06,219.99,360.15,321.91,245.24,322.01
224.07,205.55,342.13,208.62,339.48,310.74,221.42,307.67
213.01,201.62,330.18,199.41,332.21,307.03,215.04,309.24
203.7,200.51,320.81,200.52,320.8,303.09,203.69,303.08
190.44,209.0,307.44,209.14,307.31,314.14,190.31,314.0
188.26,215.49,307.6,214.29,308.66,319.93,189.32,321.13
203.42,205.3,325.07,214.66,317.51,312.85,195.86,303.49
217.0,184.0,336.0,184.0,336.0,288.0,217.0,288.0
214.15,147.86,328.46,146.2,329.92,246.88,215.61,248.54
192.6,141.3,311.63,140.06,312.71,243.94,193.68,245.18
198.77,160.61,314.79,159.47,315.71,253.06,199.7,254.2
231.5,201.3,344.6,199.84,345.77,290.77,232.67,292.23
260.89,234.79,376.42,235.14,376.16,322.08,260.63,321.74
270.08,241.31,384.96,241.23,385.03,340.1,270.15,340.17
255.22,243.43,375.62,245.17,374.17,345.33,253.77,343.58
242.0,249.0,358.0,249.0,358.0,349.0,242.0,349.0
235.31,248.13,351.76,247.29,352.51,350.25,236.05,351.1
228.29,242.64,346.84,240.33,348.81,341.83,230.26,344.13
223.19,226.09,340.2,225.89,340.37,328.83,223.36,329.03
223.85,215.14,339.86,216.39,338.73,321.22,222.72,319.98
229.49,207.56,347.16,207.95,346.84,307.59,229.16,307.2
239.35,197.24,357.71,197.44,357.55,296.04,239.18,295.84
236.07,175.23,356.84,175.2,356.87,275.97,236.1,276.01
226.41,154.33,341.86,156.71,339.84,254.56,224.39,252.18
220.0,134.0,336.0,134.0,336.0,232.0,220.0,232.0
226.77,117.5,346.3,119.89,344.25,222.31,224.72,219.91
243.02,129.32,361.82,129.33,361.82,227.67,243.01,227.67
253.62,130.28,368.64,132.66,366.52,235.01,251.5,232.64
253.06,138.15,368.81,138.19,368.77,242.01,253.02,241.96
262.75,178.14,379.83,178.86,379.24,275.12,262.16,274.4
266.24,219.48,381.8,220.39,381.02,319.9,265.46,318.99
270.09,230.35,387.24,229.74,387.77,331.47,270.62,332.08
276.43,235.58,389.61,236.35,388.91,340.15,275.72,339.38
267.62,235.04,385.61,233.9,386.57,334.02,268.58,335.15
262.99,221.24,380.7,222.5,379.62,323.23,261.9,321.97
262.52,214.27,378.65,215.49,377.58,317.21,261.45,315.98
268.01,198.57,382.12,203.26,378.03,302.76,263.92,298.07
269.24,156.64,382.77,158.83,380.62,270.21,267.08,268.01
268.77,155.02,384.51,155.9,383.69,264.16,267.95,263.28
271.4,174.49,386.72,176.99,384.34,286.46,269.02,283.96
266.86,179.15,382.25,181.58,380.05,286.36,264.65,283.93
264.28,178.06,380.24,178.5,379.84,282.47,263.89,282.03
267.12,177.87,382.09,178.43,381.59,281.06,266.62,280.5
273.31,182.56,389.88,183.54,389.03,284.16,272.46,283.18
282.31,193.04,398.15,193.33,397.89,295.06,282.05,294.76
279.4,207.17,398.26,207.03,398.38,308.99,279.52,309.13
259.39,205.48,377.76,212.13,372.15,311.96,253.78,305.31
220.91,205.43,340.83,206.4,339.98,311.12,220.06,310.15
197.98,204.11,317.68,205.72,316.32,306.58,196.63,304.97
202.08,205.1,320.12,204.94,320.25,304.08,202.21,304.25
225.43,204.25,350.08,204.34,350.01,305.5,225.36,305.41
265.0,210.0,391.0,210.0,391.0,310.0,265.0,310.0
302.0,212.0,429.0,212.0,429.0,315.0,302.0,315.0
334.53,216.91,447.99,218.48,446.56,321.2,333.1,319.63
327.32,216.0,443.38,217.12,442.39,321.19,326.33,320.08
313.73,206.32,432.5,207.5,431.46,313.38,312.68,312.21
289.48,190.92,412.19,191.37,411.82,293.12,289.1,292.67
256.4,160.61,380.84,159.85,381.47,265.13,257.03,265.88
239.24,156.03,357.11,156.22,356.94,261.07,239.08,260.88
240.4,169.66,356.06,169.35,356.33,270.74,240.67,271.05
249.22,185.57,365.65,185.77,365.49,285.26,249.06,285.07
255.57,202.19,369.79,203.32,368.85,299.15,254.63,298.02
269.41,213.67,390.56,214.96,389.54,311.23,268.38,309.94
292.95,224.17,415.05,224.08,415.11,319.84,293.02,319.93
306.34,229.25,424.29,228.02,425.39,333.91,307.44,335.14
302.53,242.24,421.5,241.05,422.5,340.93,303.53,342.11
296.34,249.48,412.92,249.28,413.1,351.76,296.52,351.96
285.39,247.66,402.08,245.15,404.26,346.76,287.58,349.27
264.04,235.21,375.75,233.82,376.95,329.79,265.23,331.18
226.2,228.13,342.96,227.73,343.29,323.03,226.53,323.44
213.33,225.81,327.8,226.14,327.5,329.07,213.03,328.74
210.0,232.0,326.0,232.0,326.0,336.0,210.0,336.0
218.09,231.72,335.79,234.52,333.45,332.65,215.75,329.85
235.0,217.0,356.0,217.0,356.0,314.0,235.0,314.0
253.0,189.0,369.0,189.0,369.0,284.0,253.0,284.0
265.81,158.83,383.65,161.14,381.81,254.61,263.97,252.29
294.47,139.21,419.1,141.81,417.08,238.5,292.45,235.9
318.04,143.46,433.96,141.22,435.83,238.01,319.91,240.24
329.13,159.77,442.8,161.24,441.56,257.22,327.88,255.74
326.87,172.53,443.17,174.9,441.16,273.33,324.86,270.96
315.45,181.48,431.8,184.08,429.67,279.57,313.32,276.98
293.07,198.55,410.28,199.03,409.91,288.1,292.7,287.61
268.0,219.0,382.0,219.0,382.0,309.0,268.0,309.0
248.0,228.0,366.0,228.0,366.0,327.0,248.0,327.0
232.44,227.04,351.91,226.76,352.14,324.51,232.67,324.79
220.85,217.26,338.71,217.11,338.83,314.99,220.97,315.13
210.83,205.34,326.37,205.7,326.06,305.05,210.52,304.68
203.04,205.09,320.6,205.12,320.57,303.78,203.01,303.74
212.24,200.1,332.01,199.94,332.14,292.86,212.36,293.02
229.15,185.98,349.94,185.6,350.22,274.58,229.43,274.96
244.43,169.14,361.8,167.63,363.04,263.87,245.67,265.38
260.31,174.34,376.66,175.82,375.47,269.33,259.13,267.85
276.78,193.13,389.42,193.88,388.81,286.81,276.17,286.06
300.54,220.99,413.95,225.58,410.24,317.3,296.83,312.71
307.13,220.63,423.46,223.13,421.3,323.48,304.97,320.98
292.01,208.34,411.96,205.7,414.07,301.73,294.12,304.37
260.42,186.12,377.78,186.46,377.5,283.84,260.14,283.5
216.61,189.75,327.79,191.47,326.22,292.4,215.05,290.68
181.79,204.22,302.18,206.49,300.01,321.64,179.62,319.37
162.43,231.25,280.87,234.74,277.78,339.27,159.34,335.77
166.77,233.57,280.6,237.83,276.81,338.97,162.98,334.7
175.98,217.42,299.43,220.19,297.18,320.66,173.72,317.88
196.34,200.56,310.38,201.63,309.48,297.33,195.44,296.26
225.8,171.53,341.01,171.83,340.74,273.06,225.54,272.76
238.16,172.08,346.99,172.05,347.02,278.84,238.19,278.86
230.96,193.48,343.95,193.29,344.12,296.28,231.13,296.47
225.39,202.89,340.34,203.07,340.18,308.04,225.22,307.86
223.46,201.83,338.48,206.57,334.11,312.66,219.09,307.92
225.38,193.92,345.78,190.31,348.88,293.64,228.48,297.26
243.82,192.37,355.46,193.56,354.33,299.34,242.7,298.16
236.79,203.48,351.79,202.96,352.26,306.47,237.26,307.0
224.29,217.64,337.13,218.09,336.7,323.99,223.86,323.54
210.55,222.21,326.8,224.57,324.76,325.44,208.51,323.08
201.34,213.02,317.27,213.73,316.67,311.11,200.74,310.4
196.38,191.42,314.15,189.58,315.82,296.39,198.05,298.23
194.08,185.95,308.88,185.64,309.18,293.52,194.38,293.83
197.98,202.14,313.87,201.64,314.3,302.7,198.41,303.19
207.29,228.99,324.99,230.73,323.53,330.03,205.82,328.29
206.75,251.11,322.99,251.08,323.02,354.24,206.78,354.28
201.39,249.66,319.14,254.9,314.69,354.96,196.95,349.73
199.9,226.21,314.98,226.08,315.09,321.98,200.0,322.11
200.68,202.11,318.49,202.12,318.47,302.0,200.67,301.99
190.3,181.1,310.55,179.89,311.58,281.81,191.33,283.02
169.85,166.14,285.4,165.07,286.4,273.07,170.84,274.14
158.67,178.35,277.44,176.87,278.83,288.66,160.06,290.15
167.56,193.73,285.71,192.45,286.86,297.9,168.71,299.19
182.29,198.9,299.97,198.74,300.1,303.2,182.43,303.36
202.89,198.36,319.91,203.63,315.45,302.75,198.43,297.47
220.22,205.64,342.89,204.89,343.53,309.91,220.87,310.67
243.62,220.21,367.09,217.48,369.46,324.72,246.0,327.45
272.35,230.0,393.25,230.29,393.01,336.35,272.1,336.06
297.78,239.39,411.68,239.78,411.32,345.09,297.42,344.7
280.92,232.2,406.29,233.43,405.25,339.24,279.88,338.01
244.0,215.96,369.76,228.72,360.12,323.76,234.36,311.0
195.3,214.55,320.12,214.7,319.99,318.53,195.18,318.38
165.74,211.01,289.76,215.61,286.05,315.88,162.03,311.29
134.92,214.18,252.32,219.71,247.47,322.78,130.07,317.25
104.24,221.66,217.64,222.07,217.27,322.96,103.88,322.54
109.46,209.25,224.03,211.39,222.08,315.4,107.51,313.25
158.44,196.71,280.96,195.8,281.66,289.69,159.14,290.61
215.82,183.12,337.59,190.96,331.09,292.03,209.32,284.19
226.83,184.4,342.22,184.09,342.5,289.15,227.11,289.46
227.02,184.4,342.48,185.19,341.74,293.1,226.29,292.3
235.7,191.12,352.11,193.58,349.9,298.47,233.48,296.02
241.08,207.01,357.69,208.29,356.52,314.24,239.91,312.96
222.59,215.38,343.72,214.51,344.44,314.06,223.31,314.93
196.85,215.52,310.53,215.08,310.9,311.66,197.22,312.1
167.14,220.08,284.06,220.22,283.94,325.13,167.02,325.0
171.52,219.59,288.53,220.78,287.46,326.17,170.45,324.97
202.0,216.0,318.0,216.0,318.0,319.0,202.0,319.0
253.02,210.55,381.02,210.23,381.28,311.97,253.28,312.3
278.8,212.22,391.15,213.86,389.66,316.26,277.31,314.62
271.72,211.92,384.61,212.96,383.67,314.08,270.79,313.04
258.32,201.72,373.19,201.99,372.95,307.03,258.08,306.76
250.37,193.73,366.27,194.15,365.89,298.85,249.99,298.42
245.0,187.0,362.0,187.0,362.0,300.0,245.0,300.0
252.0,185.0,363.0,185.0,363.0,283.0,252.0,283.0
268.0,195.0,383.0,195.0,383.0,287.0,268.0,287.0
279.0,208.0,387.0,208.0,387.0,298.0,279.0,298.0
266.0,207.0,377.0,207.0,377.0,301.0,266.0,301.0
238.0,214.0,356.0,214.0,356.0,303.0,238.0,303.0
205.0,238.0,313.0,238.0,313.0,328.0,205.0,328.0
188.0,251.0,296.0,251.0,296.0,344.0,188.0,344.0
175.0,249.0,285.0,249.0,285.0,346.0,175.0,346.0
182.0,249.0,287.0,249.0,287.0,340.0,182.0,340.0
203.0,243.0,315.0,243.0,315.0,338.0,203.0,338.0
213.0,240.0,322.0,240.0,322.0,332.0,213.0,332.0
194.0,236.0,308.0,236.0,308.0,329.0,194.0,329.0
176.0,234.0,287.0,234.0,287.0,325.0,176.0,325.0
173.0,223.0,280.0,223.0,280.0,319.0,173.0,319.0
188.0,222.0,300.0,222.0,300.0,313.0,188.0,313.0
232.0,217.0,344.0,217.0,344.0,309.0,232.0,309.0
286.0,202.0,390.0,202.0,390.0,296.0,286.0,296.0
279.0,200.0,388.0,200.0,388.0,292.0,279.0,292.0
248.0,194.0,361.0,194.0,361.0,284.0,248.0,284.0
210.0,188.0,320.0,188.0,320.0,279.0,210.0,279.0
197.0,184.0,311.0,184.0,311.0,277.0,197.0,277.0
181.0,188.0,285.0,188.0,285.0,279.0,181.0,279.0
171.0,188.0,274.0,188.0,274.0,284.0,171.0,284.0
176.0,193.0,283.0,193.0,283.0,287.0,176.0,287.0
207.0,193.0,311.0,193.0,311.0,286.0,207.0,286.0
266.0,198.0,380.0,198.0,380.0,289.0,266.0,289.0
296.0,197.0,404.0,197.0,404.0,287.0,296.0,287.0
295.0,192.0,401.0,192.0,401.0,286.0,295.0,286.0
277.0,198.0,388.0,198.0,388.0,287.0,277.0,287.0
259.0,200.0,365.0,200.0,365.0,292.0,259.0,292.0
235.0,214.0,347.0,214.0,347.0,303.0,235.0,303.0
215.0,216.0,327.0,216.0,327.0,309.0,215.0,309.0
177.0,202.0,282.0,202.0,282.0,295.0,177.0,295.0
147.0,189.0,250.0,189.0,250.0,284.0,147.0,284.0
143.0,187.0,251.0,187.0,251.0,283.0,143.0,283.0
165.0,191.0,269.0,191.0,269.0,283.0,165.0,283.0
194.0,194.0,299.0,194.0,299.0,287.0,194.0,287.0
197.0,198.0,305.0,198.0,305.0,291.0,197.0,291.0
196.0,189.0,298.0,189.0,298.0,284.0,196.0,284.0
202.0,182.0,303.0,182.0,303.0,275.0,202.0,275.0
212.0,174.0,315.0,174.0,315.0,265.0,212.0,265.0
219.0,174.0,326.0,174.0,326.0,267.0,219.0,267.0
222.0,183.0,327.0,183.0,327.0,278.0,222.0,278.0
214.0,197.0,317.0,197.0,317.0,287.0,214.0,287.0
209.0,214.0,313.0,214.0,313.0,300.0,209.0,300.0
213.0,238.0,321.0,238.0,321.0,323.0,213.0,323.0
229.0,251.0,331.0,251.0,331.0,342.0,229.0,342.0
212.0,252.0,325.0,252.0,325.0,343.0,212.0,343.0
197.0,245.0,298.0,245.0,298.0,333.0,197.0,333.0
187.0,216.0,293.0,216.0,293.0,302.0,187.0,302.0
188.0,174.0,289.0,174.0,289.0,266.0,188.0,266.0
194.0,158.0,297.0,158.0,297.0,252.0,194.0,252.0
208.0,161.0,312.0,161.0,312.0,253.0,208.0,253.0
223.0,176.0,329.0,176.0,329.0,265.0,223.0,265.0
246.0,190.0,350.0,190.0,350.0,279.0,246.0,279.0
249.0,187.0,355.0,187.0,355.0,282.0,249.0,282.0
242.0,189.0,342.0,189.0,342.0,281.0,242.0,281.0
218.0,195.0,319.0,195.0,319.0,286.0,218.0,286.0
192.0,203.0,299.0,203.0,299.0,297.0,192.0,297.0
191.0,216.0,293.0,216.0,293.0,305.0,191.0,305.0
193.0,219.0,299.0,219.0,299.0,312.0,193.0,312.0
193.0,212.0,294.0,212.0,294.0,302.0,193.0,302.0
191.0,197.0,294.0,197.0,294.0,281.0,191.0,281.0
204.0,168.0,308.0,168.0,308.0,258.0,204.0,258.0
236.0,165.0,341.0,165.0,341.0,256.0,236.0,256.0
273.0,174.0,375.0,174.0,375.0,260.0,273.0,260.0
301.0,190.0,395.0,190.0,395.0,280.0,301.0,280.0
302.0,219.0,407.0,219.0,407.0,302.0,302.0,302.0
300.0,225.0,402.0,225.0,402.0,313.0,300.0,313.0
303.0,229.0,406.0,229.0,406.0,317.0,303.0,317.0
305.0,221.0,410.0,221.0,410.0,313.0,305.0,313.0
298.0,229.0,401.0,229.0,401.0,316.0,298.0,316.0
274.0,231.0,369.0,231.0,369.0,320.0,274.0,320.0
247.0,232.0,342.0,232.0,342.0,321.0,247.0,321.0
239.0,239.0,341.0,239.0,341.0,330.0,239.0,330.0
221.28,241.26,332.59,239.96,333.72,335.88,222.4,337.18
212.42,233.31,321.89,238.83,317.33,329.12,207.86,323.6
215.16,219.32,325.16,224.44,320.82,317.84,210.81,312.72
215.02,210.1,327.46,211.4,326.35,307.26,213.92,305.96
223.47,203.57,333.94,206.05,331.79,301.74,221.33,299.27
242.58,201.16,350.69,206.55,346.12,298.47,238.0,293.09
256.04,196.69,367.87,203.49,362.51,291.61,250.68,284.8
260.81,183.71,372.64,187.75,369.38,277.71,257.55,273.66
262.93,168.68,374.17,171.55,371.72,266.73,260.48,263.86
269.73,179.0,381.01,179.01,381.0,276.35,269.72,276.34
283.78,213.71,396.78,213.26,397.19,315.26,284.19,315.71
279.27,255.35,392.24,259.75,388.78,348.7,275.81,344.31
261.26,256.73,369.63,256.05,370.22,350.47,261.85,351.15
252.85,237.24,362.42,237.46,362.22,336.26,252.65,336.04
250.0,196.0,359.0,196.0,359.0,296.0,250.0,296.0
243.32,156.96,355.22,162.66,350.01,264.87,238.11,259.17
236.85,156.45,345.96,157.34,345.15,257.58,236.04,256.69
222.15,168.41,333.12,168.26,333.25,261.88,222.28,262.04
210.35,171.48,317.96,175.82,314.14,270.61,206.53,266.28
213.77,171.04,328.29,174.08,325.78,268.53,211.26,265.48
252.53,160.89,359.13,168.14,353.16,255.97,246.56,248.72
269.05,149.2,376.66,155.2,371.78,242.66,264.17,236.66
279.73,141.23,386.69,142.6,385.42,241.38,278.46,240.01
282.63,158.31,391.44,160.27,389.7,256.78,280.89,254.82
263.96,180.49,374.97,180.35,375.08,268.89,264.07,269.03
246.19,188.44,352.63,188.26,352.79,281.99,246.35,282.17
237.83,189.87,347.75,191.05,346.74,285.26,236.82,284.08
239.26,188.23,348.74,187.09,349.7,280.04,240.23,281.18
249.19,191.67,360.0,192.78,359.08,285.18,248.27,284.07
237.89,201.27,346.69,200.31,347.49,290.16,238.69,291.13
207.08,213.4,317.83,211.17,319.62,299.81,208.86,302.04
201.55,211.66,311.56,214.88,308.71,311.87,198.7,308.64
213.06,206.4,325.42,211.67,321.13,303.09,208.77,297.81
232.85,191.55,342.5,197.53,337.51,288.92,227.86,282.94
241.48,179.49,349.69,178.97,350.17,279.56,241.96,280.07
244.95,196.04,350.21,196.48,349.83,288.43,244.57,287.99
242.32,196.09,348.11,196.14,348.07,296.81,242.28,296.76
242.31,201.03,346.94,200.53,347.42,301.03,242.79,301.53
233.79,205.87,337.07,207.03,335.97,305.17,232.69,304.01
218.33,224.6,324.47,231.9,318.48,318.94,212.35,311.64
209.51,232.89,316.84,234.67,315.2,333.21,207.87,331.42
220.44,235.1,328.13,234.03,329.13,333.98,221.44,335.06
222.77,230.16,330.44,229.11,331.42,328.41,223.75,329.47
215.81,224.05,327.58,226.99,324.96,326.45,213.2,323.51
213.94,220.61,322.67,221.6,321.76,321.09,213.03,320.1
223.2,218.96,329.85,221.26,327.85,314.47,221.2,312.18
252.7,202.96,358.86,206.81,355.94,287.42,249.78,283.58
278.1,160.95,386.14,162.26,384.95,260.65,276.91,259.34
279.99,159.95,388.35,160.45,387.91,257.11,279.54,256.61
282.76,163.09,390.5,166.25,387.5,268.55,279.75,265.38
276.42,192.03,382.4,191.96,382.46,295.98,276.49,296.05
270.79,222.38,376.72,223.81,375.47,316.42,269.54,314.99
260.89,231.17,370.9,230.54,371.45,325.55,261.44,326.18
244.92,221.5,355.97,225.21,352.67,323.76,241.63,320.05
217.38,227.34,322.72,227.01,323.02,321.95,217.68,322.28
220.41,237.89,324.59,239.39,323.23,334.39,219.05,332.9
228.61,246.07,337.6,247.56,336.28,344.66,227.29,343.17
239.0,246.0,345.0,246.0,345.0,342.0,239.0,342.0
240.8,235.21,347.85,237.84,345.74,323.84,238.68,321.21
242.45,209.03,349.21,211.62,346.81,310.4,240.06,307.81
258.51,206.71,369.33,209.4,366.97,306.54,256.15,303.84
292.59,212.94,400.42,213.34,400.07,308.13,292.24,307.74
305.06,207.74,411.68,208.31,411.16,306.2,304.54,305.62
294.2,202.08,399.46,202.12,399.42,299.35,294.17,299.31
280.2,202.35,390.74,203.18,390.02,298.13,279.48,297.3
272.47,213.29,378.01,213.31,378.0,305.9,272.45,305.88
271.72,226.22,377.07,229.9,373.8,323.66,268.45,319.98
254.94,242.62,362.66,241.55,363.57,333.07,255.86,334.14
250.7,246.15,357.01,244.06,358.83,336.27,252.51,338.36
262.08,241.58,369.84,241.6,369.83,330.31,262.07,330.29
268.64,230.57,373.37,230.17,373.73,322.64,269.0,323.05
264.41,220.64,365.99,220.61,366.02,313.17,264.44,313.21
259.08,215.33,363.22,215.57,363.01,308.99,258.87,308.76
255.77,206.42,361.61,203.93,363.89,300.88,258.06,303.38
261.69,206.27,364.33,203.68,366.72,298.62,264.08,301.2
275.06,197.43,380.03,201.68,376.3,293.81,271.33,289.57
271.77,190.51,375.89,190.81,375.61,286.06,271.49,285.76
272.13,198.12,379.33,200.64,377.12,294.38,269.92,291.86
277.71,215.24,384.31,215.81,383.84,304.88,277.23,304.31
287.04,224.28,392.06,224.37,391.98,316.59,286.96,316.5
292.28,229.29,397.09,230.47,396.07,321.19,291.26,320.0
274.21,231.5,380.17,230.13,381.36,321.92,275.41,323.29
246.21,235.36,351.73,236.17,351.04,326.07,245.52,325.26
227.22,235.32,331.4,236.05,330.74,331.14,226.55,330.41
214.04,233.46,317.98,232.43,318.82,317.11,214.87,318.13
201.59,204.46,308.01,207.37,305.73,290.54,199.32,287.63
206.64,169.85,309.29,172.65,306.72,266.78,204.07,263.98
208.98,165.34,320.1,164.08,321.18,258.9,210.06,260.16
224.6,169.03,330.91,170.77,329.37,264.02,223.07,262.27
238.81,186.28,342.62,185.93,342.91,275.19,239.11,275.54
243.69,188.16,348.26,187.13,349.14,277.15,244.58,278.18
254.9,189.31,356.75,188.5,357.47,279.09,255.62,279.9
265.0,203.0,371.0,203.0,371.0,296.0,265.0,296.0
283.0,230.0,390.0,230.0,390.0,323.0,283.0,323.0
294.38,254.01,398.39,253.3,399.01,344.39,295.01,345.11
289.84,252.3,390.63,256.34,387.39,337.32,286.6,333.29
274.97,212.16,381.76,211.7,382.16,305.37,275.38,305.83
268.06,202.71,369.13,202.43,369.39,292.17,268.32,292.46
251.88,195.34,351.05,198.17,348.47,288.67,249.29,285.84
228.49,197.86,331.85,201.35,328.79,291.95,225.43,288.46
220.89,221.21,323.73,221.31,323.65,311.1,220.8,311.0
228.08,230.59,328.96,230.49,329.06,321.13,228.17,321.23
240.0,230.0,346.0,230.0,346.0,322.0,240.0,322.0
264.05,229.51,369.14,229.02,369.56,320.61,264.47,321.09
277.09,236.27,378.9,235.93,379.21,327.45,277.39,327.79
279.64,244.13,381.35,246.84,378.91,338.35,277.2,335.64
273.32,254.41,375.91,254.03,376.25,346.24,273.66,346.62
270.69,260.6,374.33,260.19,374.69,350.99,271.05,351.4
273.79,254.74,376.84,256.19,375.54,349.33,272.48,347.88
274.72,250.0,377.51,250.05,377.47,340.35,274.67,340.3
277.0,243.0,380.0,243.0,380.0,332.0,277.0,332.0
275.71,234.83,379.29,235.07,379.08,323.04,275.51,322.79
273.18,238.88,375.94,238.64,376.13,324.31,273.38,324.55
263.05,244.54,365.99,244.52,366.01,332.16,263.06,332.18
253.91,245.98,354.68,245.02,355.52,333.55,254.75,334.51
250.22,238.94,354.65,237.66,355.74,326.97,251.31,328.24
251.51,224.69,357.39,225.48,356.75,312.14,250.86,311.35
249.91,221.4,353.11,221.23,353.25,306.85,250.05,307.02
242.91,225.4,347.77,226.74,346.68,312.2,241.82,310.86
244.46,230.49,351.54,228.06,353.5,314.0,246.41,316.43
259.93,231.22,364.85,231.18,364.88,318.06,259.97,318.09
278.03,227.53,379.48,226.28,380.49,307.88,279.04,309.14
288.3,211.44,393.8,209.79,395.13,294.91,289.62,296.55
295.0,195.0,395.0,195.0,395.0,285.0,295.0,285.0
289.6,196.64,388.26,196.24,388.62,283.77,289.96,284.17
286.18,203.5,386.88,205.67,385.05,290.52,284.35,288.35
282.15,211.98,382.24,212.27,381.99,299.04,281.9,298.75
265.78,214.4,370.89,215.59,369.91,302.17,264.8,300.97
237.09,211.03,340.76,209.99,341.57,290.19,237.89,291.23
224.0,196.0,324.0,196.0,324.0,284.0,224.0,284.0
223.56,197.69,324.09,198.92,322.96,291.21,222.44,289.98
231.86,214.34,325.94,214.6,325.7,301.28,231.62,301.02
249.0,260.0,353.0,260.0,353.0,356.0,249.0,356.0
279.09,281.27,374.89,281.22,374.94,371.11,279.14,371.16
303.31,270.81,400.89,273.16,398.86,357.11,301.29,354.76
316.0,246.0,418.0,246.0,418.0,334.0,316.0,334.0
312.28,235.67,414.89,237.95,413.03,321.61,310.43,319.34
296.72,225.23,399.92,226.4,398.96,310.98,295.76,309.81
277.46,234.65,374.56,234.48,374.7,314.78,277.6,314.94
246.28,238.63,350.96,238.49,351.07,326.22,246.39,326.36
225.29,238.08,325.57,238.98,324.77,327.72,224.49,326.81
242.0,239.0,351.0,239.0,351.0,325.0,242.0,325.0
280.48,240.76,390.13,240.54,390.3,327.25,280.65,327.47
311.9,240.48,407.89,240.34,408.01,325.33,312.02,325.47
328.74,234.24,429.78,233.4,430.48,318.6,329.44,319.43
339.3,236.63,439.24,236.66,439.22,320.05,339.28,320.02
346.08,242.33,448.11,242.39,448.06,327.88,346.02,327.81
349.38,241.95,449.68,241.32,450.21,326.24,349.91,326.86
352.58,233.63,452.88,236.05,450.82,321.38,350.52,318.96
345.62,235.46,441.97,237.43,440.21,323.86,343.86,321.9
318.0,256.0,417.0,256.0,417.0,342.0,318.0,342.0
295.31,263.05,398.99,263.03,399.01,350.83,295.33,350.86
297.04,258.23,399.41,260.36,397.6,347.32,295.23,345.19
306.0,249.61,405.61,248.67,406.39,331.14,306.79,332.09
311.88,241.5,412.28,239.99,413.65,330.71,313.25,332.22
329.43,259.21,425.18,256.04,427.95,339.82,332.21,342.98
345.69,263.65,447.6,265.05,446.44,350.17,344.52,348.77
358.0,253.57,457.0,252.87,457.63,340.86,358.63,341.57
344.42,222.41,440.39,222.07,440.72,315.78,344.75,316.11
301.22,179.63,403.83,180.39,403.14,274.64,300.52,273.89
281.09,163.9,382.68,162.89,383.58,253.17,281.99,254.18
281.18,169.34,381.8,169.66,381.51,262.61,280.89,262.29
280.08,190.79,379.37,187.97,382.03,281.37,282.73,284.2
271.05,214.49,375.67,217.28,373.4,302.54,268.78,299.75
248.34,238.74,348.08,238.94,347.91,322.06,248.17,321.85
224.61,244.42,323.59,243.86,324.07,328.58,225.1,329.14
217.16,246.59,315.75,245.49,316.7,330.73,218.11,331.83
218.03,245.21,319.58,245.19,319.6,334.04,218.05,334.06
226.75,250.29,330.85,249.8,331.25,335.62,227.16,336.12
243.84,246.63,346.95,247.31,346.42,328.17,243.3,327.49
251.0,207.0,352.0,207.0,352.0,298.0,251.0,298.0
238.27,181.86,335.83,181.36,336.28,269.61,238.71,270.1
234.45,175.35,333.15,175.57,332.96,260.49,234.26,260.27
229.15,186.11,328.32,186.69,327.86,265.13,228.69,264.55
207.14,201.75,307.28,202.86,306.44,279.23,206.3,278.12
195.17,210.14,295.76,210.32,295.6,296.04,195.02,295.85
188.64,211.18,286.28,211.59,285.92,297.5,188.28,297.09
185.38,219.85,284.28,220.32,283.9,300.67,185.0,300.2
180.17,233.11,278.13,232.89,278.32,315.81,180.35,316.03
182.64,237.92,280.57,238.99,279.64,324.36,181.71,323.3
202.0,239.0,304.0,239.0,304.0,325.0,202.0,325.0
234.03,234.47,336.22,234.5,336.19,321.03,234.0,321.0
279.17,227.41,370.92,228.93,369.5,314.87,277.75,313.36
291.9,221.51,394.87,221.05,395.25,305.03,292.28,305.49
311.73,232.77,409.77,232.35,410.11,312.63,312.06,313.05
312.53,247.56,412.22,248.14,411.77,327.48,312.07,326.91
291.22,249.11,385.41,249.09,385.43,335.0,291.23,335.02
237.0,231.0,332.0,231.0,332.0,318.0,237.0,318.0
206.0,219.0,306.0,219.0,306.0,307.0,206.0,307.0
179.83,221.43,288.73,217.71,291.62,302.6,182.73,306.32
176.66,231.55,277.67,231.74,277.51,317.71,176.5,317.52
204.0,233.0,307.0,233.0,307.0,319.0,204.0,319.0
229.0,223.0,334.0,223.0,334.0,308.0,229.0,308.0
244.69,202.53,341.68,201.91,342.23,287.52,245.23,288.13
259.24,196.04,361.37,198.28,359.51,283.31,257.38,281.07
291.07,201.33,386.43,199.81,387.77,283.43,292.4,284.96
322.52,207.08,424.8,208.86,423.38,290.53,321.11,288.75
332.45,211.66,430.52,211.07,431.02,294.95,332.95,295.54
328.54,209.66,427.18,209.02,427.71,290.51,329.07,291.15
304.49,205.57,393.99,203.94,395.47,284.75,305.96,286.38
268.0,189.0,365.0,189.0,365.0,272.0,268.0,272.0
232.9,159.42,333.86,159.08,334.15,246.03,233.2,246.38
241.06,149.32,339.94,149.12,340.11,234.61,241.23,234.81
286.8,146.25,376.34,146.16,376.44,229.96,286.89,230.06
297.02,137.03,393.44,139.27,391.53,221.6,295.12,219.37
303.01,122.53,399.72,122.24,399.97,205.0,303.25,205.29
305.85,127.61,401.73,131.04,398.7,215.56,302.82,212.13
225.51,214.67,225.97,214.43,226.67,215.76,226.22,216.0
306.75,207.75,402.41,208.58,401.77,281.91,306.11,281.08
280.38,273.82,281.26,273.97,281.4,273.18,280.52,273.03
306.28,234.42,403.28,234.6,403.13,318.03,306.13,317.86
304.78,224.97,398.4,225.83,397.67,304.1,304.06,303.23
300.0,208.24,393.61,212.01,390.37,292.62,296.76,288.85
290.64,198.47,387.36,199.53,386.48,280.18,289.76,279.12
287.19,185.91,383.72,183.02,386.07,261.4,289.53,264.28
289.0,152.0,385.0,152.0,385.0,235.0,289.0,235.0
288.0,113.0,386.0,113.0,386.0,192.0,288.0,192.0
309.31,77.757,404.81,79.455,403.27,165.93,307.77,164.23
323.0,95.0,421.0,95.0,421.0,186.0,323.0,186.0
333.0,154.0,430.0,154.0,430.0,232.0,333.0,232.0
320.0,176.0,418.0,176.0,418.0,259.0,320.0,259.0
303.7,195.59,399.3,195.23,399.58,270.71,303.99,271.07
292.21,212.68,387.1,212.09,387.57,287.96,292.68,288.56
285.95,224.53,377.62,225.72,376.61,303.35,284.94,302.16
274.57,231.57,368.63,232.55,367.77,315.04,273.7,314.05
266.0,236.0,362.0,236.0,362.0,320.0,266.0,320.0
273.05,239.21,367.5,239.51,367.24,323.87,272.78,323.58
279.88,240.28,376.89,240.08,377.06,320.03,280.05,320.23
286.39,232.36,383.46,229.09,386.05,306.23,288.99,309.49
293.69,219.6,390.02,219.63,389.99,297.38,293.66,297.34
307.59,206.22,402.75,207.1,402.06,281.17,306.9,280.28
317.02,192.14,412.91,193.45,411.77,277.32,315.88,276.01
322.38,194.97,416.71,196.47,415.39,279.32,321.06,277.81
335.0,210.0,430.0,210.0,430.0,285.0,335.0,285.0
334.17,228.89,430.7,229.42,430.32,299.64,333.79,299.11
319.11,247.93,414.4,247.16,414.99,320.48,319.71,321.25
294.94,265.08,389.5,263.94,390.39,337.61,295.83,338.75
270.02,268.08,368.97,268.06,368.99,351.98,270.04,352.01
263.73,266.86,358.9,266.19,359.47,348.42,264.31,349.09
259.13,264.4,356.33,264.32,356.39,342.42,259.19,342.5
243.08,236.41,338.92,237.58,337.86,324.65,242.02,323.49
243.1,196.1,335.48,195.91,335.67,287.11,243.29,287.3
259.13,185.88,353.64,184.78,354.55,263.39,260.05,264.49
280.75,180.24,375.72,178.09,377.53,257.83,282.55,259.98
295.78,182.89,386.33,184.12,385.22,265.71,294.68,264.48
307.22,203.85,404.96,205.19,403.86,285.26,306.12,283.92
324.96,216.3,423.36,218.29,421.71,299.85,323.31,297.86
339.43,240.02,434.13,240.29,433.91,319.13,339.21,318.86
349.0,258.33,444.88,258.32,444.89,342.13,349.01,342.14
340.07,264.22,438.15,264.3,438.08,350.4,340.0,350.31
327.27,265.86,421.98,265.69,422.13,352.16,327.42,352.33
299.0,270.0,385.0,270.0,385.0,355.0,299.0,355.0
253.06,275.51,343.96,270.94,347.91,349.46,257.0,354.03
218.0,273.0,312.0,273.0,312.0,356.0,218.0,356.0
212.54,263.3,305.79,264.66,304.72,337.85,211.47,336.49
224.0,228.0,319.0,228.0,319.0,312.0,224.0,312.0
224.26,199.74,322.01,201.62,320.35,287.85,222.6,285.97
240.9,192.17,326.82,192.87,326.12,278.42,240.2,277.72
268.0,188.0,355.0,188.0,355.0,269.0,268.0,269.0
298.0,183.0,388.0,183.0,388.0,271.0,298.0,271.0
312.55,186.36,403.82,187.19,403.05,270.84,311.78,270.0
317.22,191.42,409.93,191.22,410.12,279.79,317.41,279.99
320.23,204.09,415.46,204.66,414.96,289.51,319.73,288.94
325.76,224.46,420.6,223.18,421.6,297.72,326.77,299.0
315.0,235.0,401.0,235.0,401.0,314.0,315.0,314.0
281.77,238.98,367.58,237.91,368.53,314.42,282.72,315.49
238.97,234.85,329.57,236.24,328.41,311.28,237.82,309.89
188.25,237.67,288.51,235.49,290.13,309.87,189.87,312.05
178.78,232.55,275.89,233.19,275.33,318.7,178.22,318.06
190.54,232.89,290.04,235.32,288.03,317.71,188.54,315.29
229.68,235.19,324.3,235.45,324.08,316.18,229.46,315.93
250.63,234.93,347.94,233.53,349.11,314.91,251.81,316.31
259.34,228.09,352.39,231.77,349.16,313.56,256.11,309.89
270.5,229.87,362.27,229.12,362.89,304.44,271.12,305.19
346.62,224.4,436.53,223.13,437.69,304.61,347.77,305.88
367.29,205.97,464.63,206.56,464.07,297.61,366.74,297.02
352.28,203.21,451.79,204.54,450.72,284.24,351.21,282.9
295.4,208.56,393.2,206.5,394.82,283.26,297.02,285.33
200.22,221.5,284.76,220.6,285.54,294.39,201.0,295.29
162.13,218.79,256.41,224.39,251.73,303.36,157.45,297.77
160.96,217.72,252.13,219.07,250.98,296.29,159.81,294.93
194.81,202.43,284.79,205.33,282.49,276.69,192.51,273.79
220.61,160.3,314.39,161.39,313.35,251.17,219.57,250.09
218.23,159.32,313.15,158.15,314.21,243.96,219.29,245.13
220.32,167.79,312.84,167.39,313.21,253.24,220.68,253.64
234.0,195.0,329.0,195.0,329.0,276.0,234.0,276.0
238.92,229.84,333.33,230.15,333.06,313.06,238.65,312.74
234.13,253.66,327.84,253.14,328.29,334.53,234.58,335.05
240.76,266.44,334.39,268.23,332.9,346.28,239.27,344.49
248.27,271.08,341.87,269.79,342.97,349.94,249.37,351.23
239.08,265.62,329.78,263.92,331.22,340.8,240.52,342.49
223.05,255.27,314.49,257.66,312.35,339.31,220.92,336.92
222.81,271.75,312.86,271.34,313.23,351.53,223.18,351.95
255.38,291.12,348.13,291.09,348.16,371.0,255.41,371.03
271.77,291.79,362.12,291.44,362.41,366.83,272.06,367.18
271.36,283.7,366.47,282.06,367.8,359.59,272.69,361.23
269.49,261.19,368.28,261.19,368.27,342.32,269.49,342.31
279.48,211.01,376.84,212.01,375.99,294.58,278.63,293.57
265.02,152.52,362.57,151.59,363.41,239.44,265.85,240.37
252.38,152.24,350.23,153.39,349.22,239.13,251.37,237.97
237.11,168.25,332.33,168.37,332.23,246.24,237.01,246.12
231.69,182.14,325.46,182.56,325.07,268.43,231.3,268.01
227.0,225.0,322.0,225.0,322.0,312.0,227.0,312.0
224.17,256.82,322.57,256.53,322.79,331.31,224.4,331.61
231.76,260.54,328.41,259.36,329.43,343.03,232.78,344.21
242.42,257.11,336.29,257.0,336.38,337.99,242.51,338.1
247.61,242.78,342.93,243.93,341.97,323.13,246.65,321.98
245.79,232.99,339.53,231.74,340.6,311.97,246.85,313.21
254.02,229.28,346.94,229.1,347.1,311.33,254.18,311.51
283.97,223.69,375.88,223.08,376.36,297.08,284.46,297.68
282.95,211.17,377.28,210.67,377.69,288.22,283.36,288.71
270.28,198.15,366.8,198.32,366.67,274.17,270.15,274.0
276.25,186.32,374.98,186.21,375.06,263.24,276.34,263.35
293.65,183.02,389.82,184.27,388.82,262.18,292.64,260.93
299.0,197.0,393.0,197.0,393.0,278.0,299.0,278.0
285.0,237.0,379.0,237.0,379.0,320.0,285.0,320.0
272.0,264.0,366.0,264.0,366.0,344.0,272.0,344.0
285.98,266.4,379.74,267.82,378.5,349.37,284.74,347.94
289.86,263.46,387.05,266.01,384.94,346.46,287.76,343.91
273.11,250.04,369.9,251.21,369.0,326.24,272.21,325.07
269.23,242.45,362.9,239.69,365.36,322.78,271.69,325.55
272.88,242.38,367.51,241.58,368.23,325.62,273.6,326.43
273.27,241.04,369.42,239.8,370.45,319.94,274.3,321.18
266.31,233.99,361.92,234.08,361.85,312.21,266.24,312.12
260.28,226.25,351.91,224.28,353.59,302.9,261.97,304.87
256.49,226.13,348.96,226.0,349.08,303.89,256.61,304.02
249.64,231.9,341.64,230.76,342.63,311.26,250.63,312.39
238.0,232.04,333.52,232.01,333.55,312.52,238.03,312.56
236.06,229.07,333.89,229.16,333.82,308.02,235.98,307.93
260.17,228.37,355.38,223.06,359.74,301.39,264.53,306.7
288.36,223.3,385.64,224.48,384.61,309.14,287.33,307.96
273.13,231.69,371.55,230.2,372.84,315.76,274.43,317.25
255.28,241.49,348.22,241.5,348.2,323.0,255.26,322.99
254.0,245.0,350.0,245.0,350.0,326.0,254.0,326.0
263.47,234.02,358.02,234.01,358.03,315.32,263.48,315.33
270.0,220.0,363.0,220.0,363.0,302.0,270.0,302.0
269.0,215.0,364.0,215.0,364.0,299.0,269.0,299.0
271.49,222.78,368.31,223.3,367.88,303.85,271.06,303.33
281.6,226.1,378.61,227.2,377.67,310.05,280.66,308.95
277.15,227.27,375.93,227.39,375.83,308.82,277.05,308.7
271.8,224.96,369.06,225.78,368.38,307.11,271.12,306.3
272.47,221.33,366.8,220.79,367.26,302.36,272.93,302.89
277.6,223.41,369.73,224.05,369.17,305.08,277.04,304.44
277.0,234.0,373.0,234.0,373.0,317.0,277.0,317.0
270.51,246.53,365.34,249.1,363.19,328.27,268.36,325.69
267.14,252.33,360.74,252.21,360.84,332.33,267.24,332.45
274.53,244.13,371.02,247.02,368.63,326.82,272.14,323.93
287.19,225.37,381.22,225.48,381.12,307.02,287.1,306.91
281.26,222.36,379.66,220.47,381.25,302.88,282.84,304.77
274.58,232.51,372.65,233.86,371.54,314.24,273.48,312.9
266.03,243.05,361.16,243.06,361.15,323.13,266.02,323.12
266.38,239.15,363.01,242.77,360.1,320.49,263.46,316.87
270.68,220.05,367.4,221.32,366.38,299.24,269.66,297.97
274.07,209.54,368.29,209.8,368.07,290.65,273.85,290.39
275.6,216.14,370.78,215.6,371.25,297.57,276.06,298.11
275.66,234.87,371.72,233.67,372.7,311.95,276.64,313.15
273.39,241.11,364.52,241.93,363.83,319.9,272.69,319.08
266.07,238.99,359.7,239.6,359.15,325.08,265.52,324.47
269.76,234.74,364.98,238.2,362.07,318.44,266.84,314.98
269.11,230.38,362.14,230.49,362.04,316.95,269.01,316.84
263.05,230.25,356.33,230.82,355.83,312.56,262.55,311.99
252.57,244.44,344.72,244.55,344.62,328.77,252.47,328.66
248.73,255.39,341.82,253.15,343.84,336.96,250.75,339.2
250.98,251.24,345.54,251.12,345.65,335.52,251.08,335.63
255.73,241.16,348.64,243.05,346.92,327.84,254.0,325.95
250.41,236.33,345.93,235.97,346.24,320.22,250.72,320.57
249.65,244.38,344.83,245.61,343.73,330.95,248.55,329.72
251.13,259.8,345.14,260.01,344.95,342.04,250.95,341.83
253.44,260.94,348.6,263.33,346.52,346.45,251.35,344.07
252.11,264.23,347.04,263.13,348.02,347.03,253.09,348.14
252.51,262.48,347.31,263.95,345.97,350.16,251.17,348.69
248.08,256.24,343.83,255.89,344.16,344.12,248.41,344.47
241.31,249.47,337.49,250.59,336.51,335.18,240.33,334.07
240.03,249.63,336.22,247.47,338.03,327.91,241.83,330.07
242.03,234.26,336.67,232.41,338.22,311.99,243.58,313.84
241.0,222.0,337.0,222.0,337.0,307.0,241.0,307.0
237.28,219.42,334.0,219.42,334.0,308.28,237.28,308.28
243.15,225.0,337.86,225.13,337.75,307.73,243.04,307.6
247.18,221.38,339.89,221.06,340.19,308.49,247.48,308.81
253.82,210.06,344.76,210.28,344.54,296.05,253.61,295.82
255.61,211.39,347.57,210.62,348.28,295.61,256.32,296.38
257.56,220.57,350.42,222.85,348.32,308.33,255.45,306.04
255.5,237.03,348.18,236.99,348.22,321.74,255.53,321.78
258.56,243.5,351.92,244.72,350.82,329.05,257.47,327.84
254.97,240.14,349.95,240.19,349.91,326.01,254.93,325.96
257.49,234.09,350.46,234.54,350.06,315.09,257.1,314.64
268.5,228.97,360.37,229.47,359.92,310.61,268.06,310.11
267.48,228.68,360.41,229.02,360.12,310.34,267.19,310.01
265.94,239.02,360.61,240.19,359.62,321.13,264.94,319.96
256.44,243.85,349.27,244.37,348.81,326.25,255.98,325.73
252.81,243.31,345.57,244.11,344.87,325.77,252.11,324.97
255.92,230.92,350.38,232.21,349.23,316.25,254.77,314.96
254.76,223.28,347.74,224.45,346.69,307.42,253.7,306.24
244.02,238.12,337.94,237.86,338.17,318.75,244.25,319.02
236.05,251.14,332.94,251.15,332.93,334.02,236.04,334.01
241.0,258.0,334.0,258.0,334.0,339.0,241.0,339.0
254.62,255.43,343.19,256.04,342.65,333.09,254.09,332.47
274.22,248.36,367.56,250.03,366.18,327.23,272.83,325.56
282.0,232.0,378.0,232.0,378.0,315.0,282.0,315.0
264.04,233.45,359.34,238.86,354.68,320.9,259.38,315.49
249.0,247.04,340.69,248.35,339.5,332.26,247.8,330.95
266.81,251.39,365.24,253.49,363.51,334.31,265.09,332.21
286.24,249.75,381.44,252.47,379.13,333.55,283.92,330.83
275.4,235.7,372.4,234.48,373.47,318.92,276.47,320.15
253.09,227.75,350.78,227.06,351.36,308.41,253.67,309.1
240.76,228.25,336.56,229.19,335.73,313.92,239.93,312.97
240.43,232.02,331.61,232.12,331.52,316.25,240.34,316.15
244.04,231.15,334.19,231.13,334.22,314.48,244.06,314.51
242.12,226.28,338.2,228.44,336.26,315.1,240.17,312.94
236.91,228.4,331.79,229.49,330.81,315.14,235.92,314.04
237.88,227.25,333.42,229.9,330.98,317.56,235.45,314.9
244.38,233.36,338.41,232.17,339.49,317.91,245.47,319.1
242.6,244.5,337.51,245.48,336.62,331.21,241.71,330.23
255.31,250.77,351.44,253.34,349.34,332.26,253.2,329.7
312.84,254.57,404.79,250.76,407.95,326.98,316.01,330.8
321.31,246.46,416.11,246.38,416.18,325.28,321.38,325.37
292.45,249.61,386.5,249.07,386.93,323.5,292.89,324.05
238.2,265.9,333.75,269.98,330.51,345.96,234.96,341.89
218.25,275.64,315.06,276.18,314.6,357.11,217.8,356.57
222.04,274.1,322.96,273.95,323.07,356.72,222.16,356.87
251.72,265.2,346.1,267.43,344.24,346.41,249.86,344.18
259.51,263.26,353.29,263.19,353.34,344.0,259.56,344.06
248.43,266.06,339.02,265.96,339.11,345.79,248.52,345.89
232.28,265.93,321.68,266.55,321.13,346.13,231.73,345.52
219.8,267.59,312.24,268.09,311.81,349.16,219.36,348.67
228.55,269.58,319.96,270.84,318.87,350.21,227.46,348.95
247.84,271.0,337.26,271.15,337.13,351.03,247.7,350.88
251.25,265.36,341.77,266.5,340.76,346.72,250.24,345.58
248.47,258.15,340.98,258.06,341.06,339.01,248.55,339.1
239.38,254.13,333.18,254.38,332.96,334.99,239.17,334.74
240.22,248.21,330.09,247.0,331.24,331.92,241.37,333.13
248.07,239.31,341.02,239.33,341.01,321.28,248.05,321.26
252.0,235.0,342.0,235.0,342.0,315.0,252.0,315.0
252.89,228.11,344.86,230.77,342.49,312.43,250.53,309.77
253.03,222.57,342.66,225.81,339.85,303.39,250.22,300.14
252.12,216.84,344.86,216.43,345.22,297.16,252.48,297.58
254.93,216.64,349.01,219.04,346.78,306.25,252.7,303.85
243.14,268.33,338.1,265.89,340.2,347.74,245.24,350.17
232.1,291.95,328.62,293.3,327.47,374.32,230.96,372.96
229.76,291.23,325.5,292.03,324.83,371.18,229.1,370.37
237.0,258.0,332.0,258.0,332.0,347.0,237.0,347.0
248.01,248.05,341.12,248.18,341.01,328.15,247.9,328.03
258.0,231.0,349.0,231.0,349.0,312.0,258.0,312.0
265.19,219.37,355.98,222.79,353.17,297.15,262.39,293.73
256.07,196.99,349.04,198.31,347.81,284.28,254.84,282.95
248.8,187.26,341.8,187.26,341.8,266.2,248.8,266.2
249.6,168.23,345.5,167.11,346.48,250.94,250.57,252.05
259.77,160.66,350.35,163.03,348.22,244.36,257.64,241.99
265.6,167.07,358.06,170.62,354.95,251.56,262.49,248.01
271.49,182.98,362.75,184.06,361.79,265.24,270.53,264.16
279.57,224.01,366.36,224.13,366.26,293.12,279.47,293.0
276.79,248.55,372.35,248.11,372.7,324.14,277.14,324.58
284.61,244.02,373.4,244.73,372.78,322.13,283.99,321.41
275.42,215.57,368.98,216.87,367.87,297.33,274.31,296.04
277.93,199.35,365.97,199.3,366.02,284.61,277.97,284.66
291.31,198.83,383.57,197.57,384.7,279.88,292.44,281.14
313.85,212.27,408.19,211.56,408.78,290.93,314.45,291.64
322.6,217.09,412.74,219.33,410.79,297.45,320.65,295.2
307.93,219.06,397.25,219.12,397.19,307.01,307.87,306.95
296.0,224.0,387.0,224.0,387.0,308.0,296.0,308.0
295.41,225.0,387.39,225.03,387.37,313.0,295.39,312.98
299.7,245.68,391.55,244.55,392.6,329.92,300.75,331.05
310.5,278.71,400.88,277.5,401.91,354.96,311.54,356.17
315.42,281.34,407.5,282.04,406.87,365.12,314.78,364.42
307.18,275.97,398.61,274.6,399.79,353.84,308.36,355.2
296.6,253.13,391.51,252.84,391.75,334.39,296.84,334.67
295.65,229.46,385.44,232.41,382.74,314.72,292.95,311.77
294.33,201.2,381.1,202.38,379.92,289.26,293.15,288.08
290.0,201.0,378.0,201.0,378.0,288.0,290.0,288.0
293.18,211.11,377.08,211.15,377.03,294.05,293.13,294.0
301.62,223.21,386.5,224.38,385.42,303.2,300.54,302.04
308.51,231.8,401.42,232.51,400.79,313.74,307.88,313.03
313.22,233.11,402.42,233.72,401.85,318.11,312.65,317.5
308.48,238.49,398.29,238.5,398.28,318.17,308.48,318.16
300.34,252.21,392.61,252.09,392.71,330.99,300.44,331.11
296.0,251.0,385.0,251.0,385.0,334.0,296.0,334.0
296.0,246.0,387.0,246.0,387.0,321.0,296.0,321.0
294.48,234.97,385.61,233.94,386.45,308.1,295.32,309.13
300.16,214.52,387.25,214.5,387.26,293.11,300.17,293.12
301.84,205.12,391.49,206.23,390.49,287.06,300.84,285.95
302.5,199.16,390.59,201.31,388.63,281.46,300.54,279.3
305.18,201.85,394.76,205.14,391.89,283.48,302.31,280.19
308.5,208.17,393.52,206.78,394.77,283.55,309.74,284.94
327.0,222.0,416.0,222.0,416.0,302.0,327.0,302.0
334.12,236.41,424.86,237.53,423.87,318.22,333.13,317.1
321.93,257.93,410.97,262.21,407.58,332.76,318.53,328.47
290.15,254.53,378.49,263.13,371.33,336.63,282.99,328.03
268.87,244.46,354.54,252.01,347.52,331.61,261.85,324.06
254.82,242.2,337.21,248.57,331.07,327.93,248.68,321.56
232.38,222.29,320.54,225.75,317.46,304.31,229.29,300.85
230.36,189.81,319.76,190.86,318.82,270.22,229.43,269.17
247.3,170.01,339.97,171.54,338.52,259.56,245.86,258.04
270.28,178.83,354.06,178.84,354.05,268.7,270.26,268.69
290.25,193.6,369.83,197.62,365.36,285.88,285.79,281.85
285.13,208.97,369.12,209.12,368.98,289.14,284.99,288.99
289.6,210.47,375.23,213.42,372.32,297.6,286.7,294.64
294.64,210.61,380.59,212.73,378.43,300.06,292.48,297.94
298.75,215.12,381.77,215.33,381.56,300.04,298.54,299.83
299.34,216.51,384.61,217.91,383.19,304.35,297.92,302.95
295.46,217.7,383.54,218.99,382.3,303.27,294.22,301.97
