57,156,198,173
58,156,198.0,173.0
60,156,198.0,173.0
61,156,198.0,173.0
62,156,198.0,173.0
64,156,198.0,173.0
65,156,198.0,173.0
66,156,198.0,173.0
68,156,198.0,173.0
69,156,198.0,173.0
71,157,198.0,173.0
73,157,198.0,173.0
75,157,198.0,173.0
77,157,198.0,173.0
79,157,198.0,173.0
80,158,198.0,173.0
80,159,198.0,173.0
79,159,198.0,173.0
77,160,198.0,173.0
76,160,198.0,173.0
76,159,198.0,173.0
76,158,198.0,173.0
76,158,198.0,173.0
77,157,198.0,173.0
78,156,198.0,173.0
80,155,198.0,173.0
81,153,198.0,173.0
83,151,198.0,173.0
84,150,198.0,173.0
83,149,198.0,173.0
80,148,198.0,173.0
78,147,198.0,173.0
75,147,198.0,173.0
73,147,198.0,173.0
71,147,198.0,173.0
70,147,198.0,173.0
70,146,198.0,173.0
70,146,198.0,173.0
70,145,198.0,173.0
70,145,198.0,173.0
70,145,198.0,173.0
70,145,198.0,173.0
70,145,198.0,173.0
71,145,198.0,173.0
71,145,198.0,173.0
71,145,198.0,173.0
71,145,198.0,173.0
71,145,198.0,173.0
71,145,198.0,173.0
71,145,198.0,173.0
71,145,198.0,173.0
71,145,198.0,173.0
71,145,198.0,173.0
71,145,198.0,173.0
70,145,198.0,173.0
70,145,198.0,173.0
70,145,198.0,173.0
70,145,198.0,173.0
70,145,198.0,173.0
70,145,198.0,173.0
70,145,198.0,173.0
70,145,198.0,173.0
70,145,198.0,173.0
70,145,198.0,173.0
69,145,198.0,173.0
69,146,198.0,173.0
69,146,198.0,173.0
69,146,198.0,173.0
69,146,198.0,173.0
69,146,198.0,173.0
69,146,198.0,173.0
69,146,198.0,173.0
69,146,198.0,173.0
69,146,198.0,173.0
69,146,198.0,173.0
69,146,198.0,173.0
69,146,198.0,173.0
69,146,198.0,173.0
69,146,198.0,173.0
69,146,198.0,173.0
69,146,198.0,173.0
69,146,198.0,173.0
69,146,198.0,173.0
69,146,198.0,173.0
69,146,198.0,173.0
69,146,198.0,173.0
69,146,198.0,173.0
69,146,198.0,173.0
69,146,198.0,173.0
69,146,198.0,173.0
69,146,198.0,173.0
69,146,198.0,173.0
69,146,198.0,173.0
69,146,198.0,173.0
69,146,198.0,173.0
69,146,198.0,173.0
69,146,198.0,173.0
69,146,198.0,173.0
69,146,198.0,173.0
69,146,198.0,173.0
69,147,198.0,173.0
69,147,198.0,173.0
69,147,198.0,173.0
69,147,198.0,173.0
69,147,198.0,173.0
69,147,198.0,173.0
69,147,198.0,173.0
69,147,198.0,173.0
69,147,198.0,173.0
69,147,198.0,173.0
69,147,198.0,173.0
69,147,198.0,173.0
69,147,198.0,173.0
69,147,198.0,173.0
69,147,198.0,173.0
69,147,198.0,173.0
69,147,198.0,173.0
69,147,198.0,173.0
69,147,198.0,173.0
69,147,198.0,173.0
69,147,198.0,173.0
69,147,198.0,173.0
69,147,198.0,173.0
69,147,198.0,173.0
69,147,198.0,173.0
69,147,198.0,173.0
69,147,198.0,173.0
69,147,198.0,173.0
69,147,198.0,173.0
69,147,198.0,173.0
69,147,198.0,173.0
69,147,198.0,173.0
69,147,198.0,173.0
69,147,198.0,173.0
69,147,198.0,173.0
69,147,198.0,173.0
69,147,198.0,173.0
69,147,198.0,173.0
69,147,198.0,173.0
69,147,198.0,173.0
69,147,198.0,173.0
69,147,198.0,173.0
69,147,198.0,173.0
69,147,198.0,173.0
69,147,198.0,173.0
69,147,198.0,173.0
69,147,198.0,173.0
69,147,198.0,173.0
69,147,198.0,173.0
69,147,198.0,173.0
69,147,198.0,173.0
69,147,198.0,173.0
69,147,198.0,173.0
69,147,198.0,173.0
69,147,198.0,173.0
69,147,198.0,173.0
69,147,198.0,173.0
69,147,198.0,173.0
69,147,198.0,173.0
69,147,198.0,173.0
69,147,198.0,173.0
69,147,198.0,173.0
69,147,198.0,173.0
69,147,198.0,173.0
69,147,198.0,173.0
69,147,198.0,173.0
69,147,198.0,173.0
69,147,198.0,173.0
69,147,198.0,173.0
69,147,198.0,173.0
69,147,198.0,173.0
69,147,198.0,173.0
69,147,198.0,173.0
69,147,198.0,173.0
69,147,198.0,173.0
69,147,198.0,173.0
69,147,198.0,173.0
69,147,198.0,173.0
69,147,198.0,173.0
69,147,198.0,173.0
69,147,198.0,173.0
69,147,198.0,173.0
69,147,198.0,173.0
69,147,198.0,173.0
69,147,198.0,173.0
69,147,198.0,173.0
69,147,198.0,173.0
69,147,198.0,173.0
69,147,198.0,173.0
69,147,198.0,173.0
69,147,198.0,173.0
69,147,198.0,173.0
69,147,198.0,173.0
69,147,198.0,173.0
69,147,198.0,173.0
69,147,198.0,173.0
69,147,198.0,173.0
69,147,198.0,173.0
69,147,198.0,173.0
69,147,198.0,173.0
69,147,198.0,173.0
69,147,198.0,173.0
69,147,198.0,173.0
69,147,198.0,173.0
69,147,198.0,173.0
69,147,198.0,173.0
69,147,198.0,173.0
69,147,198.0,173.0
69,147,198.0,173.0
69,147,198.0,173.0
69,147,198.0,173.0
69,147,198.0,173.0
69,147,198.0,173.0
69,147,198.0,173.0
69,147,198.0,173.0
69,147,198.0,173.0
69,147,198.0,173.0
69,147,198.0,173.0
69,147,198.0,173.0
69,147,198.0,173.0
69,147,198.0,173.0
69,147,198.0,173.0
69,147,198.0,173.0
69,147,198.0,173.0
69,147,198.0,173.0
69,147,198.0,173.0
69,147,198.0,173.0
69,147,198.0,173.0
69,147,198.0,173.0
69,147,198.0,173.0
69,147,198.0,173.0
69,147,198.0,173.0
69,147,198.0,173.0
69,147,198.0,173.0
69,147,198.0,173.0
69,147,198.0,173.0
69,147,198.0,173.0
69,147,198.0,173.0
69,147,198.0,173.0
69,147,198.0,173.0
69,147,198.0,173.0
69,147,198.0,173.0
69,147,198.0,173.0
69,147,198.0,173.0
69,147,198.0,173.0
69,147,198.0,173.0
69,147,198.0,173.0
69,147,198.0,173.0
69,146,198.0,173.0
69,146,198.0,173.0
69,146,198.0,173.0
69,146,198.0,173.0
69,146,198.0,173.0
70,146,198.0,173.0
70,146,198.0,173.0
70,146,198.0,173.0
70,146,198.0,173.0
70,146,198.0,173.0
70,146,198.0,173.0
70,146,198.0,173.0
70,146,198.0,173.0
70,146,198.0,173.0
70,146,198.0,173.0
70,146,198.0,173.0
70,146,198.0,173.0
70,146,198.0,173.0
70,146,198.0,173.0
70,146,198.0,173.0
70,146,198.0,173.0
70,146,198.0,173.0
70,146,198.0,173.0
70,146,198.0,173.0
70,146,198.0,173.0
70,146,198.0,173.0
70,146,198.0,173.0
70,146,198.0,173.0
70,146,198.0,173.0
70,146,198.0,173.0
70,146,198.0,173.0
70,146,198.0,173.0
70,146,198.0,173.0
70,146,198.0,173.0
70,146,198.0,173.0
70,146,198.0,173.0
70,146,198.0,173.0
70,146,198.0,173.0
70,147,198.0,173.0
70,147,198.0,173.0
70,147,198.0,173.0
70,147,198.0,173.0
70,147,198.0,173.0
70,147,198.0,173.0
70,147,198.0,173.0
70,147,198.0,173.0
70,147,198.0,173.0
70,147,198.0,173.0
70,147,198.0,173.0
70,147,198.0,173.0
70,147,198.0,173.0
70,147,198.0,173.0
70,147,198.0,173.0
70,147,198.0,173.0
70,147,198.0,173.0
70,147,198.0,173.0
70,147,198.0,173.0
70,147,198.0,173.0
69,147,198.0,173.0
69,147,198.0,173.0
69,147,198.0,173.0
69,147,198.0,173.0
69,147,198.0,173.0
69,147,198.0,173.0
69,147,198.0,173.0
69,147,198.0,173.0
69,147,198.0,173.0
69,147,198.0,173.0
69,147,198.0,173.0
69,147,198.0,173.0
69,147,198.0,173.0
69,147,198.0,173.0
69,147,198.0,173.0
69,147,198.0,173.0
69,147,198.0,173.0
69,147,198.0,173.0
69,147,198.0,173.0
69,147,198.0,173.0
69,147,198.0,173.0
69,147,198.0,173.0
69,147,198.0,173.0
69,147,198.0,173.0
69,147,198.0,173.0
69,147,198.0,173.0
69,147,198.0,173.0
69,147,198.0,173.0
68,147,198.0,173.0
68,148,198.0,173.0
68,148,198.0,173.0
68,148,198.0,173.0
68,148,198.0,173.0
68,148,198.0,173.0
68,148,198.0,173.0
68,148,198.0,173.0
68,148,198.0,173.0
68,148,198.0,173.0
69,148,198.0,173.0
69,148,198.0,173.0
69,148,198.0,173.0
69,147,198.0,173.0
69,147,198.0,173.0
69,147,198.0,173.0
69,147,198.0,173.0
69,147,198.0,173.0
69,147,198.0,173.0
69,147,198.0,173.0
69,147,198.0,173.0
69,147,198.0,173.0
69,147,198.0,173.0
69,147,198.0,173.0
69,147,198.0,173.0
69,147,198.0,173.0
69,147,198.0,173.0
69,147,198.0,173.0
69,147,198.0,173.0
69,147,198.0,173.0
69,147,198.0,173.0
69,147,198.0,173.0
69,147,198.0,173.0
69,147,198.0,173.0
69,147,198.0,173.0
69,147,198.0,173.0
69,147,198.0,173.0
69,147,198.0,173.0
69,147,198.0,173.0
69,147,198.0,173.0
69,147,198.0,173.0
69,147,198.0,173.0
69,147,198.0,173.0
69,147,198.0,173.0
69,147,198.0,173.0
69,147,198.0,173.0
69,147,198.0,173.0
69,147,198.0,173.0
69,147,198.0,173.0
69,147,198.0,173.0
69,147,198.0,173.0
69,147,198.0,173.0
69,147,198.0,173.0
69,147,198.0,173.0
69,147,198.0,173.0
69,147,198.0,173.0
68,147,198.0,173.0
68,147,198.0,173.0
68,147,198.0,173.0
68,148,198.0,173.0
67,149,198.0,173.0
68,150,198.0,173.0
71,152,198.0,173.0
71,154,198.0,173.0
70,153,198.0,173.0
66,153,198.0,173.0
61,153,198.0,173.0
56,154,198.0,173.0
52,154,198.0,173.0
54,153,198.0,173.0
59,152,198.0,173.0
64,151,198.0,173.0
68,151,198.0,173.0
69,151,198.0,173.0
69,151,198.0,173.0
69,151,198.0,173.0
69,151,198.0,173.0
68,151,198.0,173.0
68,151,198.0,173.0
68,151,198.0,173.0
68,151,198.0,173.0
68,151,198.0,173.0
68,151,198.0,173.0
68,151,198.0,173.0
68,151,198.0,173.0
69,150,198.0,173.0
69,150,198.0,173.0
69,150,198.0,173.0
69,150,198.0,173.0
69,150,198.0,173.0
69,150,198.0,173.0
68,150,198.0,173.0
67,150,198.0,173.0
65,151,198.0,173.0
64,152,198.0,173.0
63,153,198.0,173.0
64,153,198.0,173.0
67,153,198.0,173.0
70,153,198.0,173.0
72,154,198.0,173.0
73,155,198.0,173.0
72,153,198.0,173.0
70,151,198.0,173.0
69,149,198.0,173.0
69,148,198.0,173.0
68,148,198.0,173.0
68,148,198.0,173.0
68,148,198.0,173.0
68,148,198.0,173.0
68,147,198.0,173.0
68,147,198.0,173.0
69,147,198.0,173.0
69,147,198.0,173.0
69,147,198.0,173.0
70,147,198.0,173.0
70,147,198.0,173.0
69,147,198.0,173.0
69,147,198.0,173.0
69,147,198.0,173.0
69,147,198.0,173.0
69,147,198.0,173.0
69,147,198.0,173.0
69,147,198.0,173.0
69,147,198.0,173.0
69,147,198.0,173.0
69,147,198.0,173.0
69,147,198.0,173.0
69,147,198.0,173.0
69,147,198.0,173.0
69,147,198.0,173.0
69,147,198.0,173.0
69,147,198.0,173.0
69,147,198.0,173.0
69,147,198.0,173.0
69,147,198.0,173.0
69,147,198.0,173.0
69,147,198.0,173.0
69,147,198.0,173.0
69,147,198.0,173.0
69,147,198.0,173.0
69,147,198.0,173.0
69,147,198.0,173.0
69,147,198.0,173.0
69,147,198.0,173.0
69,147,198.0,173.0
69,147,198.0,173.0
69,147,198.0,173.0
69,147,198.0,173.0
69,147,198.0,173.0
69,147,198.0,173.0
69,147,198.0,173.0
69,147,198.0,173.0
69,147,198.0,173.0
69,147,198.0,173.0
69,147,198.0,173.0
69,147,198.0,173.0
69,147,198.0,173.0
69,147,198.0,173.0
69,147,198.0,173.0
69,147,198.0,173.0
69,147,198.0,173.0
69,147,198.0,173.0
69,147,198.0,173.0
69,147,198.0,173.0
69,147,198.0,173.0
69,147,198.0,173.0
69,147,198.0,173.0
69,147,198.0,173.0
69,147,198.0,173.0
69,147,198.0,173.0
69,147,198.0,173.0
69,147,198.0,173.0
69,147,198.0,173.0
69,147,198.0,173.0
69,147,198.0,173.0
69,147,198.0,173.0
69,147,198.0,173.0
69,147,198.0,173.0
69,147,198.0,173.0
69,147,198.0,173.0
69,147,198.0,173.0
69,147,198.0,173.0
69,147,198.0,173.0
69,147,198.0,173.0
69,147,198.0,173.0
69,147,198.0,173.0
69,147,198.0,173.0
69,147,198.0,173.0
69,147,198.0,173.0
69,147,198.0,173.0
69,147,198.0,173.0
69,147,198.0,173.0
69,147,198.0,173.0
69,147,198.0,173.0
69,147,198.0,173.0
69,147,198.0,173.0
69,147,198.0,173.0
69,147,198.0,173.0
69,147,198.0,173.0
69,147,198.0,173.0
69,147,198.0,173.0
69,147,198.0,173.0
69,147,198.0,173.0
69,147,198.0,173.0
69,147,198.0,173.0
69,147,198.0,173.0
69,147,198.0,173.0
69,147,198.0,173.0
69,147,198.0,173.0
69,147,198.0,173.0
69,147,198.0,173.0
69,147,198.0,173.0
69,147,198.0,173.0
69,147,198.0,173.0
69,147,198.0,173.0
69,147,198.0,173.0
69,147,198.0,173.0
69,147,198.0,173.0
69,147,198.0,173.0
69,147,198.0,173.0
69,147,198.0,173.0
69,147,198.0,173.0
69,147,198.0,173.0
69,147,198.0,173.0
69,147,198.0,173.0
69,147,198.0,173.0
69,147,198.0,173.0
69,147,198.0,173.0
69,147,198.0,173.0
69,147,198.0,173.0
69,147,198.0,173.0
69,147,198.0,173.0
69,147,198.0,173.0
69,147,198.0,173.0
69,147,198.0,173.0
69,147,198.0,173.0
69,147,198.0,173.0
69,147,198.0,173.0
69,147,198.0,173.0
69,147,198.0,173.0
69,147,198.0,173.0
69,147,198.0,173.0
69,147,198.0,173.0
69,147,198.0,173.0
69,147,198.0,173.0
69,147,198.0,173.0
69,147,198.0,173.0
69,147,198.0,173.0
69,147,198.0,173.0
69,147,198.0,173.0
69,147,198.0,173.0
69,147,198.0,173.0
69,147,198.0,173.0
69,147,198.0,173.0
69,147,198.0,173.0
69,147,198.0,173.0
69,147,198.0,173.0
69,147,198.0,173.0
69,147,198.0,173.0
69,147,198.0,173.0
69,147,198.0,173.0
69,147,198.0,173.0
69,147,198.0,173.0
69,147,198.0,173.0
69,147,198.0,173.0
69,147,198.0,173.0
69,147,198.0,173.0
69,147,198.0,173.0
69,147,198.0,173.0
69,147,198.0,173.0
69,147,198.0,173.0
69,147,198.0,173.0
69,147,198.0,173.0
69,147,198.0,173.0
69,147,198.0,173.0
69,147,198.0,173.0
69,147,198.0,173.0
69,147,198.0,173.0
69,147,198.0,173.0
69,147,198.0,173.0
69,147,198.0,173.0
69,147,198.0,173.0
69,147,198.0,173.0
69,147,198.0,173.0
69,147,198.0,173.0
69,147,198.0,173.0
69,147,198.0,173.0
69,147,198.0,173.0
69,147,198.0,173.0
69,147,198.0,173.0
69,147,198.0,173.0
69,147,198.0,173.0
69,147,198.0,173.0
69,147,198.0,173.0
69,147,198.0,173.0
69,147,198.0,173.0
69,147,198.0,173.0
69,147,198.0,173.0
69,147,198.0,173.0
69,147,198.0,173.0
69,147,198.0,173.0
69,147,198.0,173.0
69,146,198.0,173.0
69,146,198.0,173.0
69,147,198.0,173.0
69,147,198.0,173.0
69,147,198.0,173.0
69,148,198.0,173.0
68,148,198.0,173.0
68,148,198.0,173.0
67,148,198.0,173.0
67,149,198.0,173.0
67,149,198.0,173.0
67,149,198.0,173.0
67,149,198.0,173.0
67,149,198.0,173.0
68,149,198.0,173.0
69,149,198.0,173.0
69,149,198.0,173.0
69,150,198.0,173.0
69,150,198.0,173.0
69,151,198.0,173.0
68,152,198.0,173.0
67,153,198.0,173.0
66,154,198.0,173.0
64,156,198.0,173.0
63,158,198.0,173.0
62,158,198.0,173.0
62,158,198.0,173.0
62,158,198.0,173.0
62,158,198.0,173.0
59,158,198.0,173.0
56,158,198.0,173.0
53,159,198.0,173.0
52,159,198.0,173.0
52,158,198.0,173.0
54,157,198.0,173.0
57,156,198.0,173.0
59,155,198.0,173.0
61,154,198.0,173.0
63,154,198.0,173.0
64,154,198.0,173.0
65,153,198.0,173.0
65,153,198.0,173.0
65,153,198.0,173.0
65,153,198.0,173.0
65,153,198.0,173.0
65,153,198.0,173.0
65,153,198.0,173.0
65,153,198.0,173.0
65,153,198.0,173.0
65,153,198.0,173.0
65,153,198.0,173.0
65,153,198.0,173.0
65,153,198.0,173.0
65,154,198.0,173.0
65,154,198.0,173.0
65,155,198.0,173.0
65,155,198.0,173.0
65,156,198.0,173.0
65,156,198.0,173.0
65,156,198.0,173.0
65,157,198.0,173.0
64,157,198.0,173.0
