342,216,234,157
342,216,234.0,157.0
342,216,234.0,157.0
343,215,234.0,157.0
343,212,234.0,157.0
343,211,234.0,157.0
342,209,234.0,157.0
342,207,234.0,157.0
342,206,234.0,157.0
342,204,234.0,157.0
342,204,234.0,157.0
343,203,234.0,157.0
343,202,234.0,157.0
343,202,234.0,157.0
343,202,234.0,157.0
344,200,234.0,157.0
345,200,234.0,157.0
343,198,234.0,157.0
343,197,234.0,157.0
344,197,234.0,157.0
345,196,234.0,157.0
344,197,234.0,157.0
345,195,234.0,157.0
345,195,234.0,157.0
344,196,234.0,157.0
345,206,234.0,157.0
346,210,234.0,157.0
346,217,234.0,157.0
346,219,234.0,157.0
346,221,234.0,157.0
346,223,234.0,157.0
345,224,234.0,157.0
341,224,234.0,157.0
348,223,234.0,157.0
341,222,234.0,157.0
317,220,234.0,157.0
312,219,234.0,157.0
328,219,234.0,157.0
339,218,234.0,157.0
335,217,234.0,157.0
330,217,234.0,157.0
330,217,234.0,157.0
329,216,234.0,157.0
330,215,234.0,157.0
330,215,234.0,157.0
328,215,234.0,157.0
329,214,234.0,157.0
327,214,234.0,157.0
319,215,234.0,157.0
316,213,234.0,157.0
312,213,234.0,157.0
308,213,234.0,157.0
303,213,234.0,157.0
300,212,234.0,157.0
296,213,234.0,157.0
293,212,234.0,157.0
289,212,234.0,157.0
285,211,234.0,157.0
281,211,234.0,157.0
278,209,234.0,157.0
274,207,234.0,157.0
272,205,234.0,157.0
268,204,234.0,157.0
266,202,234.0,157.0
266,201,234.0,157.0
270,200,234.0,157.0
270,199,234.0,157.0
276,198,234.0,157.0
279,198,234.0,157.0
279,196,234.0,157.0
278,196,234.0,157.0
276,196,234.0,157.0
273,196,234.0,157.0
274,197,234.0,157.0
273,195,234.0,157.0
271,194,234.0,157.0
270,193,234.0,157.0
268,193,234.0,157.0
266,192,234.0,157.0
262,189,234.0,157.0
263,184,234.0,157.0
263,181,234.0,157.0
264,177,234.0,157.0
262,174,234.0,157.0
261,171,234.0,157.0
261,171,234.0,157.0
260,168,234.0,157.0
260,167,234.0,157.0
271,165,234.0,157.0
278,164,234.0,157.0
273,163,234.0,157.0
270,161,234.0,157.0
270,161,234.0,157.0
269,162,234.0,157.0
271,164,234.0,157.0
272,167,234.0,157.0
273,170,234.0,157.0
275,173,234.0,157.0
278,180,234.0,157.0
280,191,234.0,157.0
281,202,234.0,157.0
281,210,234.0,157.0
282,218,234.0,157.0
284,228,234.0,157.0
283,232,234.0,157.0
288,240,234.0,157.0
294,249,234.0,157.0
293,255,234.0,157.0
295,257,234.0,157.0
297,259,234.0,157.0
303,262,234.0,157.0
305,266,234.0,157.0
308,271,234.0,157.0
309,274,234.0,157.0
313,279,234.0,157.0
320,280,234.0,157.0
326,283,234.0,157.0
326,285,234.0,157.0
328,286,234.0,157.0
331,287,234.0,157.0
329,288,234.0,157.0
330,288,234.0,157.0
332,287,234.0,157.0
334,285,234.0,157.0
334,284,234.0,157.0
333,282,234.0,157.0
333,281,234.0,157.0
333,279,234.0,157.0
332,278,234.0,157.0
331,276,234.0,157.0
330,274,234.0,157.0
332,272,234.0,157.0
331,272,234.0,157.0
333,275,234.0,157.0
333,280,234.0,157.0
333,283,234.0,157.0
333,283,234.0,157.0
332,282,234.0,157.0
330,281,234.0,157.0
331,280,234.0,157.0
334,281,234.0,157.0
334,281,234.0,157.0
332,281,234.0,157.0
330,280,234.0,157.0
330,278,234.0,157.0
333,277,234.0,157.0
336,274,234.0,157.0
336,271,234.0,157.0
339,267,234.0,157.0
346,265,234.0,157.0
353,274,234.0,157.0
354,287,234.0,157.0
356,290,234.0,157.0
356,291,234.0,157.0
356,296,234.0,157.0
354,298,234.0,157.0
352,299,234.0,157.0
349,300,234.0,157.0
345,300,234.0,157.0
355,300,234.0,157.0
367,300,234.0,157.0
363,298,234.0,157.0
360,296,234.0,157.0
359,296,234.0,157.0
348,293,234.0,157.0
339,292,234.0,157.0
345,291,234.0,157.0
356,289,234.0,157.0
362,286,234.0,157.0
349,279,234.0,157.0
337,270,234.0,157.0
332,259,234.0,157.0
330,249,234.0,157.0
325,242,234.0,157.0
321,246,234.0,157.0
319,247,234.0,157.0
319,244,234.0,157.0
320,236,234.0,157.0
332,218,234.0,157.0
333,195,234.0,157.0
337,169,234.0,157.0
343,150,234.0,157.0
349,132,234.0,157.0
354,109,234.0,157.0
351,103,234.0,157.0
350,114,234.0,157.0
361,113,234.0,157.0
378,102,234.0,157.0
374,86,234.0,157.0
356,69,234.0,157.0
346,56,234.0,157.0
347,42,234.0,157.0
352,28,234.0,157.0
356,20,234.0,157.0
354,22,234.0,157.0
342,30,234.0,157.0
338,40,234.0,157.0
342,42,234.0,157.0
344,39,234.0,157.0
342,34,234.0,157.0
341,37,234.0,157.0
344,39,234.0,157.0
349,43,234.0,157.0
353,53,234.0,157.0
358,74,234.0,157.0
363,94,234.0,157.0
367,114,234.0,157.0
371,133,234.0,157.0
362,150,234.0,157.0
371,168,234.0,157.0
386,170,234.0,157.0
383,168,234.0,157.0
365,165,234.0,157.0
348,167,234.0,157.0
345,170,234.0,157.0
355,169,234.0,157.0
356,166,234.0,157.0
346,170,234.0,157.0
337,178,234.0,157.0
333,182,234.0,157.0
327,188,234.0,157.0
321,196,234.0,157.0
317,202,234.0,157.0
316,206,234.0,157.0
320,211,234.0,157.0
325,214,234.0,157.0
329,214,234.0,157.0
332,211,234.0,157.0
333,209,234.0,157.0
335,208,234.0,157.0
334,209,234.0,157.0
332,215,234.0,157.0
337,220,234.0,157.0
338,223,234.0,157.0
337,226,234.0,157.0
335,231,234.0,157.0
325,236,234.0,157.0
317,240,234.0,157.0
323,247,234.0,157.0
327,254,234.0,157.0
325,257,234.0,157.0
324,262,234.0,157.0
322,267,234.0,157.0
320,269,234.0,157.0
321,271,234.0,157.0
322,273,234.0,157.0
324,274,234.0,157.0
325,273,234.0,157.0
327,275,234.0,157.0
326,273,234.0,157.0
328,274,234.0,157.0
329,276,234.0,157.0
329,276,234.0,157.0
329,278,234.0,157.0
324,272,234.0,157.0
316,271,234.0,157.0
309,267,234.0,157.0
309,259,234.0,157.0
315,247,234.0,157.0
313,239,234.0,157.0
302,233,234.0,157.0
297,228,234.0,157.0
305,215,234.0,157.0
303,206,234.0,157.0
304,200,234.0,157.0
305,192,234.0,157.0
306,188,234.0,157.0
306,181,234.0,157.0
304,173,234.0,157.0
306,167,234.0,157.0
307,165,234.0,157.0
310,162,234.0,157.0
313,162,234.0,157.0
314,161,234.0,157.0
314,159,234.0,157.0
315,158,234.0,157.0
314,157,234.0,157.0
313,157,234.0,157.0
311,155,234.0,157.0
308,156,234.0,157.0
306,156,234.0,157.0
305,154,234.0,157.0
298,154,234.0,157.0
291,153,234.0,157.0
285,152,234.0,157.0
280,152,234.0,157.0
278,153,234.0,157.0
272,152,234.0,157.0
270,152,234.0,157.0
269,150,234.0,157.0
256,150,234.0,157.0
257,152,234.0,157.0
251,151,234.0,157.0
251,152,234.0,157.0
246,151,234.0,157.0
242,151,234.0,157.0
235,152,234.0,157.0
230,154,234.0,157.0
228,154,234.0,157.0
232,157,234.0,157.0
238,158,234.0,157.0
244,159,234.0,157.0
249,159,234.0,157.0
255,158,234.0,157.0
253,158,234.0,157.0
247,157,234.0,157.0
242,157,234.0,157.0
237,157,234.0,157.0
233,156,234.0,157.0
227,155,234.0,157.0
223,154,234.0,157.0
220,152,234.0,157.0
217,150,234.0,157.0
221,150,234.0,157.0
226,149,234.0,157.0
227,148,234.0,157.0
226,146,234.0,157.0
227,143,234.0,157.0
232,142,234.0,157.0
236,141,234.0,157.0
242,139,234.0,157.0
249,138,234.0,157.0
251,139,234.0,157.0
255,138,234.0,157.0
265,139,234.0,157.0
272,138,234.0,157.0
273,139,234.0,157.0
278,138,234.0,157.0
278,137,234.0,157.0
276,137,234.0,157.0
273,137,234.0,157.0
270,135,234.0,157.0
269,131,234.0,157.0
266,132,234.0,157.0
266,131,234.0,157.0
266,132,234.0,157.0
264,130,234.0,157.0
264,131,234.0,157.0
263,130,234.0,157.0
262,129,234.0,157.0
260,129,234.0,157.0
260,128,234.0,157.0
258,131,234.0,157.0
257,128,234.0,157.0
254,132,234.0,157.0
253,131,234.0,157.0
252,134,234.0,157.0
250,135,234.0,157.0
248,137,234.0,157.0
247,138,234.0,157.0
246,140,234.0,157.0
243,142,234.0,157.0
241,142,234.0,157.0
239,146,234.0,157.0
238,143,234.0,157.0
233,148,234.0,157.0
232,147,234.0,157.0
228,151,234.0,157.0
226,153,234.0,157.0
223,154,234.0,157.0
221,158,234.0,157.0
218,159,234.0,157.0
217,163,234.0,157.0
217,162,234.0,157.0
214,167,234.0,157.0
213,166,234.0,157.0
211,171,234.0,157.0
210,172,234.0,157.0
207,174,234.0,157.0
207,176,234.0,157.0
206,176,234.0,157.0
204,180,234.0,157.0
203,182,234.0,157.0
201,188,234.0,157.0
201,187,234.0,157.0
197,196,234.0,157.0
197,198,234.0,157.0
196,204,234.0,157.0
195,205,234.0,157.0
194,208,234.0,157.0
195,211,234.0,157.0
195,212,234.0,157.0
195,216,234.0,157.0
195,216,234.0,157.0
193,221,234.0,157.0
195,221,234.0,157.0
189,227,234.0,157.0
184,228,234.0,157.0
173,231,234.0,157.0
168,233,234.0,157.0
163,235,234.0,157.0
159,237,234.0,157.0
151,239,234.0,157.0
146,242,234.0,157.0
147,240,234.0,157.0
141,245,234.0,157.0
141,246,234.0,157.0
138,249,234.0,157.0
136,251,234.0,157.0
133,253,234.0,157.0
133,255,234.0,157.0
134,255,234.0,157.0
135,260,234.0,157.0
137,257,234.0,157.0
135,263,234.0,157.0
138,263,234.0,157.0
139,268,234.0,157.0
142,269,234.0,157.0
141,273,234.0,157.0
140,277,234.0,157.0
139,280,234.0,157.0
140,285,234.0,157.0
142,290,234.0,157.0
140,299,234.0,157.0
139,306,234.0,157.0
137,314,234.0,157.0
139,317,234.0,157.0
135,323,234.0,157.0
135,326,234.0,157.0
134,328,234.0,157.0
134,329,234.0,157.0
136,326,234.0,157.0
136,326,234.0,157.0
139,322,234.0,157.0
141,322,234.0,157.0
147,324,234.0,157.0
150,326,234.0,157.0
152,326,234.0,157.0
154,327,234.0,157.0
156,328,234.0,157.0
160,328,234.0,157.0
158,328,234.0,157.0
155,325,234.0,157.0
152,327,234.0,157.0
152,326,234.0,157.0
150,324,234.0,157.0
150,320,234.0,157.0
148,320,234.0,157.0
146,318,234.0,157.0
145,314,234.0,157.0
145,310,234.0,157.0
146,303,234.0,157.0
146,298,234.0,157.0
141,295,234.0,157.0
136,292,234.0,157.0
135,286,234.0,157.0
137,285,234.0,157.0
138,282,234.0,157.0
135,281,234.0,157.0
135,279,234.0,157.0
135,277,234.0,157.0
136,274,234.0,157.0
136,272,234.0,157.0
131,272,234.0,157.0
128,270,234.0,157.0
126,270,234.0,157.0
126,269,234.0,157.0
126,268,234.0,157.0
126,268,234.0,157.0
124,266,234.0,157.0
123,264,234.0,157.0
125,262,234.0,157.0
126,260,234.0,157.0
127,259,234.0,157.0
124,259,234.0,157.0
123,258,234.0,157.0
122,257,234.0,157.0
121,256,234.0,157.0
120,255,234.0,157.0
118,254,234.0,157.0
112,252,234.0,157.0
108,250,234.0,157.0
104,249,234.0,157.0
97,248,234.0,157.0
93,247,234.0,157.0
88,246,234.0,157.0
85,245,234.0,157.0
81,243,234.0,157.0
77,242,234.0,157.0
72,241,234.0,157.0
67,240,234.0,157.0
65,239,234.0,157.0
61,238,234.0,157.0
58,237,234.0,157.0
56,236,234.0,157.0
56,235,234.0,157.0
56,234,234.0,157.0
56,234,234.0,157.0
58,233,234.0,157.0
59,232,234.0,157.0
62,231,234.0,157.0
63,230,234.0,157.0
66,230,234.0,157.0
70,229,234.0,157.0
72,229,234.0,157.0
76,228,234.0,157.0
80,228,234.0,157.0
85,228,234.0,157.0
88,229,234.0,157.0
89,227,234.0,157.0
92,229,234.0,157.0
93,231,234.0,157.0
91,234,234.0,157.0
83,235,234.0,157.0
52,236,234.0,157.0
24,237,234.0,157.0
6,239,234.0,157.0
0,241,234.0,157.0
0,238,234.0,157.0
0,236,234.0,157.0
1,237,234.0,157.0
4,239,234.0,157.0
9,242,234.0,157.0
17,243,234.0,157.0
25,244,234.0,157.0
29,247,234.0,157.0
35,249,234.0,157.0
39,250,234.0,157.0
41,251,234.0,157.0
41,252,234.0,157.0
43,251,234.0,157.0
44,251,234.0,157.0
45,250,234.0,157.0
44,248,234.0,157.0
43,246,234.0,157.0
43,246,234.0,157.0
44,245,234.0,157.0
42,245,234.0,157.0
41,245,234.0,157.0
41,245,234.0,157.0
42,244,234.0,157.0
43,243,234.0,157.0
43,242,234.0,157.0
43,240,234.0,157.0
43,240,234.0,157.0
43,238,234.0,157.0
43,237,234.0,157.0
42,237,234.0,157.0
40,235,234.0,157.0
39,234,234.0,157.0
36,234,234.0,157.0
33,233,234.0,157.0
28,234,234.0,157.0
23,234,234.0,157.0
16,235,234.0,157.0
12,233,234.0,157.0
7,233,234.0,157.0
2,233,234.0,157.0
0,233,234.0,157.0
0,234,234.0,157.0
0,234,234.0,157.0
0,235,234.0,157.0
0,236,234.0,157.0
0,237,234.0,157.0
0,238,234.0,157.0
0,239,234.0,157.0
0,240,234.0,157.0
0,241,234.0,157.0
0,243,234.0,157.0
0,245,234.0,157.0
0,246,234.0,157.0
0,247,234.0,157.0
0,247,234.0,157.0
0,246,234.0,157.0
0,245,234.0,157.0
0,243,234.0,157.0
0,241,234.0,157.0
0,232,234.0,157.0
0,225,234.0,157.0
0,222,234.0,157.0
0,221,234.0,157.0
0,222,234.0,157.0
0,219,234.0,157.0
0,219,234.0,157.0
0,217,234.0,157.0
0,215,234.0,157.0
0,215,234.0,157.0
0,215,234.0,157.0
1,214,234.0,157.0
2,213,234.0,157.0
4,212,234.0,157.0
6,212,234.0,157.0
8,212,234.0,157.0
8,213,234.0,157.0
5,214,234.0,157.0
3,214,234.0,157.0
1,215,234.0,157.0
0,215,234.0,157.0
0,215,234.0,157.0
0,216,234.0,157.0
0,217,234.0,157.0
0,218,234.0,157.0
0,217,234.0,157.0
0,216,234.0,157.0
0,215,234.0,157.0
0,215,234.0,157.0
0,215,234.0,157.0
0,215,234.0,157.0
0,215,234.0,157.0
0,214,234.0,157.0
0,214,234.0,157.0
0,214,234.0,157.0
0,213,234.0,157.0
0,211,234.0,157.0
0,210,234.0,157.0
0,209,234.0,157.0
0,208,234.0,157.0
0,206,234.0,157.0
0,201,234.0,157.0
2,199,234.0,157.0
0,193,234.0,157.0
0,190,234.0,157.0
0,189,234.0,157.0
0,188,234.0,157.0
0,187,234.0,157.0
0,186,234.0,157.0
0,187,234.0,157.0
0,187,234.0,157.0
0,187,234.0,157.0
0,183,234.0,157.0
0,180,234.0,157.0
0,180,234.0,157.0
0,180,234.0,157.0
0,185,234.0,157.0
0,185,234.0,157.0
0,180,234.0,157.0
0,180,234.0,157.0
0,184,234.0,157.0
0,185,234.0,157.0
0,189,234.0,157.0
0,188,234.0,157.0
0,188,234.0,157.0
0,192,234.0,157.0
0,192,234.0,157.0
0,191,234.0,157.0
0,194,234.0,157.0
0,193,234.0,157.0
0,193,234.0,157.0
0,194,234.0,157.0
0,194,234.0,157.0
0,194,234.0,157.0
0,194,234.0,157.0
0,195,234.0,157.0
0,195,234.0,157.0
0,195,234.0,157.0
0,196,234.0,157.0
0,196,234.0,157.0
0,196,234.0,157.0
0,196,234.0,157.0
0,198,234.0,157.0
0,198,234.0,157.0
19,196,234.0,157.0
17,199,234.0,157.0
2,203,234.0,157.0
0,203,234.0,157.0
1,206,234.0,157.0
2,208,234.0,157.0
4,209,234.0,157.0
12,210,234.0,157.0
25,210,234.0,157.0
40,209,234.0,157.0
55,208,234.0,157.0
67,205,234.0,157.0
73,204,234.0,157.0
76,204,234.0,157.0
79,203,234.0,157.0
82,202,234.0,157.0
84,202,234.0,157.0
85,202,234.0,157.0
85,203,234.0,157.0
85,204,234.0,157.0
85,204,234.0,157.0
86,205,234.0,157.0
87,206,234.0,157.0
88,207,234.0,157.0
89,208,234.0,157.0
89,206,234.0,157.0
88,205,234.0,157.0
87,205,234.0,157.0
82,204,234.0,157.0
78,204,234.0,157.0
73,204,234.0,157.0
69,205,234.0,157.0
66,205,234.0,157.0
62,205,234.0,157.0
55,205,234.0,157.0
53,204,234.0,157.0
47,203,234.0,157.0
44,202,234.0,157.0
40,202,234.0,157.0
35,201,234.0,157.0
31,202,234.0,157.0
25,203,234.0,157.0
18,204,234.0,157.0
8,205,234.0,157.0
4,207,234.0,157.0
2,209,234.0,157.0
0,210,234.0,157.0
0,211,234.0,157.0
0,212,234.0,157.0
0,213,234.0,157.0
0,213,234.0,157.0
0,214,234.0,157.0
0,214,234.0,157.0
0,213,234.0,157.0
0,214,234.0,157.0
0,215,234.0,157.0
0,216,234.0,157.0
