147.81,124.81,227.9,126.42,223.99,320.97,143.9,319.36
127.48,140.64,204.99,123.75,241.61,291.8,164.1,308.69
121.05,142.3,199.78,121.32,245,291.03,166.26,312.01
129.15,141.09,212.74,132.5,228.2,282.86,144.6,291.45
115.04,144.47,192.25,120.55,235.84,261.25,158.63,285.17
121.38,145.87,202.03,131.53,226.12,267.04,145.46,281.38
125.49,156.85,208.44,148.2,222.17,279.89,139.22,288.53
128.18,157.8,212.06,154.41,217.6,291.54,133.71,294.93
127.39,147.48,209.19,147.64,208.9,294.7,127.1,294.54
128.82,150.58,203.66,154.76,195.82,295.14,120.97,290.96
127.81,146.4,200.6,152.31,186.64,324.44,113.85,318.53
125.25,143.98,197.06,149.5,185.74,296.92,113.93,291.41
122.37,141.78,193.58,147.04,182,303.91,110.78,298.65
126.34,139.46,190.88,143.63,179.92,313.49,115.38,309.33
119.27,146.82,187.52,151.81,177.02,295.33,108.78,290.34
111.74,147.03,182.69,150.4,174.79,316.9,103.85,313.53
113.38,147.77,181.34,151.71,172.25,308.66,104.29,304.73
106.49,150.98,178.32,154,172.25,298.22,100.41,295.19
105.06,157.17,178.49,160.91,171.39,300.03,97.962,296.28
105.05,158.03,178.86,162.22,170.98,301.07,97.169,296.89
110.53,158.04,180.19,162.94,169.85,309.87,100.19,304.97
106.81,159.03,179.11,163.67,169.9,307.14,97.602,302.5
107.39,163.35,177.56,167.46,169.22,309.68,99.05,305.57
100.69,162.75,177.4,166.5,170.47,308.41,93.755,304.67
99.035,164.6,176.05,167.31,171.14,306.92,94.117,304.21
97.169,157.4,172.18,157.6,171.79,306.54,96.779,306.34
101.42,160.91,173.75,162.17,171.14,312.5,98.812,311.24
106.71,154.78,175.53,157.38,169.84,307.94,101.02,305.34
98.032,156.65,172.11,156.69,172.03,306.44,97.952,306.4
100.08,160.23,171.8,159.74,172.8,305.87,101.08,306.36
97.663,157.02,171.54,156.05,173.61,314.13,99.726,315.09
99.724,169.17,173.08,168.47,174.5,316.18,101.14,316.89
93.142,162.45,169.67,158.89,176.89,314.19,100.36,317.75
88.125,173.36,165.98,163.98,184.35,316.47,106.5,325.85
103.87,162.81,172.84,162.14,174.33,316.1,105.36,316.77
100.87,166.54,173.91,165.75,175.56,318.89,102.52,319.68
108.26,164.2,174.54,163.89,175.31,326.14,109.03,326.45
107.77,166.12,175.42,166,175.72,325.96,108.07,326.09
99.885,167.3,173.99,166.39,175.9,321.91,101.8,322.82
98.097,169.01,174.17,166.36,179.56,321.23,103.49,323.88
98.229,169.29,173.86,166.53,179.24,313.96,103.61,316.73
97.471,170.86,172.65,167.14,179.97,315.26,104.79,318.98
98.689,169.64,173.93,167.1,179.03,318.72,103.79,321.26
100.66,170.05,172.6,166.7,179.81,321.78,107.88,325.13
103.45,166.64,176.94,165.88,178.57,323.82,105.09,324.58
96.44,171.87,169.79,164.96,184.04,316.24,110.69,323.15
99.353,169.44,171.64,161.05,190.92,327.21,118.64,335.6
88.986,171.82,171.58,160.3,193.06,314.3,110.46,325.81
102.81,164.85,184.17,166.16,181.67,320.61,100.31,319.29
155.54,156.73,227.02,200.63,149.82,326.32,78.341,282.42
169.15,153.94,236.66,206.72,143.27,326.16,75.764,273.37
191.14,153.52,253.24,221.12,139.57,325.53,77.472,257.92
212.2,154.79,272.33,236.58,123.68,345.87,63.549,264.07
219.34,156.07,279.83,246.59,122.48,351.76,61.981,261.25
62.68,239.54,226.05,155.56,274.32,249.46,110.95,333.44
66.51,242.25,226.05,158.84,271.48,245.75,111.95,329.16
76.157,220.46,238.74,170.11,270.26,271.89,107.67,322.24
84.286,201.04,250.79,176.98,266.97,288.95,100.46,313
272.92,250.07,122.4,332.59,68.261,233.84,218.78,151.32
77.745,223.97,217.41,150,274.58,257.95,134.92,331.92
86.334,220.85,223.79,152.45,271.52,248.37,134.07,316.77
77.618,217.45,238.4,153.85,275.11,246.64,114.33,310.25
76.715,208.11,247.62,165.23,271.88,261.95,100.98,304.83
59.657,211.49,246.07,167.05,269.76,266.41,83.342,310.84
208.57,139.15,268.61,208.7,136.02,323.16,75.981,253.61
65.187,246.3,217.99,145.43,269.71,223.76,116.9,324.63
217.22,148.73,272.78,231.9,124.97,330.64,69.411,247.48
223.71,156.91,268.4,259,106.79,329.74,62.099,227.65
186.27,131.58,258.61,196.01,135.53,334.18,63.195,269.74
200.3,142.56,266.47,210.11,135.42,338.46,69.257,270.9
200.9,144.42,265.9,212.45,129.67,342.59,64.68,274.55
52.911,237.77,217.25,154.64,266.56,252.13,102.22,335.25
99.352,164.69,232.56,170.21,226.37,319.79,93.156,314.27
48.368,236.73,215.41,157.6,263.73,259.6,96.691,338.73
52.663,253.42,208.3,150.21,268.34,240.75,112.7,343.96
207.35,150.97,267.28,240.74,114.16,342.98,54.22,253.22
207.77,153.6,267.59,239.88,117.82,343.71,58.004,257.44
91.781,163.66,229.45,171.5,220.87,322.44,83.193,314.6
205.26,157.31,267,239.73,122.44,348,60.704,265.58
204.55,155.89,266.66,244.02,119.53,347.72,57.42,259.59
197.57,151.36,266.18,224.74,131.9,350.29,63.29,276.92
208.34,157.86,263.32,249.29,109.69,341.68,54.705,250.25
52.202,240.42,206.78,156.59,261.06,256.68,106.48,340.51
193.51,147.85,266.03,224.4,130.68,352.61,58.166,276.05
200.64,152.96,267.88,231.06,126.96,352.39,59.721,274.29
197.41,153.33,264.12,225.81,128.36,350.76,61.654,278.28
201.61,155.69,265.98,236.05,121.98,351.41,57.611,271.05
196.18,157.01,262.79,231.42,127.12,352.88,60.502,278.47
199.7,159.07,263.83,234.27,124.57,353.02,60.441,277.82
199.97,159.48,264.43,228.72,129.38,354.44,64.914,285.19
207.09,164.46,266.5,248.89,133.37,342.58,73.955,258.15
204.01,162.78,266.71,237.39,139.63,344.17,76.935,269.56
199.32,160.18,265.07,232.24,141.71,344.81,75.955,272.75
204.16,161.48,267.05,234.93,139.47,344.18,76.576,270.73
203.23,162.28,267.36,235.71,141.69,345.46,77.56,272.03
197.12,162.37,264.51,231.15,134.47,358.57,67.072,289.79
199.59,162.14,267.45,228.34,137.63,361.4,69.768,295.19
201.11,163.69,267.37,232.64,134.3,360.51,68.041,291.56
203.91,168.45,267.85,240.41,131.22,361.8,67.282,289.84
207.23,166.58,271.25,245.8,126.97,362.39,62.955,283.18
211.05,170.01,270.9,245.38,124.46,361.65,64.62,286.28
196.78,162.85,267.43,225.32,144.33,364.55,73.682,302.08
202.15,166.71,271.12,232.55,141.77,368.08,72.79,302.25
132.18,173.43,241.02,192.08,214.23,348.49,105.38,329.84
127.4,176.32,238.72,190.62,218.46,348.33,107.14,334.03
139.79,166.48,245.9,192.11,207.27,352.01,101.17,326.38
210.21,170.66,274.65,233.81,145.96,365.11,81.527,301.96
143.66,163.17,248.87,192.73,203.88,352.88,98.676,323.33
177.14,157.23,263.81,203.41,179.31,362.01,92.638,315.84
165.01,159.11,257.82,198.19,190.62,357.76,97.817,318.68
143.89,166.28,248.26,189.97,211.73,350.9,107.36,327.21
139.75,168.68,247.8,190.09,216.19,349.64,108.14,328.23
151.96,163.6,251.82,193.66,203.72,353.46,103.86,323.4
142.6,169.56,246.93,191.29,213.89,349.94,109.56,328.21
215,172.12,278.1,242.17,150.47,357.13,87.375,287.07
145.66,166.23,249.21,190.85,211.21,350.66,107.66,326.03
147.73,166.9,249.33,190.85,211.75,350.27,110.15,326.32
149.19,165.6,250.04,190.93,209.94,350.62,109.09,325.29
150.95,164.36,251.1,190.66,209.06,350.78,108.91,324.49
149.68,165.82,251.12,190.76,212.22,348.99,110.78,324.05
146.45,166.99,250.17,190.01,215.31,347.04,111.59,324.01
154.5,163.04,253.26,191.09,207.94,350.68,109.18,322.63
161.56,162.66,255.47,193.6,203.12,352.51,109.21,321.57
150.84,164.43,253.08,190.91,211.75,350.47,109.52,323.99
152.91,165.29,252.64,190.93,211.92,349.36,112.19,323.72
151.65,165.1,253.5,189.09,216.36,346.81,114.51,322.82
157.97,161.26,254.8,189.33,208.39,349.44,111.56,321.38
156.22,162.7,254.83,188.99,212.32,348.44,113.71,322.15
159.03,160.45,255.76,188.84,209.29,347.15,112.56,318.75
164.97,158.53,257.12,188.52,205.2,348.03,113.05,318.04
184.16,154.4,266.51,195.09,189.64,350.68,107.29,309.99
164.25,157.52,257.6,188.77,204.61,347.02,111.27,315.77
166.63,155.4,258.47,187.88,202.3,346.69,110.46,314.21
176.81,151.65,266.92,193.28,194.39,350.29,104.28,308.66
180.51,150.24,269,196.54,188.23,350.93,99.739,304.64
193.62,151.27,273.47,204.69,175.1,351.71,95.252,298.29
182,147.6,267.42,196.19,181.88,346.56,96.457,297.96
175.99,144.52,264.53,192.65,179.45,349.18,90.904,301.05
186.64,145.21,271.85,201.8,179.74,340.49,94.532,283.89
176.69,141.42,266.78,193.51,184.15,336.4,94.068,284.3
183.37,141.84,270.23,202.75,180.48,330.73,93.622,269.82
107.4,201.42,233.72,169.96,262.73,286.47,136.41,317.92
131.79,159.1,247.25,178.56,224.23,315.09,108.77,295.63
102.66,193.57,230.53,174.4,248.41,293.63,120.55,312.81
99.856,190.16,222.03,175.79,236.14,295.74,113.97,310.11
226.44,166.75,261.49,266.5,119.61,316.34,84.565,216.59
226.47,167.54,264.24,262.52,117.28,320.96,79.513,225.97
75.494,225.95,221.6,170.21,257.58,264.52,111.47,320.26
72.911,230.68,216.31,170.15,255.18,262.23,111.78,322.76
68.652,234.65,207.22,167.12,252.4,259.82,113.83,327.35
182.24,150.27,253.09,222.01,142.14,331.58,71.288,259.84
65.214,218.06,207.13,172.44,239.85,274.22,97.937,319.85
177.61,150.31,248.12,221.06,137.5,331.31,66.989,260.56
169.48,149.22,245.71,220.2,140.51,333.2,64.273,262.22
171.76,148,244.66,222.22,132.63,332.25,59.732,258.03
184.66,157.61,240.95,248.56,112.66,327.97,56.363,237.02
162.63,146.92,240.3,219.56,137.29,329.7,59.623,257.06
155.17,146.24,237.26,212.03,144.97,327.19,62.881,261.4
153.84,145.91,234.28,208.86,144.28,323.88,63.838,260.93
155.86,145.77,236.37,214.2,143.43,323.55,62.914,255.12
144.01,148.03,230.92,200.63,157.16,322.51,70.249,269.92
88.504,174.94,200.34,170.67,205.32,301.18,93.48,305.45
123.88,150.62,219.87,178.29,180.17,315.98,84.181,288.3
97.183,166.8,199.56,167.02,199.27,305.12,96.896,304.9
107.9,159.87,200.75,166.82,190.12,308.95,97.266,302
138.65,148.6,222.69,186.09,164.87,315.71,80.822,278.22
108.91,167.6,197.21,172.87,189.12,308.57,100.81,303.31
118.07,152.97,203.43,167.43,179.02,311.43,93.672,296.97
101.43,159.26,186.57,153.63,196.15,298.31,111.01,303.95
100.23,152.42,182.29,144.34,196.17,285.24,114.11,293.32
106.35,141.84,185.71,141.51,186.3,282.61,106.94,282.94
97.581,145.08,170.1,137.23,185.6,280.43,113.08,288.28
92.526,153.04,163.39,143.24,180.97,270.25,110.11,280.06
87.044,158.52,155.52,145.28,179.49,269.25,111.02,282.49
72.161,169.43,139.71,144.21,184.59,264.42,117.04,289.64
66.707,182.2,132.13,144.58,192.37,249.32,126.94,286.95
61.292,190.96,124.83,144.09,191.47,234.41,127.92,281.29
98.679,149.99,180.61,208.04,127.05,283.63,45.12,225.57
57.263,163.97,139.26,150.66,160.12,279.16,78.121,292.47
51.712,163.04,117.64,145.84,150.5,271.77,84.574,288.98
55.054,165.82,117.39,151.66,148.9,290.33,86.556,304.49
58.856,164.91,114.25,153.05,142.52,285.12,87.129,296.98
45.389,155.97,109.57,135.87,154.5,279.35,90.324,299.45
35.382,162.04,107.35,135.98,159.77,280.73,87.802,306.79
21.271,181.1,90.034,125.57,166.27,219.97,97.503,275.5
19.925,176.49,116.91,127.62,146.98,187.28,49.99,236.15
12.66,170.1,125.71,126.99,147.43,183.96,34.377,227.06
9.0172,163.43,127.14,119.99,149.41,180.54,31.288,223.98
5.8809,155.19,138.54,118.05,157.03,184.1,24.377,221.25
9.5716,177.18,128.56,117.69,162.3,185.19,43.317,244.68
10.66,179.64,134.18,126.13,158.06,181.26,34.54,234.76
17.69,157.58,190.71,160.73,189.31,237.42,16.29,234.27
27.91,168.18,179.14,165.16,181.09,262.82,29.86,265.84
32.18,162.38,168.86,160.12,170.32,265.61,33.64,267.88
46.79,156.59,168.9,155.08,169.88,268.41,47.76,269.92
53.92,156.2,150.78,156.69,149.91,265.8,53.05,265.31
53,142,146,142,146,271,53,271
60.22,146.22,149.78,146.22,149.78,271.67,60.22,271.67
65.44,143.07,151.56,143.07,151.56,264.96,65.44,264.96
63.546,152.83,149.44,146.91,157.51,264.02,71.618,269.94
68.772,151.84,149.58,145.73,158.36,261.9,77.552,268
64.709,154.38,150.04,140.14,168.7,251.94,83.373,266.19
70.627,150.35,157.46,146.08,162.97,258.38,76.142,262.65
103.8,144.62,171.31,147.64,166.64,251.93,99.135,248.91
106.25,161.31,171.91,155.59,179.78,245.91,114.11,251.63
108.85,160.75,176.43,154.88,184,242.06,116.42,247.94
116.42,156.88,172.98,146.74,187.58,228.14,131.02,238.29
107.5,196.5,150.5,153.5,195,198,152,241
110.89,163.65,165.79,145.07,196.27,235.12,141.36,253.7
118.9,159.69,188.8,160.47,187.77,252.8,117.87,252.02
133.83,164.18,202.08,175.03,188.82,258.4,120.57,247.54
126.49,186.29,198.88,184.35,200.6,248.37,128.21,250.31
135.21,186.48,206.55,195.74,199.41,250.67,128.07,241.41
132.58,196.79,202.07,188.93,208.51,245.9,139.02,253.76
138.33,189.73,208.76,194.07,205.52,246.71,135.09,242.38
131.82,197.74,206.14,190.54,211.01,240.68,136.68,247.89
144.92,194.13,208.68,193.31,209.33,243.88,145.57,244.7
144.05,198.52,204.57,191.08,210.74,241.31,150.22,248.75
139.09,196.34,204.37,187.82,210.9,237.93,145.62,246.44
139.66,215.4,177.24,178.05,214.56,215.6,176.98,252.95
138.13,214.12,175.56,176.72,213.91,215.11,176.48,252.5
165.55,177.95,214.9,203.01,191.15,249.79,141.8,224.73
139.92,206.11,171.21,175.02,217.69,221.8,186.39,252.89
143.1,198.53,179.07,173.2,218.61,229.35,182.64,254.68
138.89,210.85,170.63,173.2,229.1,222.49,197.35,260.14
133.17,214.86,171.13,170.96,229.86,221.75,191.9,265.64
130.09,211.83,168.89,164.15,235.66,218.49,196.86,266.17
138.3,210.87,176.07,164.55,238.75,215.65,200.99,261.97
147.77,183.28,197.8,161.85,233.27,244.66,183.24,266.09
147.93,187.08,195.57,156.42,245.14,233.45,197.5,264.11
152.43,183.06,199.06,152.56,249.74,230.05,203.12,260.55
156.37,181.9,203.62,150.07,254.79,226.03,207.54,257.86
161.38,177.3,212.63,151.4,255.04,235.31,203.79,261.21
172.41,158.42,231.2,155.65,235.93,256.07,177.14,258.83
179.94,153.17,236.11,153.09,236.25,254.8,180.07,254.87
184.55,152.29,239.75,151.76,240.74,255.27,185.55,255.8
186.27,155.2,237.65,149.19,249.57,251.12,198.19,257.13
189.34,157.28,238,150.25,252.85,253.08,204.19,260.11
194.34,160.48,241.11,154.66,251.47,237.9,204.7,243.72
200.54,158.17,243.74,156.87,246.91,262.35,203.72,263.65
209.73,159.33,243.31,161.35,236.53,274.39,202.95,272.38
211.95,163.53,245.06,163.25,246.08,284.46,212.97,284.74
215.67,166.03,258.19,166.04,258.18,294.23,215.67,294.23
211.22,173.58,255.86,166.96,272.72,280.74,228.09,287.35
204.52,182.83,250.55,169.47,283.63,283.43,237.6,296.79
202.86,190.04,248.55,175.32,286.93,294.37,241.23,309.1
199.47,199.67,250.5,182.41,288.67,295.27,237.63,312.53
218.68,191.47,275.48,190.23,278.33,320.94,221.53,322.18
222.68,192.23,278.32,193.74,274.95,317.57,219.32,316.06
218.32,198.37,273.49,194.1,283.01,317.29,227.84,321.56
202.27,206.6,262.84,190.15,294.54,306.9,233.97,323.35
225.05,190.87,274.79,192.18,271.99,298.64,222.25,297.33
260.09,203.2,293.26,220.86,231.17,337.47,198,319.81
260.96,217.63,292.3,247.89,212.38,330.66,181.04,300.41
202,225,276,225,276,292,202,292
184.84,247.96,228.31,207.51,291.16,275.04,247.69,315.49
205.21,241.62,250.15,216.9,292.79,294.38,247.85,319.1
196.42,253.09,249.75,221.34,290.58,289.91,237.25,321.66
195.87,213.88,282.1,250.75,260.13,302.12,173.9,265.25
191.23,212.37,279.93,242.94,261.77,295.63,173.07,265.06
192.15,201.4,284.58,230.87,265.85,289.6,173.42,260.13
176.65,181.07,238.45,150.85,289.35,254.93,227.55,285.15
178.28,175.77,241.4,148.56,287.22,256.13,224.1,283.34
166.55,169.49,231.67,135.96,288.45,248.31,223.33,281.84
158.21,168.32,220.84,129.23,287.54,238.63,224.91,277.73
152.31,165.09,214.36,122.42,287.62,232.15,225.57,274.82
163.4,175.36,215.88,133.39,290.12,226.22,237.64,268.19
169.45,170.43,224.88,133.97,287.89,229.76,232.47,266.22
162.83,168.31,224.79,131.02,285.47,231.87,223.52,269.15
158.88,178.17,215.95,128.47,292.01,215.82,234.93,265.51
148.68,161.08,210.86,114.5,290.79,221.2,228.61,267.78
156.36,164.38,220.39,122.15,289.05,226.25,225.02,268.48
182.4,132.79,245.09,121.34,270.55,260.74,207.85,272.18
191.23,129.77,256.81,124.63,268.29,270.95,202.71,276.1
195.54,130.21,257.08,125.02,269.59,273.48,208.05,278.66
214.12,134.78,273.48,140.48,259.95,281.49,200.59,275.79
205.48,134.75,261.74,131.06,271.61,281.94,215.35,285.62
202.91,133.21,260.47,125,283.97,289.87,226.41,298.08
199.07,141.35,265.02,127.61,298.4,287.83,232.45,301.57
198.71,157.51,264.1,131.47,325.84,286.54,260.46,312.57
212.18,168.97,285.37,144.42,337.75,300.58,264.57,325.13
213.85,174.25,303.67,150.1,346.87,310.74,257.04,334.89
245.45,165.91,327.11,146.54,365.5,308.4,283.84,327.77
233.1,200.93,341.25,155.78,399.63,295.6,291.47,340.75
301.29,170.24,447.2,244.91,390.21,356.26,244.3,281.59
313.03,195.14,465.65,222.83,439.78,365.41,287.16,337.72
333.12,200.84,503.38,267.52,458.49,382.15,288.23,315.47
358.09,202,537.12,308.6,478.17,407.61,299.14,301.01
388.94,202.09,568.18,336.83,505.02,420.86,325.78,286.11
418.51,217.46,615.87,327.25,561.3,425.34,363.94,315.55
447.55,211.7,655.3,338.42,594.2,438.6,386.44,311.88
411.43,310.79,482.91,211.07,673.02,347.34,601.55,447.06
