147,110,34,33
149,114,34.0,33.0
151,118,34.0,33.0
154,120,34.0,33.0
158,120,34.0,33.0
160,119,34.0,33.0
160,120,34.0,33.0
160,121,34.0,33.0
161,122,34.0,33.0
162,122,34.0,33.0
164,120,34.0,33.0
163,116,34.0,33.0
159,113,34.0,33.0
155,111,34.0,33.0
154,108,34.0,33.0
163,98,34.0,33.0
167,94,34.0,33.0
165,92,34.0,33.0
160,90,34.0,33.0
153,88,34.0,33.0
146,87,34.0,33.0
144,87,34.0,33.0
143,87,34.0,33.0
143,87,34.0,33.0
144,86,34.0,33.0
152,86,34.0,33.0
158,89,34.0,33.0
163,95,34.0,33.0
168,103,34.0,33.0
171,112,34.0,33.0
163,123,34.0,33.0
164,129,34.0,33.0
164,128,34.0,33.0
170,125,34.0,33.0
175,115,34.0,33.0
178,94,34.0,33.0
180,86,34.0,33.0
180,85,34.0,33.0
180,85,34.0,33.0
180,88,34.0,33.0
181,99,34.0,33.0
180,109,34.0,33.0
179,118,34.0,33.0
179,128,34.0,33.0
180,137,34.0,33.0
182,130,34.0,33.0
184,124,34.0,33.0
185,122,34.0,33.0
185,124,34.0,33.0
186,129,34.0,33.0
185,143,34.0,33.0
185,153,34.0,33.0
184,162,34.0,33.0
182,170,34.0,33.0
182,178,34.0,33.0
182,177,34.0,33.0
184,168,34.0,33.0
185,158,34.0,33.0
186,151,34.0,33.0
185,147,34.0,33.0
184,145,34.0,33.0
182,146,34.0,33.0
180,150,34.0,33.0
177,155,34.0,33.0
175,161,34.0,33.0
175,164,34.0,33.0
173,156,34.0,33.0
172,142,34.0,33.0
170,129,34.0,33.0
168,122,34.0,33.0
164,120,34.0,33.0
162,120,34.0,33.0
161,124,34.0,33.0
160,133,34.0,33.0
159,142,34.0,33.0
159,151,34.0,33.0
159,157,34.0,33.0
162,156,34.0,33.0
171,148,34.0,33.0
179,141,34.0,33.0
187,140,34.0,33.0
192,140,34.0,33.0
198,138,34.0,33.0
201,135,34.0,33.0
204,134,34.0,33.0
210,140,34.0,33.0
212,146,34.0,33.0
214,148,34.0,33.0
217,145,34.0,33.0
221,141,34.0,33.0
227,142,34.0,33.0
229,145,34.0,33.0
229,145,34.0,33.0
230,143,34.0,33.0
228,143,34.0,33.0
221,150,34.0,33.0
218,156,34.0,33.0
216,161,34.0,33.0
215,162,34.0,33.0
215,163,34.0,33.0
214,167,34.0,33.0
213,171,34.0,33.0
213,174,34.0,33.0
213,176,34.0,33.0
212,177,34.0,33.0
207,180,34.0,33.0
202,184,34.0,33.0
198,187,34.0,33.0
194,190,34.0,33.0
191,196,34.0,33.0
187,195,34.0,33.0
183,193,34.0,33.0
180,192,34.0,33.0
179,190,34.0,33.0
179,191,34.0,33.0
179,193,34.0,33.0
178,195,34.0,33.0
177,197,34.0,33.0
176,202,34.0,33.0
178,208,34.0,33.0
180,213,34.0,33.0
183,218,34.0,33.0
189,223,34.0,33.0
200,215,34.0,33.0
209,207,34.0,33.0
217,205,34.0,33.0
220,208,34.0,33.0
222,211,34.0,33.0
221,215,34.0,33.0
217,219,34.0,33.0
218,216,34.0,33.0
216,212,34.0,33.0
216,208,34.0,33.0
216,206,34.0,33.0
215,206,34.0,33.0
213,207,34.0,33.0
211,207,34.0,33.0
209,207,34.0,33.0
207,209,34.0,33.0
205,213,34.0,33.0
202,214,34.0,33.0
202,218,34.0,33.0
204,222,34.0,33.0
203,243,34.0,33.0
200,251,34.0,33.0
197,259,34.0,33.0
198,263,34.0,33.0
198,267,34.0,33.0
196,272,34.0,33.0
191,278,34.0,33.0
183,285,34.0,33.0
180,287,34.0,33.0
177,288,34.0,33.0
170,287,34.0,33.0
160,287,34.0,33.0
154,287,34.0,33.0
159,287,34.0,33.0
166,287,34.0,33.0
168,287,34.0,33.0
173,287,34.0,33.0
182,287,34.0,33.0
185,287,34.0,33.0
190,287,34.0,33.0
194,287,34.0,33.0
192,287,34.0,33.0
213,287,34.0,33.0
218,287,34.0,33.0
221,287,34.0,33.0
226,287,34.0,33.0
230,287,34.0,33.0
235,287,34.0,33.0
234,287,34.0,33.0
232,287,34.0,33.0
226,287,34.0,33.0
220,287,34.0,33.0
211,287,34.0,33.0
204,287,34.0,33.0
201,287,34.0,33.0
196,287,34.0,33.0
192,287,34.0,33.0
187,288,34.0,33.0
188,287,34.0,33.0
189,288,34.0,33.0
186,288,34.0,33.0
182,287,34.0,33.0
182,287,34.0,33.0
185,287,34.0,33.0
189,287,34.0,33.0
195,288,34.0,33.0
201,287,34.0,33.0
208,287,34.0,33.0
208,287,34.0,33.0
203,287,34.0,33.0
199,287,34.0,33.0
192,287,34.0,33.0
205,286,34.0,33.0
205,288,34.0,33.0
203,287,34.0,33.0
203,287,34.0,33.0
204,287,34.0,33.0
196,287,34.0,33.0
209,285,34.0,33.0
215,287,34.0,33.0
216,287,34.0,33.0
219,287,34.0,33.0
217,287,34.0,33.0
214,287,34.0,33.0
213,287,34.0,33.0
210,287,34.0,33.0
208,288,34.0,33.0
205,288,34.0,33.0
211,283,34.0,33.0
211,285,34.0,33.0
207,287,34.0,33.0
200,287,34.0,33.0
206,287,34.0,33.0
210,287,34.0,33.0
212,287,34.0,33.0
213,287,34.0,33.0
213,288,34.0,33.0
214,287,34.0,33.0
216,288,34.0,33.0
214,287,34.0,33.0
211,288,34.0,33.0
206,287,34.0,33.0
199,285,34.0,33.0
195,285,34.0,33.0
195,287,34.0,33.0
194,287,34.0,33.0
193,286,34.0,33.0
192,286,34.0,33.0
190,286,34.0,33.0
187,287,34.0,33.0
178,288,34.0,33.0
176,287,34.0,33.0
186,288,34.0,33.0
190,287,34.0,33.0
194,288,34.0,33.0
202,287,34.0,33.0
210,288,34.0,33.0
213,287,34.0,33.0
216,288,34.0,33.0
218,287,34.0,33.0
218,288,34.0,33.0
222,287,34.0,33.0
229,288,34.0,33.0
233,287,34.0,33.0
238,287,34.0,33.0
241,287,34.0,33.0
244,287,34.0,33.0
252,288,34.0,33.0
254,287,34.0,33.0
253,287,34.0,33.0
250,287,34.0,33.0
252,287,34.0,33.0
254,288,34.0,33.0
253,288,34.0,33.0
252,288,34.0,33.0
249,288,34.0,33.0
246,288,34.0,33.0
240,288,34.0,33.0
233,287,34.0,33.0
224,288,34.0,33.0
216,287,34.0,33.0
213,288,34.0,33.0
211,287,34.0,33.0
212,287,34.0,33.0
210,288,34.0,33.0
210,288,34.0,33.0
212,288,34.0,33.0
209,287,34.0,33.0
203,287,34.0,33.0
195,288,34.0,33.0
191,287,34.0,33.0
186,288,34.0,33.0
195,287,34.0,33.0
197,287,34.0,33.0
196,287,34.0,33.0
188,288,34.0,33.0
182,287,34.0,33.0
175,284,34.0,33.0
171,282,34.0,33.0
171,282,34.0,33.0
176,283,34.0,33.0
187,283,34.0,33.0
195,283,34.0,33.0
201,283,34.0,33.0
206,283,34.0,33.0
211,281,34.0,33.0
216,280,34.0,33.0
220,280,34.0,33.0
217,280,34.0,33.0
213,279,34.0,33.0
212,278,34.0,33.0
214,278,34.0,33.0
214,276,34.0,33.0
213,274,34.0,33.0
214,273,34.0,33.0
214,274,34.0,33.0
213,274,34.0,33.0
206,275,34.0,33.0
201,276,34.0,33.0
195,278,34.0,33.0
191,277,34.0,33.0
190,277,34.0,33.0
193,276,34.0,33.0
195,275,34.0,33.0
198,276,34.0,33.0
199,278,34.0,33.0
199,280,34.0,33.0
194,284,34.0,33.0
207,285,34.0,33.0
218,287,34.0,33.0
