262,90,69,36
263,92,69.0,36.0
263,95,69.0,36.0
264,98,69.0,36.0
264,100,69.0,36.0
264,102,69.0,36.0
263,105,69.0,36.0
262,107,69.0,36.0
261,107,69.0,36.0
259,108,69.0,36.0
258,108,69.0,36.0
257,109,69.0,36.0
257,109,69.0,36.0
257,109,69.0,36.0
256,109,69.0,36.0
255,109,69.0,36.0
255,109,69.0,36.0
254,109,69.0,36.0
253,109,69.0,36.0
252,108,69.0,36.0
250,108,69.0,36.0
249,107,69.0,36.0
248,106,69.0,36.0
246,106,69.0,36.0
245,105,69.0,36.0
243,104,69.0,36.0
242,103,69.0,36.0
240,103,69.0,36.0
239,102,69.0,36.0
237,102,69.0,36.0
236,101,69.0,36.0
234,101,69.0,36.0
232,101,69.0,36.0
230,101,69.0,36.0
229,102,69.0,36.0
227,102,69.0,36.0
226,103,69.0,36.0
224,104,69.0,36.0
224,105,69.0,36.0
223,105,69.0,36.0
223,107,69.0,36.0
225,108,69.0,36.0
226,109,69.0,36.0
227,110,69.0,36.0
229,111,69.0,36.0
230,112,69.0,36.0
231,113,69.0,36.0
232,113,69.0,36.0
233,113,69.0,36.0
233,113,69.0,36.0
235,113,69.0,36.0
235,113,69.0,36.0
235,112,69.0,36.0
235,111,69.0,36.0
235,110,69.0,36.0
236,110,69.0,36.0
236,108,69.0,36.0
236,108,69.0,36.0
236,109,69.0,36.0
237,109,69.0,36.0
237,110,69.0,36.0
238,111,69.0,36.0
237,112,69.0,36.0
237,113,69.0,36.0
237,114,69.0,36.0
238,114,69.0,36.0
237,115,69.0,36.0
237,115,69.0,36.0
237,116,69.0,36.0
237,117,69.0,36.0
237,117,69.0,36.0
237,117,69.0,36.0
238,117,69.0,36.0
237,116,69.0,36.0
237,116,69.0,36.0
237,116,69.0,36.0
238,116,69.0,36.0
238,116,69.0,36.0
237,116,69.0,36.0
237,116,69.0,36.0
237,116,69.0,36.0
237,116,69.0,36.0
237,116,69.0,36.0
237,116,69.0,36.0
237,116,69.0,36.0
238,116,69.0,36.0
238,116,69.0,36.0
238,116,69.0,36.0
238,115,69.0,36.0
238,115,69.0,36.0
238,115,69.0,36.0
238,115,69.0,36.0
238,115,69.0,36.0
239,115,69.0,36.0
239,115,69.0,36.0
238,115,69.0,36.0
238,114,69.0,36.0
238,114,69.0,36.0
239,114,69.0,36.0
240,114,69.0,36.0
241,114,69.0,36.0
243,114,69.0,36.0
246,115,69.0,36.0
247,114,69.0,36.0
249,114,69.0,36.0
250,114,69.0,36.0
251,113,69.0,36.0
251,113,69.0,36.0
251,113,69.0,36.0
251,113,69.0,36.0
253,114,69.0,36.0
256,117,69.0,36.0
261,120,69.0,36.0
264,122,69.0,36.0
265,124,69.0,36.0
268,126,69.0,36.0
270,128,69.0,36.0
272,130,69.0,36.0
274,132,69.0,36.0
275,134,69.0,36.0
276,136,69.0,36.0
277,137,69.0,36.0
277,138,69.0,36.0
278,139,69.0,36.0
278,140,69.0,36.0
278,141,69.0,36.0
278,143,69.0,36.0
278,144,69.0,36.0
277,144,69.0,36.0
277,145,69.0,36.0
277,146,69.0,36.0
277,146,69.0,36.0
277,147,69.0,36.0
278,148,69.0,36.0
278,149,69.0,36.0
278,150,69.0,36.0
278,151,69.0,36.0
278,151,69.0,36.0
278,152,69.0,36.0
278,153,69.0,36.0
278,153,69.0,36.0
278,154,69.0,36.0
278,154,69.0,36.0
278,155,69.0,36.0
278,155,69.0,36.0
278,155,69.0,36.0
278,155,69.0,36.0
278,155,69.0,36.0
278,155,69.0,36.0
278,156,69.0,36.0
278,158,69.0,36.0
278,160,69.0,36.0
278,162,69.0,36.0
278,164,69.0,36.0
278,165,69.0,36.0
278,165,69.0,36.0
278,165,69.0,36.0
278,166,69.0,36.0
278,167,69.0,36.0
278,167,69.0,36.0
278,167,69.0,36.0
279,166,69.0,36.0
279,165,69.0,36.0
280,165,69.0,36.0
282,166,69.0,36.0
282,167,69.0,36.0
282,167,69.0,36.0
282,167,69.0,36.0
282,167,69.0,36.0
282,166,69.0,36.0
282,166,69.0,36.0
282,165,69.0,36.0
282,165,69.0,36.0
282,165,69.0,36.0
282,165,69.0,36.0
282,166,69.0,36.0
282,166,69.0,36.0
282,166,69.0,36.0
282,166,69.0,36.0
282,166,69.0,36.0
282,166,69.0,36.0
282,166,69.0,36.0
282,167,69.0,36.0
282,167,69.0,36.0
282,168,69.0,36.0
282,169,69.0,36.0
282,169,69.0,36.0
282,170,69.0,36.0
282,170,69.0,36.0
282,171,69.0,36.0
282,172,69.0,36.0
282,172,69.0,36.0
282,172,69.0,36.0
282,172,69.0,36.0
281,172,69.0,36.0
281,172,69.0,36.0
281,172,69.0,36.0
281,172,69.0,36.0
281,172,69.0,36.0
281,172,69.0,36.0
281,173,69.0,36.0
281,173,69.0,36.0
281,173,69.0,36.0
280,173,69.0,36.0
280,174,69.0,36.0
280,174,69.0,36.0
281,175,69.0,36.0
281,175,69.0,36.0
281,175,69.0,36.0
281,175,69.0,36.0
280,176,69.0,36.0
280,176,69.0,36.0
280,176,69.0,36.0
280,177,69.0,36.0
280,177,69.0,36.0
280,177,69.0,36.0
280,177,69.0,36.0
280,177,69.0,36.0
280,178,69.0,36.0
280,178,69.0,36.0
280,178,69.0,36.0
280,178,69.0,36.0
280,178,69.0,36.0
280,178,69.0,36.0
280,179,69.0,36.0
280,179,69.0,36.0
280,179,69.0,36.0
280,179,69.0,36.0
280,179,69.0,36.0
280,179,69.0,36.0
280,179,69.0,36.0
280,179,69.0,36.0
280,179,69.0,36.0
280,179,69.0,36.0
280,179,69.0,36.0
280,179,69.0,36.0
280,179,69.0,36.0
280,179,69.0,36.0
280,179,69.0,36.0
280,180,69.0,36.0
280,180,69.0,36.0
280,180,69.0,36.0
280,180,69.0,36.0
280,180,69.0,36.0
280,180,69.0,36.0
280,180,69.0,36.0
280,180,69.0,36.0
280,181,69.0,36.0
280,181,69.0,36.0
280,181,69.0,36.0
280,181,69.0,36.0
280,181,69.0,36.0
280,181,69.0,36.0
280,181,69.0,36.0
280,181,69.0,36.0
280,181,69.0,36.0
280,181,69.0,36.0
280,181,69.0,36.0
280,181,69.0,36.0
280,181,69.0,36.0
280,181,69.0,36.0
280,181,69.0,36.0
280,181,69.0,36.0
280,181,69.0,36.0
280,181,69.0,36.0
280,181,69.0,36.0
280,181,69.0,36.0
280,181,69.0,36.0
280,181,69.0,36.0
280,181,69.0,36.0
280,181,69.0,36.0
280,181,69.0,36.0
280,181,69.0,36.0
280,181,69.0,36.0
280,181,69.0,36.0
280,181,69.0,36.0
280,181,69.0,36.0
280,181,69.0,36.0
280,181,69.0,36.0
280,181,69.0,36.0
280,182,69.0,36.0
280,182,69.0,36.0
280,182,69.0,36.0
280,182,69.0,36.0
280,182,69.0,36.0
280,182,69.0,36.0
280,182,69.0,36.0
280,182,69.0,36.0
280,182,69.0,36.0
280,182,69.0,36.0
280,183,69.0,36.0
280,183,69.0,36.0
280,183,69.0,36.0
280,183,69.0,36.0
280,183,69.0,36.0
280,183,69.0,36.0
280,183,69.0,36.0
280,184,69.0,36.0
280,184,69.0,36.0
280,184,69.0,36.0
280,184,69.0,36.0
280,184,69.0,36.0
280,184,69.0,36.0
280,183,69.0,36.0
280,183,69.0,36.0
280,183,69.0,36.0
280,183,69.0,36.0
280,183,69.0,36.0
280,183,69.0,36.0
280,183,69.0,36.0
280,183,69.0,36.0
280,183,69.0,36.0
280,183,69.0,36.0
280,183,69.0,36.0
280,183,69.0,36.0
280,183,69.0,36.0
280,183,69.0,36.0
280,183,69.0,36.0
280,183,69.0,36.0
280,183,69.0,36.0
280,183,69.0,36.0
280,183,69.0,36.0
280,183,69.0,36.0
280,183,69.0,36.0
280,183,69.0,36.0
280,183,69.0,36.0
280,183,69.0,36.0
280,183,69.0,36.0
280,183,69.0,36.0
280,183,69.0,36.0
280,183,69.0,36.0
280,183,69.0,36.0
280,183,69.0,36.0
280,183,69.0,36.0
279,182,69.0,36.0
279,182,69.0,36.0
278,182,69.0,36.0
278,183,69.0,36.0
277,183,69.0,36.0
276,183,69.0,36.0
276,183,69.0,36.0
275,183,69.0,36.0
275,184,69.0,36.0
277,185,69.0,36.0
280,186,69.0,36.0
282,188,69.0,36.0
283,189,69.0,36.0
283,189,69.0,36.0
283,189,69.0,36.0
283,189,69.0,36.0
283,189,69.0,36.0
282,190,69.0,36.0
282,190,69.0,36.0
281,190,69.0,36.0
280,191,69.0,36.0
279,191,69.0,36.0
278,190,69.0,36.0
279,190,69.0,36.0
280,190,69.0,36.0
279,190,69.0,36.0
278,189,69.0,36.0
276,188,69.0,36.0
276,187,69.0,36.0
276,186,69.0,36.0
275,185,69.0,36.0
275,185,69.0,36.0
275,184,69.0,36.0
275,185,69.0,36.0
275,185,69.0,36.0
273,185,69.0,36.0
271,184,69.0,36.0
270,181,69.0,36.0
270,179,69.0,36.0
269,177,69.0,36.0
267,176,69.0,36.0
268,175,69.0,36.0
268,175,69.0,36.0
273,179,69.0,36.0
277,181,69.0,36.0
278,182,69.0,36.0
279,182,69.0,36.0
279,182,69.0,36.0
279,182,69.0,36.0
279,182,69.0,36.0
279,182,69.0,36.0
279,182,69.0,36.0
279,182,69.0,36.0
279,182,69.0,36.0
279,182,69.0,36.0
279,182,69.0,36.0
279,182,69.0,36.0
279,182,69.0,36.0
279,182,69.0,36.0
279,182,69.0,36.0
279,182,69.0,36.0
279,182,69.0,36.0
279,182,69.0,36.0
279,182,69.0,36.0
279,182,69.0,36.0
279,182,69.0,36.0
279,182,69.0,36.0
279,182,69.0,36.0
279,182,69.0,36.0
279,182,69.0,36.0
279,182,69.0,36.0
279,182,69.0,36.0
279,182,69.0,36.0
279,182,69.0,36.0
279,182,69.0,36.0
279,182,69.0,36.0
279,182,69.0,36.0
279,182,69.0,36.0
279,182,69.0,36.0
279,182,69.0,36.0
279,182,69.0,36.0
279,182,69.0,36.0
279,182,69.0,36.0
279,182,69.0,36.0
279,182,69.0,36.0
279,182,69.0,36.0
279,182,69.0,36.0
279,182,69.0,36.0
279,182,69.0,36.0
279,182,69.0,36.0
279,182,69.0,36.0
279,182,69.0,36.0
279,182,69.0,36.0
279,182,69.0,36.0
279,182,69.0,36.0
279,182,69.0,36.0
279,182,69.0,36.0
279,182,69.0,36.0
279,182,69.0,36.0
279,182,69.0,36.0
279,182,69.0,36.0
279,182,69.0,36.0
279,182,69.0,36.0
279,182,69.0,36.0
279,182,69.0,36.0
279,182,69.0,36.0
279,182,69.0,36.0
279,182,69.0,36.0
279,182,69.0,36.0
279,182,69.0,36.0
279,182,69.0,36.0
279,182,69.0,36.0
279,182,69.0,36.0
279,182,69.0,36.0
279,182,69.0,36.0
279,182,69.0,36.0
279,182,69.0,36.0
279,182,69.0,36.0
279,182,69.0,36.0
279,182,69.0,36.0
279,182,69.0,36.0
279,182,69.0,36.0
279,182,69.0,36.0
279,182,69.0,36.0
279,182,69.0,36.0
279,182,69.0,36.0
279,182,69.0,36.0
279,182,69.0,36.0
279,182,69.0,36.0
279,182,69.0,36.0
279,182,69.0,36.0
279,182,69.0,36.0
279,182,69.0,36.0
279,182,69.0,36.0
279,182,69.0,36.0
279,182,69.0,36.0
279,182,69.0,36.0
279,182,69.0,36.0
279,182,69.0,36.0
279,182,69.0,36.0
279,182,69.0,36.0
279,182,69.0,36.0
279,182,69.0,36.0
279,182,69.0,36.0
279,182,69.0,36.0
279,182,69.0,36.0
279,182,69.0,36.0
279,182,69.0,36.0
279,182,69.0,36.0
279,182,69.0,36.0
279,182,69.0,36.0
279,182,69.0,36.0
279,182,69.0,36.0
279,182,69.0,36.0
279,182,69.0,36.0
279,182,69.0,36.0
279,182,69.0,36.0
279,182,69.0,36.0
279,182,69.0,36.0
279,182,69.0,36.0
279,182,69.0,36.0
279,182,69.0,36.0
279,182,69.0,36.0
279,182,69.0,36.0
279,182,69.0,36.0
279,182,69.0,36.0
279,182,69.0,36.0
279,182,69.0,36.0
279,182,69.0,36.0
279,182,69.0,36.0
279,182,69.0,36.0
279,182,69.0,36.0
279,182,69.0,36.0
279,182,69.0,36.0
279,182,69.0,36.0
279,182,69.0,36.0
279,182,69.0,36.0
279,182,69.0,36.0
279,182,69.0,36.0
279,182,69.0,36.0
279,182,69.0,36.0
279,182,69.0,36.0
279,182,69.0,36.0
279,182,69.0,36.0
279,182,69.0,36.0
279,182,69.0,36.0
279,182,69.0,36.0
279,182,69.0,36.0
279,182,69.0,36.0
279,182,69.0,36.0
279,182,69.0,36.0
279,182,69.0,36.0
279,182,69.0,36.0
279,182,69.0,36.0
279,182,69.0,36.0
279,182,69.0,36.0
279,182,69.0,36.0
279,182,69.0,36.0
279,182,69.0,36.0
279,182,69.0,36.0
279,182,69.0,36.0
279,182,69.0,36.0
279,182,69.0,36.0
279,182,69.0,36.0
279,182,69.0,36.0
279,182,69.0,36.0
279,182,69.0,36.0
278,182,69.0,36.0
278,182,69.0,36.0
279,182,69.0,36.0
280,182,69.0,36.0
281,182,69.0,36.0
281,182,69.0,36.0
281,182,69.0,36.0
281,182,69.0,36.0
281,182,69.0,36.0
281,182,69.0,36.0
281,182,69.0,36.0
282,182,69.0,36.0
282,182,69.0,36.0
282,183,69.0,36.0
282,183,69.0,36.0
282,183,69.0,36.0
282,182,69.0,36.0
282,182,69.0,36.0
282,182,69.0,36.0
282,182,69.0,36.0
282,182,69.0,36.0
283,182,69.0,36.0
284,182,69.0,36.0
285,182,69.0,36.0
286,183,69.0,36.0
287,183,69.0,36.0
288,183,69.0,36.0
290,183,69.0,36.0
292,183,69.0,36.0
293,182,69.0,36.0
295,181,69.0,36.0
296,180,69.0,36.0
298,179,69.0,36.0
300,179,69.0,36.0
302,178,69.0,36.0
304,178,69.0,36.0
306,177,69.0,36.0
308,176,69.0,36.0
310,176,69.0,36.0
311,177,69.0,36.0
313,177,69.0,36.0
314,177,69.0,36.0
315,177,69.0,36.0
316,177,69.0,36.0
318,177,69.0,36.0
319,177,69.0,36.0
320,177,69.0,36.0
321,177,69.0,36.0
323,177,69.0,36.0
324,177,69.0,36.0
325,177,69.0,36.0
326,177,69.0,36.0
327,177,69.0,36.0
329,177,69.0,36.0
330,178,69.0,36.0
331,178,69.0,36.0
332,178,69.0,36.0
333,178,69.0,36.0
335,178,69.0,36.0
336,178,69.0,36.0
337,178,69.0,36.0
339,178,69.0,36.0
340,178,69.0,36.0
341,178,69.0,36.0
343,178,69.0,36.0
344,178,69.0,36.0
345,178,69.0,36.0
347,178,69.0,36.0
348,177,69.0,36.0
349,177,69.0,36.0
350,177,69.0,36.0
351,177,69.0,36.0
351,177,69.0,36.0
352,177,69.0,36.0
354,177,69.0,36.0
354,177,69.0,36.0
355,177,69.0,36.0
356,178,69.0,36.0
357,178,69.0,36.0
358,178,69.0,36.0
358,178,69.0,36.0
359,178,69.0,36.0
359,178,69.0,36.0
360,178,69.0,36.0
361,178,69.0,36.0
362,178,69.0,36.0
362,178,69.0,36.0
362,178,69.0,36.0
362,178,69.0,36.0
362,178,69.0,36.0
362,178,69.0,36.0
361,178,69.0,36.0
361,178,69.0,36.0
361,178,69.0,36.0
361,178,69.0,36.0
362,178,69.0,36.0
362,178,69.0,36.0
362,178,69.0,36.0
362,178,69.0,36.0
361,178,69.0,36.0
361,178,69.0,36.0
361,179,69.0,36.0
361,179,69.0,36.0
361,179,69.0,36.0
361,179,69.0,36.0
361,179,69.0,36.0
361,178,69.0,36.0
361,178,69.0,36.0
361,178,69.0,36.0
361,178,69.0,36.0
361,178,69.0,36.0
361,178,69.0,36.0
361,178,69.0,36.0
361,178,69.0,36.0
361,178,69.0,36.0
361,178,69.0,36.0
361,178,69.0,36.0
361,178,69.0,36.0
361,178,69.0,36.0
361,179,69.0,36.0
361,179,69.0,36.0
361,179,69.0,36.0
361,179,69.0,36.0
361,179,69.0,36.0
361,179,69.0,36.0
361,179,69.0,36.0
361,179,69.0,36.0
361,179,69.0,36.0
361,180,69.0,36.0
361,180,69.0,36.0
361,179,69.0,36.0
361,179,69.0,36.0
361,179,69.0,36.0
361,180,69.0,36.0
361,180,69.0,36.0
361,180,69.0,36.0
361,180,69.0,36.0
361,180,69.0,36.0
362,180,69.0,36.0
363,180,69.0,36.0
363,179,69.0,36.0
