141,73,27,34
141,73,27.0,34.0
141,73,27.0,34.0
141,73,27.0,34.0
141,73,27.0,34.0
142,73,27.0,34.0
142,73,27.0,34.0
142,73,27.0,34.0
142,73,27.0,34.0
142,73,27.0,34.0
143,73,27.0,34.0
143,73,27.0,34.0
143,73,27.0,34.0
143,73,27.0,34.0
143,73,27.0,34.0
143,73,27.0,34.0
143,74,27.0,34.0
143,74,27.0,34.0
143,74,27.0,34.0
143,74,27.0,34.0
143,75,27.0,34.0
143,75,27.0,34.0
143,75,27.0,34.0
143,75,27.0,34.0
143,76,27.0,34.0
143,76,27.0,34.0
143,77,27.0,34.0
143,77,27.0,34.0
143,77,27.0,34.0
143,78,27.0,34.0
143,78,27.0,34.0
143,78,27.0,34.0
143,79,27.0,34.0
143,79,27.0,34.0
143,79,27.0,34.0
143,79,27.0,34.0
143,79,27.0,34.0
143,79,27.0,34.0
143,80,27.0,34.0
143,80,27.0,34.0
143,80,27.0,34.0
143,80,27.0,34.0
143,80,27.0,34.0
143,79,27.0,34.0
143,79,27.0,34.0
143,79,27.0,34.0
143,79,27.0,34.0
143,79,27.0,34.0
143,78,27.0,34.0
143,78,27.0,34.0
143,77,27.0,34.0
143,77,27.0,34.0
143,77,27.0,34.0
143,76,27.0,34.0
143,76,27.0,34.0
143,75,27.0,34.0
143,75,27.0,34.0
143,74,27.0,34.0
143,73,27.0,34.0
143,73,27.0,34.0
142,72,27.0,34.0
142,72,27.0,34.0
142,72,27.0,34.0
142,72,27.0,34.0
142,72,27.0,34.0
142,71,27.0,34.0
142,71,27.0,34.0
141,71,27.0,34.0
140,71,27.0,34.0
139,71,27.0,34.0
138,72,27.0,34.0
137,72,27.0,34.0
136,72,27.0,34.0
135,72,27.0,34.0
134,73,27.0,34.0
133,73,27.0,34.0
132,74,27.0,34.0
131,74,27.0,34.0
130,74,27.0,34.0
129,75,27.0,34.0
128,75,27.0,34.0
127,75,27.0,34.0
126,75,27.0,34.0
125,76,27.0,34.0
124,76,27.0,34.0
123,76,27.0,34.0
121,76,27.0,34.0
119,76,27.0,34.0
117,77,27.0,34.0
115,77,27.0,34.0
113,77,27.0,34.0
112,77,27.0,34.0
111,77,27.0,34.0
110,77,27.0,34.0
110,77,27.0,34.0
109,77,27.0,34.0
109,78,27.0,34.0
109,78,27.0,34.0
109,78,27.0,34.0
109,78,27.0,34.0
109,78,27.0,34.0
109,78,27.0,34.0
109,78,27.0,34.0
110,78,27.0,34.0
111,78,27.0,34.0
111,78,27.0,34.0
112,78,27.0,34.0
113,78,27.0,34.0
114,79,27.0,34.0
115,79,27.0,34.0
118,79,27.0,34.0
119,79,27.0,34.0
120,79,27.0,34.0
121,78,27.0,34.0
123,78,27.0,34.0
125,78,27.0,34.0
127,78,27.0,34.0
128,78,27.0,34.0
130,78,27.0,34.0
132,77,27.0,34.0
135,77,27.0,34.0
135,77,27.0,34.0
136,77,27.0,34.0
138,77,27.0,34.0
139,76,27.0,34.0
140,76,27.0,34.0
141,76,27.0,34.0
142,76,27.0,34.0
143,76,27.0,34.0
143,76,27.0,34.0
143,76,27.0,34.0
143,76,27.0,34.0
143,76,27.0,34.0
143,76,27.0,34.0
143,76,27.0,34.0
143,76,27.0,34.0
143,76,27.0,34.0
143,76,27.0,34.0
143,76,27.0,34.0
143,77,27.0,34.0
143,77,27.0,34.0
143,77,27.0,34.0
143,78,27.0,34.0
143,78,27.0,34.0
143,78,27.0,34.0
143,79,27.0,34.0
143,79,27.0,34.0
143,79,27.0,34.0
143,80,27.0,34.0
143,80,27.0,34.0
143,80,27.0,34.0
143,80,27.0,34.0
143,81,27.0,34.0
143,81,27.0,34.0
143,81,27.0,34.0
143,81,27.0,34.0
143,81,27.0,34.0
143,81,27.0,34.0
143,81,27.0,34.0
143,81,27.0,34.0
143,81,27.0,34.0
143,81,27.0,34.0
143,81,27.0,34.0
143,81,27.0,34.0
143,81,27.0,34.0
143,82,27.0,34.0
143,82,27.0,34.0
143,82,27.0,34.0
143,82,27.0,34.0
143,82,27.0,34.0
143,82,27.0,34.0
143,82,27.0,34.0
143,82,27.0,34.0
143,82,27.0,34.0
143,82,27.0,34.0
143,82,27.0,34.0
143,81,27.0,34.0
143,81,27.0,34.0
143,81,27.0,34.0
143,81,27.0,34.0
143,81,27.0,34.0
143,81,27.0,34.0
143,81,27.0,34.0
143,81,27.0,34.0
143,81,27.0,34.0
143,81,27.0,34.0
143,81,27.0,34.0
143,80,27.0,34.0
143,80,27.0,34.0
143,80,27.0,34.0
143,80,27.0,34.0
143,80,27.0,34.0
143,79,27.0,34.0
143,79,27.0,34.0
143,79,27.0,34.0
143,79,27.0,34.0
143,78,27.0,34.0
143,78,27.0,34.0
142,78,27.0,34.0
142,78,27.0,34.0
142,77,27.0,34.0
142,77,27.0,34.0
142,77,27.0,34.0
142,77,27.0,34.0
142,76,27.0,34.0
142,76,27.0,34.0
142,76,27.0,34.0
142,76,27.0,34.0
142,76,27.0,34.0
142,75,27.0,34.0
141,75,27.0,34.0
141,75,27.0,34.0
141,75,27.0,34.0
140,75,27.0,34.0
139,75,27.0,34.0
138,75,27.0,34.0
137,75,27.0,34.0
135,75,27.0,34.0
133,75,27.0,34.0
131,76,27.0,34.0
127,77,27.0,34.0
126,77,27.0,34.0
124,77,27.0,34.0
122,77,27.0,34.0
120,78,27.0,34.0
118,78,27.0,34.0
116,78,27.0,34.0
113,78,27.0,34.0
111,78,27.0,34.0
108,77,27.0,34.0
105,77,27.0,34.0
104,77,27.0,34.0
102,77,27.0,34.0
101,77,27.0,34.0
100,77,27.0,34.0
99,77,27.0,34.0
99,77,27.0,34.0
98,77,27.0,34.0
98,77,27.0,34.0
98,77,27.0,34.0
97,78,27.0,34.0
97,78,27.0,34.0
97,78,27.0,34.0
97,78,27.0,34.0
97,79,27.0,34.0
97,79,27.0,34.0
97,79,27.0,34.0
98,80,27.0,34.0
98,80,27.0,34.0
98,80,27.0,34.0
99,82,27.0,34.0
99,82,27.0,34.0
100,83,27.0,34.0
100,83,27.0,34.0
100,84,27.0,34.0
100,84,27.0,34.0
99,84,27.0,34.0
98,84,27.0,34.0
97,84,27.0,34.0
96,84,27.0,34.0
93,84,27.0,34.0
93,84,27.0,34.0
91,84,27.0,34.0
90,84,27.0,34.0
88,84,27.0,34.0
86,84,27.0,34.0
84,84,27.0,34.0
82,84,27.0,34.0
80,84,27.0,34.0
77,84,27.0,34.0
72,84,27.0,34.0
72,84,27.0,34.0
69,84,27.0,34.0
66,84,27.0,34.0
63,84,27.0,34.0
60,84,27.0,34.0
56,84,27.0,34.0
53,84,27.0,34.0
50,84,27.0,34.0
47,84,27.0,34.0
42,84,27.0,34.0
41,84,27.0,34.0
39,84,27.0,34.0
37,84,27.0,34.0
34,84,27.0,34.0
32,84,27.0,34.0
30,84,27.0,34.0
28,84,27.0,34.0
26,84,27.0,34.0
24,84,27.0,34.0
21,85,27.0,34.0
21,85,27.0,34.0
19,85,27.0,34.0
18,85,27.0,34.0
16,85,27.0,34.0
15,84,27.0,34.0
14,84,27.0,34.0
13,84,27.0,34.0
12,84,27.0,34.0
11,84,27.0,34.0
10,84,27.0,34.0
10,84,27.0,34.0
9,84,27.0,34.0
9,84,27.0,34.0
9,83,27.0,34.0
9,83,27.0,34.0
9,83,27.0,34.0
9,83,27.0,34.0
9,83,27.0,34.0
9,83,27.0,34.0
9,83,27.0,34.0
9,83,27.0,34.0
9,83,27.0,34.0
9,83,27.0,34.0
9,83,27.0,34.0
10,83,27.0,34.0
10,83,27.0,34.0
11,83,27.0,34.0
12,83,27.0,34.0
13,83,27.0,34.0
15,84,27.0,34.0
16,84,27.0,34.0
17,84,27.0,34.0
19,85,27.0,34.0
22,86,27.0,34.0
25,87,27.0,34.0
28,88,27.0,34.0
31,90,27.0,34.0
34,92,27.0,34.0
38,94,27.0,34.0
45,98,27.0,34.0
45,99,27.0,34.0
48,101,27.0,34.0
52,104,27.0,34.0
55,106,27.0,34.0
58,109,27.0,34.0
61,111,27.0,34.0
64,114,27.0,34.0
66,116,27.0,34.0
69,118,27.0,34.0
73,122,27.0,34.0
74,123,27.0,34.0
76,124,27.0,34.0
78,126,27.0,34.0
80,127,27.0,34.0
82,128,27.0,34.0
84,129,27.0,34.0
85,131,27.0,34.0
87,132,27.0,34.0
88,133,27.0,34.0
91,134,27.0,34.0
92,134,27.0,34.0
93,135,27.0,34.0
94,135,27.0,34.0
96,136,27.0,34.0
97,136,27.0,34.0
99,137,27.0,34.0
100,137,27.0,34.0
102,138,27.0,34.0
103,139,27.0,34.0
106,140,27.0,34.0
106,140,27.0,34.0
107,140,27.0,34.0
108,140,27.0,34.0
109,139,27.0,34.0
109,138,27.0,34.0
109,137,27.0,34.0
110,136,27.0,34.0
110,134,27.0,34.0
110,133,27.0,34.0
111,131,27.0,34.0
111,130,27.0,34.0
111,129,27.0,34.0
112,128,27.0,34.0
113,127,27.0,34.0
113,127,27.0,34.0
114,126,27.0,34.0
115,125,27.0,34.0
116,124,27.0,34.0
116,123,27.0,34.0
118,122,27.0,34.0
118,122,27.0,34.0
119,121,27.0,34.0
119,121,27.0,34.0
120,121,27.0,34.0
120,120,27.0,34.0
120,119,27.0,34.0
120,119,27.0,34.0
120,118,27.0,34.0
120,118,27.0,34.0
120,118,27.0,34.0
120,118,27.0,34.0
120,118,27.0,34.0
121,117,27.0,34.0
121,117,27.0,34.0
122,116,27.0,34.0
123,116,27.0,34.0
124,116,27.0,34.0
125,115,27.0,34.0
126,115,27.0,34.0
130,114,27.0,34.0
131,114,27.0,34.0
133,113,27.0,34.0
136,112,27.0,34.0
139,111,27.0,34.0
142,110,27.0,34.0
145,108,27.0,34.0
147,106,27.0,34.0
148,102,27.0,34.0
148,99,27.0,34.0
148,95,27.0,34.0
147,94,27.0,34.0
147,92,27.0,34.0
147,91,27.0,34.0
147,90,27.0,34.0
146,90,27.0,34.0
146,89,27.0,34.0
146,89,27.0,34.0
145,89,27.0,34.0
145,89,27.0,34.0
145,89,27.0,34.0
145,89,27.0,34.0
145,89,27.0,34.0
145,89,27.0,34.0
145,89,27.0,34.0
145,89,27.0,34.0
145,89,27.0,34.0
145,89,27.0,34.0
145,89,27.0,34.0
145,89,27.0,34.0
146,89,27.0,34.0
146,89,27.0,34.0
146,89,27.0,34.0
146,89,27.0,34.0
146,89,27.0,34.0
146,89,27.0,34.0
146,89,27.0,34.0
146,89,27.0,34.0
146,89,27.0,34.0
146,89,27.0,34.0
146,89,27.0,34.0
146,89,27.0,34.0
146,89,27.0,34.0
146,89,27.0,34.0
146,89,27.0,34.0
146,89,27.0,34.0
146,89,27.0,34.0
146,89,27.0,34.0
145,89,27.0,34.0
145,89,27.0,34.0
145,89,27.0,34.0
145,89,27.0,34.0
145,89,27.0,34.0
145,89,27.0,34.0
145,89,27.0,34.0
145,89,27.0,34.0
145,89,27.0,34.0
145,89,27.0,34.0
145,89,27.0,34.0
145,89,27.0,34.0
145,89,27.0,34.0
145,89,27.0,34.0
145,89,27.0,34.0
145,89,27.0,34.0
145,89,27.0,34.0
145,89,27.0,34.0
145,89,27.0,34.0
145,89,27.0,34.0
145,89,27.0,34.0
145,89,27.0,34.0
145,89,27.0,34.0
145,89,27.0,34.0
145,89,27.0,34.0
145,89,27.0,34.0
145,89,27.0,34.0
145,89,27.0,34.0
145,89,27.0,34.0
145,89,27.0,34.0
145,89,27.0,34.0
145,89,27.0,34.0
145,89,27.0,34.0
145,89,27.0,34.0
145,89,27.0,34.0
145,89,27.0,34.0
145,89,27.0,34.0
145,89,27.0,34.0
145,89,27.0,34.0
145,89,27.0,34.0
145,89,27.0,34.0
145,89,27.0,34.0
145,89,27.0,34.0
145,89,27.0,34.0
145,89,27.0,34.0
145,89,27.0,34.0
145,89,27.0,34.0
145,89,27.0,34.0
145,89,27.0,34.0
145,89,27.0,34.0
145,89,27.0,34.0
145,89,27.0,34.0
145,89,27.0,34.0
145,89,27.0,34.0
145,89,27.0,34.0
145,89,27.0,34.0
145,89,27.0,34.0
145,89,27.0,34.0
145,89,27.0,34.0
145,89,27.0,34.0
145,89,27.0,34.0
145,89,27.0,34.0
145,89,27.0,34.0
145,89,27.0,34.0
145,89,27.0,34.0
145,89,27.0,34.0
145,89,27.0,34.0
145,89,27.0,34.0
145,89,27.0,34.0
145,89,27.0,34.0
145,89,27.0,34.0
145,89,27.0,34.0
145,89,27.0,34.0
145,89,27.0,34.0
145,89,27.0,34.0
145,89,27.0,34.0
145,89,27.0,34.0
145,89,27.0,34.0
145,89,27.0,34.0
145,89,27.0,34.0
145,89,27.0,34.0
145,89,27.0,34.0
145,89,27.0,34.0
145,89,27.0,34.0
145,89,27.0,34.0
145,89,27.0,34.0
145,89,27.0,34.0
145,89,27.0,34.0
145,89,27.0,34.0
