146,150,32,73
147,150,32.0,73.0
147,150,32.0,73.0
147,150,32.0,73.0
148,150,32.0,73.0
148,150,32.0,73.0
147,151,32.0,73.0
148,150,32.0,73.0
147,151,32.0,73.0
147,151,32.0,73.0
147,151,32.0,73.0
148,151,32.0,73.0
148,151,32.0,73.0
148,151,32.0,73.0
149,151,32.0,73.0
148,151,32.0,73.0
149,150,32.0,73.0
149,150,32.0,73.0
149,150,32.0,73.0
148,151,32.0,73.0
148,151,32.0,73.0
148,150,32.0,73.0
148,150,32.0,73.0
149,150,32.0,73.0
149,150,32.0,73.0
149,150,32.0,73.0
150,151,32.0,73.0
150,150,32.0,73.0
150,150,32.0,73.0
151,151,32.0,73.0
151,151,32.0,73.0
151,151,32.0,73.0
151,151,32.0,73.0
150,151,32.0,73.0
150,151,32.0,73.0
150,151,32.0,73.0
149,152,32.0,73.0
148,153,32.0,73.0
148,153,32.0,73.0
148,153,32.0,73.0
147,153,32.0,73.0
147,153,32.0,73.0
147,153,32.0,73.0
147,152,32.0,73.0
147,152,32.0,73.0
147,152,32.0,73.0
147,152,32.0,73.0
146,152,32.0,73.0
147,152,32.0,73.0
146,153,32.0,73.0
145,153,32.0,73.0
145,153,32.0,73.0
144,153,32.0,73.0
144,153,32.0,73.0
144,153,32.0,73.0
145,153,32.0,73.0
145,153,32.0,73.0
145,153,32.0,73.0
145,153,32.0,73.0
145,154,32.0,73.0
145,154,32.0,73.0
145,154,32.0,73.0
146,154,32.0,73.0
146,154,32.0,73.0
147,154,32.0,73.0
147,155,32.0,73.0
147,154,32.0,73.0
147,154,32.0,73.0
147,154,32.0,73.0
147,154,32.0,73.0
147,154,32.0,73.0
147,154,32.0,73.0
147,154,32.0,73.0
147,154,32.0,73.0
147,154,32.0,73.0
147,154,32.0,73.0
146,153,32.0,73.0
146,153,32.0,73.0
146,153,32.0,73.0
146,153,32.0,73.0
146,154,32.0,73.0
146,154,32.0,73.0
146,153,32.0,73.0
147,153,32.0,73.0
147,153,32.0,73.0
148,153,32.0,73.0
148,153,32.0,73.0
149,153,32.0,73.0
149,153,32.0,73.0
149,153,32.0,73.0
149,153,32.0,73.0
149,153,32.0,73.0
149,154,32.0,73.0
150,154,32.0,73.0
150,155,32.0,73.0
150,155,32.0,73.0
150,155,32.0,73.0
151,155,32.0,73.0
151,156,32.0,73.0
151,156,32.0,73.0
152,156,32.0,73.0
152,156,32.0,73.0
152,155,32.0,73.0
152,155,32.0,73.0
152,155,32.0,73.0
152,155,32.0,73.0
152,155,32.0,73.0
152,155,32.0,73.0
152,154,32.0,73.0
152,154,32.0,73.0
153,154,32.0,73.0
153,155,32.0,73.0
153,155,32.0,73.0
153,155,32.0,73.0
153,155,32.0,73.0
153,155,32.0,73.0
154,155,32.0,73.0
155,154,32.0,73.0
155,154,32.0,73.0
155,154,32.0,73.0
155,154,32.0,73.0
155,154,32.0,73.0
154,154,32.0,73.0
154,154,32.0,73.0
154,154,32.0,73.0
154,154,32.0,73.0
154,154,32.0,73.0
154,153,32.0,73.0
154,153,32.0,73.0
154,153,32.0,73.0
153,153,32.0,73.0
153,153,32.0,73.0
153,153,32.0,73.0
153,153,32.0,73.0
153,153,32.0,73.0
153,152,32.0,73.0
153,152,32.0,73.0
153,152,32.0,73.0
153,152,32.0,73.0
153,152,32.0,73.0
153,152,32.0,73.0
153,152,32.0,73.0
153,152,32.0,73.0
152,152,32.0,73.0
152,152,32.0,73.0
152,151,32.0,73.0
151,151,32.0,73.0
151,152,32.0,73.0
150,152,32.0,73.0
150,152,32.0,73.0
150,152,32.0,73.0
150,151,32.0,73.0
150,151,32.0,73.0
149,151,32.0,73.0
149,151,32.0,73.0
149,151,32.0,73.0
149,151,32.0,73.0
148,151,32.0,73.0
148,151,32.0,73.0
148,151,32.0,73.0
147,152,32.0,73.0
147,152,32.0,73.0
147,152,32.0,73.0
146,152,32.0,73.0
146,152,32.0,73.0
146,152,32.0,73.0
146,152,32.0,73.0
146,152,32.0,73.0
146,152,32.0,73.0
147,152,32.0,73.0
147,152,32.0,73.0
146,152,32.0,73.0
146,152,32.0,73.0
146,152,32.0,73.0
146,152,32.0,73.0
146,152,32.0,73.0
146,151,32.0,73.0
146,151,32.0,73.0
146,151,32.0,73.0
146,151,32.0,73.0
146,151,32.0,73.0
145,151,32.0,73.0
145,151,32.0,73.0
146,151,32.0,73.0
147,151,32.0,73.0
148,151,32.0,73.0
149,151,32.0,73.0
151,150,32.0,73.0
152,150,32.0,73.0
154,149,32.0,73.0
157,148,32.0,73.0
160,148,32.0,73.0
163,147,32.0,73.0
165,146,32.0,73.0
167,144,32.0,73.0
169,143,32.0,73.0
171,142,32.0,73.0
172,141,32.0,73.0
172,140,32.0,73.0
172,139,32.0,73.0
171,139,32.0,73.0
170,138,32.0,73.0
167,138,32.0,73.0
164,138,32.0,73.0
161,137,32.0,73.0
156,137,32.0,73.0
152,137,32.0,73.0
147,137,32.0,73.0
142,137,32.0,73.0
137,137,32.0,73.0
132,137,32.0,73.0
128,137,32.0,73.0
124,138,32.0,73.0
121,138,32.0,73.0
119,139,32.0,73.0
117,140,32.0,73.0
115,141,32.0,73.0
113,143,32.0,73.0
112,145,32.0,73.0
111,147,32.0,73.0
111,149,32.0,73.0
110,150,32.0,73.0
110,152,32.0,73.0
110,154,32.0,73.0
111,155,32.0,73.0
112,157,32.0,73.0
112,158,32.0,73.0
113,160,32.0,73.0
114,160,32.0,73.0
115,161,32.0,73.0
116,162,32.0,73.0
116,163,32.0,73.0
116,163,32.0,73.0
115,164,32.0,73.0
114,164,32.0,73.0
112,164,32.0,73.0
110,164,32.0,73.0
109,164,32.0,73.0
108,164,32.0,73.0
107,164,32.0,73.0
105,165,32.0,73.0
104,165,32.0,73.0
101,164,32.0,73.0
99,164,32.0,73.0
96,164,32.0,73.0
93,163,32.0,73.0
90,163,32.0,73.0
87,162,32.0,73.0
84,161,32.0,73.0
81,161,32.0,73.0
78,160,32.0,73.0
74,159,32.0,73.0
71,158,32.0,73.0
69,157,32.0,73.0
67,155,32.0,73.0
65,154,32.0,73.0
63,153,32.0,73.0
61,151,32.0,73.0
60,150,32.0,73.0
59,150,32.0,73.0
59,149,32.0,73.0
58,149,32.0,73.0
58,149,32.0,73.0
58,148,32.0,73.0
59,147,32.0,73.0
61,147,32.0,73.0
63,147,32.0,73.0
65,146,32.0,73.0
68,145,32.0,73.0
71,145,32.0,73.0
75,145,32.0,73.0
79,144,32.0,73.0
83,144,32.0,73.0
89,144,32.0,73.0
94,144,32.0,73.0
99,144,32.0,73.0
104,144,32.0,73.0
108,143,32.0,73.0
113,143,32.0,73.0
117,144,32.0,73.0
120,144,32.0,73.0
124,144,32.0,73.0
127,144,32.0,73.0
130,145,32.0,73.0
132,146,32.0,73.0
135,147,32.0,73.0
138,147,32.0,73.0
140,148,32.0,73.0
142,149,32.0,73.0
145,149,32.0,73.0
146,150,32.0,73.0
147,151,32.0,73.0
148,151,32.0,73.0
149,152,32.0,73.0
150,152,32.0,73.0
151,153,32.0,73.0
151,154,32.0,73.0
151,155,32.0,73.0
151,156,32.0,73.0
151,158,32.0,73.0
150,159,32.0,73.0
149,160,32.0,73.0
149,161,32.0,73.0
148,163,32.0,73.0
146,164,32.0,73.0
144,165,32.0,73.0
142,166,32.0,73.0
139,167,32.0,73.0
135,169,32.0,73.0
132,170,32.0,73.0
129,171,32.0,73.0
126,172,32.0,73.0
123,172,32.0,73.0
121,172,32.0,73.0
119,171,32.0,73.0
117,170,32.0,73.0
113,170,32.0,73.0
110,170,32.0,73.0
106,171,32.0,73.0
102,170,32.0,73.0
100,170,32.0,73.0
96,170,32.0,73.0
92,169,32.0,73.0
89,168,32.0,73.0
86,167,32.0,73.0
83,166,32.0,73.0
80,166,32.0,73.0
78,165,32.0,73.0
75,164,32.0,73.0
73,162,32.0,73.0
71,161,32.0,73.0
70,160,32.0,73.0
69,159,32.0,73.0
68,158,32.0,73.0
67,156,32.0,73.0
67,154,32.0,73.0
68,153,32.0,73.0
69,151,32.0,73.0
71,150,32.0,73.0
73,148,32.0,73.0
75,147,32.0,73.0
78,145,32.0,73.0
81,143,32.0,73.0
84,142,32.0,73.0
88,140,32.0,73.0
92,139,32.0,73.0
97,137,32.0,73.0
103,136,32.0,73.0
109,136,32.0,73.0
115,135,32.0,73.0
121,134,32.0,73.0
127,133,32.0,73.0
132,133,32.0,73.0
138,133,32.0,73.0
144,134,32.0,73.0
149,134,32.0,73.0
155,134,32.0,73.0
161,134,32.0,73.0
168,134,32.0,73.0
175,133,32.0,73.0
181,133,32.0,73.0
187,132,32.0,73.0
193,132,32.0,73.0
199,132,32.0,73.0
205,133,32.0,73.0
209,133,32.0,73.0
212,134,32.0,73.0
215,135,32.0,73.0
218,137,32.0,73.0
220,139,32.0,73.0
222,140,32.0,73.0
223,142,32.0,73.0
224,145,32.0,73.0
224,146,32.0,73.0
223,148,32.0,73.0
221,150,32.0,73.0
218,152,32.0,73.0
215,152,32.0,73.0
211,153,32.0,73.0
207,154,32.0,73.0
203,156,32.0,73.0
198,157,32.0,73.0
192,158,32.0,73.0
186,159,32.0,73.0
181,160,32.0,73.0
175,161,32.0,73.0
167,162,32.0,73.0
161,163,32.0,73.0
154,163,32.0,73.0
148,163,32.0,73.0
142,162,32.0,73.0
135,162,32.0,73.0
129,162,32.0,73.0
123,162,32.0,73.0
117,162,32.0,73.0
111,161,32.0,73.0
105,159,32.0,73.0
100,157,32.0,73.0
95,155,32.0,73.0
91,152,32.0,73.0
87,149,32.0,73.0
84,145,32.0,73.0
81,142,32.0,73.0
79,139,32.0,73.0
79,135,32.0,73.0
80,131,32.0,73.0
82,128,32.0,73.0
85,125,32.0,73.0
89,122,32.0,73.0
93,118,32.0,73.0
98,115,32.0,73.0
104,112,32.0,73.0
110,110,32.0,73.0
116,107,32.0,73.0
121,104,32.0,73.0
126,101,32.0,73.0
131,98,32.0,73.0
135,95,32.0,73.0
139,91,32.0,73.0
142,88,32.0,73.0
145,85,32.0,73.0
148,82,32.0,73.0
150,79,32.0,73.0
152,76,32.0,73.0
154,73,32.0,73.0
156,70,32.0,73.0
157,67,32.0,73.0
157,64,32.0,73.0
156,61,32.0,73.0
156,59,32.0,73.0
154,57,32.0,73.0
152,55,32.0,73.0
150,53,32.0,73.0
148,52,32.0,73.0
146,51,32.0,73.0
144,51,32.0,73.0
141,51,32.0,73.0
138,51,32.0,73.0
136,52,32.0,73.0
133,54,32.0,73.0
131,56,32.0,73.0
128,58,32.0,73.0
125,61,32.0,73.0
123,65,32.0,73.0
121,69,32.0,73.0
119,73,32.0,73.0
117,77,32.0,73.0
115,81,32.0,73.0
113,85,32.0,73.0
111,88,32.0,73.0
109,92,32.0,73.0
107,97,32.0,73.0
106,101,32.0,73.0
105,104,32.0,73.0
104,108,32.0,73.0
103,112,32.0,73.0
102,116,32.0,73.0
102,120,32.0,73.0
102,125,32.0,73.0
102,129,32.0,73.0
102,133,32.0,73.0
102,136,32.0,73.0
103,139,32.0,73.0
104,142,32.0,73.0
105,144,32.0,73.0
106,145,32.0,73.0
107,147,32.0,73.0
107,149,32.0,73.0
107,152,32.0,73.0
107,154,32.0,73.0
107,156,32.0,73.0
107,158,32.0,73.0
108,159,32.0,73.0
108,160,32.0,73.0
108,161,32.0,73.0
109,162,32.0,73.0
109,163,32.0,73.0
109,164,32.0,73.0
109,164,32.0,73.0
108,164,32.0,73.0
108,164,32.0,73.0
108,165,32.0,73.0
108,165,32.0,73.0
108,166,32.0,73.0
108,165,32.0,73.0
108,165,32.0,73.0
108,164,32.0,73.0
108,164,32.0,73.0
108,163,32.0,73.0
107,163,32.0,73.0
106,162,32.0,73.0
105,162,32.0,73.0
104,161,32.0,73.0
103,160,32.0,73.0
102,159,32.0,73.0
102,158,32.0,73.0
101,157,32.0,73.0
101,155,32.0,73.0
100,154,32.0,73.0
99,154,32.0,73.0
98,153,32.0,73.0
97,151,32.0,73.0
95,149,32.0,73.0
94,147,32.0,73.0
93,145,32.0,73.0
92,143,32.0,73.0
92,140,32.0,73.0
91,138,32.0,73.0
90,135,32.0,73.0
90,132,32.0,73.0
90,129,32.0,73.0
90,126,32.0,73.0
91,124,32.0,73.0
93,121,32.0,73.0
96,120,32.0,73.0
101,119,32.0,73.0
107,117,32.0,73.0
113,117,32.0,73.0
120,117,32.0,73.0
127,118,32.0,73.0
134,119,32.0,73.0
141,121,32.0,73.0
148,125,32.0,73.0
155,127,32.0,73.0
162,128,32.0,73.0
169,127,32.0,73.0
175,128,32.0,73.0
181,129,32.0,73.0
185,131,32.0,73.0
188,133,32.0,73.0
189,134,32.0,73.0
190,136,32.0,73.0
191,138,32.0,73.0
192,140,32.0,73.0
192,141,32.0,73.0
191,143,32.0,73.0
190,144,32.0,73.0
189,146,32.0,73.0
187,148,32.0,73.0
185,151,32.0,73.0
182,153,32.0,73.0
179,156,32.0,73.0
175,159,32.0,73.0
172,162,32.0,73.0
168,164,32.0,73.0
165,167,32.0,73.0
163,170,32.0,73.0
160,174,32.0,73.0
158,173,32.0,73.0
156,172,32.0,73.0
153,176,32.0,73.0
149,180,32.0,73.0
147,182,32.0,73.0
147,182,32.0,73.0
147,182,32.0,73.0
146,183,32.0,73.0
144,185,32.0,73.0
140,186,32.0,73.0
136,184,32.0,73.0
132,182,32.0,73.0
128,182,32.0,73.0
124,182,32.0,73.0
122,183,32.0,73.0
120,185,32.0,73.0
118,185,32.0,73.0
117,183,32.0,73.0
116,183,32.0,73.0
115,183,32.0,73.0
116,183,32.0,73.0
118,184,32.0,73.0
120,184,32.0,73.0
122,183,32.0,73.0
124,183,32.0,73.0
126,184,32.0,73.0
128,186,32.0,73.0
129,187,32.0,73.0
131,189,32.0,73.0
133,190,32.0,73.0
136,190,32.0,73.0
138,191,32.0,73.0
141,191,32.0,73.0
144,191,32.0,73.0
148,191,32.0,73.0
151,190,32.0,73.0
155,189,32.0,73.0
160,188,32.0,73.0
164,189,32.0,73.0
168,189,32.0,73.0
172,187,32.0,73.0
176,185,32.0,73.0
179,183,32.0,73.0
182,178,32.0,73.0
184,174,32.0,73.0
185,171,32.0,73.0
186,169,32.0,73.0
185,168,32.0,73.0
184,167,32.0,73.0
183,166,32.0,73.0
182,164,32.0,73.0
182,163,32.0,73.0
181,162,32.0,73.0
180,161,32.0,73.0
178,160,32.0,73.0
176,160,32.0,73.0
173,160,32.0,73.0
170,160,32.0,73.0
166,161,32.0,73.0
163,162,32.0,73.0
160,163,32.0,73.0
156,163,32.0,73.0
153,164,32.0,73.0
150,165,32.0,73.0
147,167,32.0,73.0
144,168,32.0,73.0
143,170,32.0,73.0
142,173,32.0,73.0
142,175,32.0,73.0
143,178,32.0,73.0
144,180,32.0,73.0
146,183,32.0,73.0
147,186,32.0,73.0
148,187,32.0,73.0
150,188,32.0,73.0
151,190,32.0,73.0
152,190,32.0,73.0
154,190,32.0,73.0
156,190,32.0,73.0
157,190,32.0,73.0
159,191,32.0,73.0
161,191,32.0,73.0
164,191,32.0,73.0
167,191,32.0,73.0
169,191,32.0,73.0
172,190,32.0,73.0
175,189,32.0,73.0
177,188,32.0,73.0
180,187,32.0,73.0
184,186,32.0,73.0
187,186,32.0,73.0
190,185,32.0,73.0
193,184,32.0,73.0
196,183,32.0,73.0
198,181,32.0,73.0
201,179,32.0,73.0
204,178,32.0,73.0
207,177,32.0,73.0
210,176,32.0,73.0
213,175,32.0,73.0
217,172,32.0,73.0
219,169,32.0,73.0
221,168,32.0,73.0
222,167,32.0,73.0
223,167,32.0,73.0
223,166,32.0,73.0
224,166,32.0,73.0
225,165,32.0,73.0
226,164,32.0,73.0
227,163,32.0,73.0
228,163,32.0,73.0
229,162,32.0,73.0
230,160,32.0,73.0
231,159,32.0,73.0
232,157,32.0,73.0
233,156,32.0,73.0
234,154,32.0,73.0
235,153,32.0,73.0
236,153,32.0,73.0
236,152,32.0,73.0
236,150,32.0,73.0
236,149,32.0,73.0
235,149,32.0,73.0
234,147,32.0,73.0
232,146,32.0,73.0
229,145,32.0,73.0
226,145,32.0,73.0
223,144,32.0,73.0
220,142,32.0,73.0
216,141,32.0,73.0
213,140,32.0,73.0
209,138,32.0,73.0
205,137,32.0,73.0
201,135,32.0,73.0
196,134,32.0,73.0
191,134,32.0,73.0
186,134,32.0,73.0
180,134,32.0,73.0
174,133,32.0,73.0
170,133,32.0,73.0
165,133,32.0,73.0
161,132,32.0,73.0
157,132,32.0,73.0
152,131,32.0,73.0
148,131,32.0,73.0
143,131,32.0,73.0
139,131,32.0,73.0
135,130,32.0,73.0
131,130,32.0,73.0
128,129,32.0,73.0
126,129,32.0,73.0
124,129,32.0,73.0
123,129,32.0,73.0
121,130,32.0,73.0
120,130,32.0,73.0
119,131,32.0,73.0
118,132,32.0,73.0
118,134,32.0,73.0
119,136,32.0,73.0
119,137,32.0,73.0
120,139,32.0,73.0
121,140,32.0,73.0
123,142,32.0,73.0
124,144,32.0,73.0
127,147,32.0,73.0
129,150,32.0,73.0
132,153,32.0,73.0
134,156,32.0,73.0
137,159,32.0,73.0
140,162,32.0,73.0
142,164,32.0,73.0
145,166,32.0,73.0
147,168,32.0,73.0
149,169,32.0,73.0
151,170,32.0,73.0
153,169,32.0,73.0
155,168,32.0,73.0
158,167,32.0,73.0
160,165,32.0,73.0
162,163,32.0,73.0
164,160,32.0,73.0
166,156,32.0,73.0
168,153,32.0,73.0
171,149,32.0,73.0
173,144,32.0,73.0
175,139,32.0,73.0
177,134,32.0,73.0
178,129,32.0,73.0
180,124,32.0,73.0
180,119,32.0,73.0
181,114,32.0,73.0
181,108,32.0,73.0
182,102,32.0,73.0
182,96,32.0,73.0
181,90,32.0,73.0
180,85,32.0,73.0
179,79,32.0,73.0
177,74,32.0,73.0
175,70,32.0,73.0
173,65,32.0,73.0
170,62,32.0,73.0
167,59,32.0,73.0
163,57,32.0,73.0
159,56,32.0,73.0
155,55,32.0,73.0
151,55,32.0,73.0
147,56,32.0,73.0
143,57,32.0,73.0
139,58,32.0,73.0
134,59,32.0,73.0
129,61,32.0,73.0
124,63,32.0,73.0
120,65,32.0,73.0
116,68,32.0,73.0
112,71,32.0,73.0
109,74,32.0,73.0
106,78,32.0,73.0
104,83,32.0,73.0
103,88,32.0,73.0
102,93,32.0,73.0
102,99,32.0,73.0
102,104,32.0,73.0
102,110,32.0,73.0
102,115,32.0,73.0
103,121,32.0,73.0
103,127,32.0,73.0
104,132,32.0,73.0
105,137,32.0,73.0
106,142,32.0,73.0
108,146,32.0,73.0
110,150,32.0,73.0
112,154,32.0,73.0
114,157,32.0,73.0
116,161,32.0,73.0
119,164,32.0,73.0
122,168,32.0,73.0
125,172,32.0,73.0
128,175,32.0,73.0
132,178,32.0,73.0
135,180,32.0,73.0
138,183,32.0,73.0
142,185,32.0,73.0
146,187,32.0,73.0
149,188,32.0,73.0
153,189,32.0,73.0
157,189,32.0,73.0
161,189,32.0,73.0
165,188,32.0,73.0
169,187,32.0,73.0
172,186,32.0,73.0
176,184,32.0,73.0
179,183,32.0,73.0
182,181,32.0,73.0
184,179,32.0,73.0
187,177,32.0,73.0
189,174,32.0,73.0
189,171,32.0,73.0
190,167,32.0,73.0
191,163,32.0,73.0
191,162,32.0,73.0
191,160,32.0,73.0
191,157,32.0,73.0
192,154,32.0,73.0
192,150,32.0,73.0
192,145,32.0,73.0
193,141,32.0,73.0
193,136,32.0,73.0
192,132,32.0,73.0
191,129,32.0,73.0
189,126,32.0,73.0
187,122,32.0,73.0
184,119,32.0,73.0
181,116,32.0,73.0
178,114,32.0,73.0
174,113,32.0,73.0
171,113,32.0,73.0
168,113,32.0,73.0
165,115,32.0,73.0
163,118,32.0,73.0
161,123,32.0,73.0
159,129,32.0,73.0
157,134,32.0,73.0
156,139,32.0,73.0
155,143,32.0,73.0
154,143,32.0,73.0
153,141,32.0,73.0
154,136,32.0,73.0
154,130,32.0,73.0
154,123,32.0,73.0
154,116,32.0,73.0
154,110,32.0,73.0
153,106,32.0,73.0
151,105,32.0,73.0
149,105,32.0,73.0
146,107,32.0,73.0
142,110,32.0,73.0
139,115,32.0,73.0
136,120,32.0,73.0
134,125,32.0,73.0
132,129,32.0,73.0
131,132,32.0,73.0
131,133,32.0,73.0
131,133,32.0,73.0
131,131,32.0,73.0
131,128,32.0,73.0
131,123,32.0,73.0
131,117,32.0,73.0
130,111,32.0,73.0
130,107,32.0,73.0
129,103,32.0,73.0
128,101,32.0,73.0
128,100,32.0,73.0
127,101,32.0,73.0
127,103,32.0,73.0
127,108,32.0,73.0
128,113,32.0,73.0
130,118,32.0,73.0
132,124,32.0,73.0
134,128,32.0,73.0
137,131,32.0,73.0
140,133,32.0,73.0
143,132,32.0,73.0
146,129,32.0,73.0
149,124,32.0,73.0
153,118,32.0,73.0
156,110,32.0,73.0
159,102,32.0,73.0
161,94,32.0,73.0
163,87,32.0,73.0
164,81,32.0,73.0
164,78,32.0,73.0
163,76,32.0,73.0
161,77,32.0,73.0
160,79,32.0,73.0
159,83,32.0,73.0
158,89,32.0,73.0
158,95,32.0,73.0
158,100,32.0,73.0
159,104,32.0,73.0
161,106,32.0,73.0
163,107,32.0,73.0
164,106,32.0,73.0
166,103,32.0,73.0
167,98,32.0,73.0
168,91,32.0,73.0
168,85,32.0,73.0
167,79,32.0,73.0
166,75,32.0,73.0
164,73,32.0,73.0
161,75,32.0,73.0
160,79,32.0,73.0
159,86,32.0,73.0
158,94,32.0,73.0
158,103,32.0,73.0
158,111,32.0,73.0
158,118,32.0,73.0
159,122,32.0,73.0
160,122,32.0,73.0
162,120,32.0,73.0
163,115,32.0,73.0
164,108,32.0,73.0
165,100,32.0,73.0
165,92,32.0,73.0
163,85,32.0,73.0
160,79,32.0,73.0
157,75,32.0,73.0
154,72,32.0,73.0
151,72,32.0,73.0
149,73,32.0,73.0
147,77,32.0,73.0
146,83,32.0,73.0
146,89,32.0,73.0
146,95,32.0,73.0
148,100,32.0,73.0
149,104,32.0,73.0
150,108,32.0,73.0
152,111,32.0,73.0
153,114,32.0,73.0
156,116,32.0,73.0
159,117,32.0,73.0
163,116,32.0,73.0
169,115,32.0,73.0
175,113,32.0,73.0
182,110,32.0,73.0
190,106,32.0,73.0
198,102,32.0,73.0
207,98,32.0,73.0
215,94,32.0,73.0
223,91,32.0,73.0
230,89,32.0,73.0
235,89,32.0,73.0
238,90,32.0,73.0
240,91,32.0,73.0
240,93,32.0,73.0
238,95,32.0,73.0
234,98,32.0,73.0
230,101,32.0,73.0
225,105,32.0,73.0
219,108,32.0,73.0
213,111,32.0,73.0
206,115,32.0,73.0
198,118,32.0,73.0
190,122,32.0,73.0
183,126,32.0,73.0
176,130,32.0,73.0
170,135,32.0,73.0
164,139,32.0,73.0
159,144,32.0,73.0
156,148,32.0,73.0
153,152,32.0,73.0
150,155,32.0,73.0
149,159,32.0,73.0
149,163,32.0,73.0
149,166,32.0,73.0
150,168,32.0,73.0
152,170,32.0,73.0
155,171,32.0,73.0
158,172,32.0,73.0
160,173,32.0,73.0
163,173,32.0,73.0
166,172,32.0,73.0
169,171,32.0,73.0
173,169,32.0,73.0
176,167,32.0,73.0
179,164,32.0,73.0
182,161,32.0,73.0
184,158,32.0,73.0
186,154,32.0,73.0
187,151,32.0,73.0
188,147,32.0,73.0
188,143,32.0,73.0
187,139,32.0,73.0
186,135,32.0,73.0
184,131,32.0,73.0
181,127,32.0,73.0
178,123,32.0,73.0
175,119,32.0,73.0
171,116,32.0,73.0
167,114,32.0,73.0
163,112,32.0,73.0
160,111,32.0,73.0
156,111,32.0,73.0
153,111,32.0,73.0
151,112,32.0,73.0
149,113,32.0,73.0
148,115,32.0,73.0
148,116,32.0,73.0
148,118,32.0,73.0
148,119,32.0,73.0
149,121,32.0,73.0
150,123,32.0,73.0
152,125,32.0,73.0
153,126,32.0,73.0
155,128,32.0,73.0
157,130,32.0,73.0
160,131,32.0,73.0
162,133,32.0,73.0
166,134,32.0,73.0
170,135,32.0,73.0
173,137,32.0,73.0
178,138,32.0,73.0
183,138,32.0,73.0
188,138,32.0,73.0
193,137,32.0,73.0
198,137,32.0,73.0
204,137,32.0,73.0
209,137,32.0,73.0
215,136,32.0,73.0
220,135,32.0,73.0
225,134,32.0,73.0
229,132,32.0,73.0
233,131,32.0,73.0
236,130,32.0,73.0
237,130,32.0,73.0
238,129,32.0,73.0
237,129,32.0,73.0
236,129,32.0,73.0
233,129,32.0,73.0
231,129,32.0,73.0
227,130,32.0,73.0
223,130,32.0,73.0
218,130,32.0,73.0
213,129,32.0,73.0
207,129,32.0,73.0
201,129,32.0,73.0
195,129,32.0,73.0
190,129,32.0,73.0
184,129,32.0,73.0
178,129,32.0,73.0
172,130,32.0,73.0
166,130,32.0,73.0
161,131,32.0,73.0
155,132,32.0,73.0
149,133,32.0,73.0
144,133,32.0,73.0
138,135,32.0,73.0
133,137,32.0,73.0
129,138,32.0,73.0
124,140,32.0,73.0
120,142,32.0,73.0
116,144,32.0,73.0
113,145,32.0,73.0
110,148,32.0,73.0
107,149,32.0,73.0
105,152,32.0,73.0
104,154,32.0,73.0
103,156,32.0,73.0
103,158,32.0,73.0
104,159,32.0,73.0
105,161,32.0,73.0
107,163,32.0,73.0
109,164,32.0,73.0
112,165,32.0,73.0
115,167,32.0,73.0
118,168,32.0,73.0
122,170,32.0,73.0
127,171,32.0,73.0
131,172,32.0,73.0
136,174,32.0,73.0
142,175,32.0,73.0
147,176,32.0,73.0
153,176,32.0,73.0
158,176,32.0,73.0
163,176,32.0,73.0
168,176,32.0,73.0
173,176,32.0,73.0
178,176,32.0,73.0
183,175,32.0,73.0
188,174,32.0,73.0
194,172,32.0,73.0
199,172,32.0,73.0
206,171,32.0,73.0
213,170,32.0,73.0
218,168,32.0,73.0
224,166,32.0,73.0
229,164,32.0,73.0
234,163,32.0,73.0
239,162,32.0,73.0
244,161,32.0,73.0
249,159,32.0,73.0
253,158,32.0,73.0
256,157,32.0,73.0
259,155,32.0,73.0
262,153,32.0,73.0
264,152,32.0,73.0
267,150,32.0,73.0
269,147,32.0,73.0
270,145,32.0,73.0
271,143,32.0,73.0
271,141,32.0,73.0
271,140,32.0,73.0
270,139,32.0,73.0
269,137,32.0,73.0
267,136,32.0,73.0
264,134,32.0,73.0
261,133,32.0,73.0
258,133,32.0,73.0
254,132,32.0,73.0
251,132,32.0,73.0
247,132,32.0,73.0
242,132,32.0,73.0
238,131,32.0,73.0
234,131,32.0,73.0
230,131,32.0,73.0
226,131,32.0,73.0
222,131,32.0,73.0
217,132,32.0,73.0
212,133,32.0,73.0
206,134,32.0,73.0
201,134,32.0,73.0
196,135,32.0,73.0
191,135,32.0,73.0
186,136,32.0,73.0
180,136,32.0,73.0
175,136,32.0,73.0
170,136,32.0,73.0
166,136,32.0,73.0
162,137,32.0,73.0
157,138,32.0,73.0
153,139,32.0,73.0
150,140,32.0,73.0
147,142,32.0,73.0
144,144,32.0,73.0
141,145,32.0,73.0
138,147,32.0,73.0
136,149,32.0,73.0
134,150,32.0,73.0
133,152,32.0,73.0
132,154,32.0,73.0
131,156,32.0,73.0
131,158,32.0,73.0
130,160,32.0,73.0
130,162,32.0,73.0
130,164,32.0,73.0
131,165,32.0,73.0
132,167,32.0,73.0
134,168,32.0,73.0
136,170,32.0,73.0
138,170,32.0,73.0
141,171,32.0,73.0
145,171,32.0,73.0
149,171,32.0,73.0
154,172,32.0,73.0
158,171,32.0,73.0
162,171,32.0,73.0
166,171,32.0,73.0
169,171,32.0,73.0
172,171,32.0,73.0
175,171,32.0,73.0
178,170,32.0,73.0
181,169,32.0,73.0
185,167,32.0,73.0
188,165,32.0,73.0
191,163,32.0,73.0
194,161,32.0,73.0
196,159,32.0,73.0
198,157,32.0,73.0
201,154,32.0,73.0
203,152,32.0,73.0
204,149,32.0,73.0
206,146,32.0,73.0
208,142,32.0,73.0
209,138,32.0,73.0
210,133,32.0,73.0
211,128,32.0,73.0
212,123,32.0,73.0
213,119,32.0,73.0
212,115,32.0,73.0
212,110,32.0,73.0
211,106,32.0,73.0
210,101,32.0,73.0
208,97,32.0,73.0
206,92,32.0,73.0
205,87,32.0,73.0
203,83,32.0,73.0
200,79,32.0,73.0
196,76,32.0,73.0
192,73,32.0,73.0
188,70,32.0,73.0
183,69,32.0,73.0
178,68,32.0,73.0
172,68,32.0,73.0
166,69,32.0,73.0
160,71,32.0,73.0
154,73,32.0,73.0
148,77,32.0,73.0
142,82,32.0,73.0
137,87,32.0,73.0
132,92,32.0,73.0
127,98,32.0,73.0
123,105,32.0,73.0
119,111,32.0,73.0
115,117,32.0,73.0
112,122,32.0,73.0
109,128,32.0,73.0
107,134,32.0,73.0
105,140,32.0,73.0
104,145,32.0,73.0
104,150,32.0,73.0
105,154,32.0,73.0
106,158,32.0,73.0
108,161,32.0,73.0
110,164,32.0,73.0
113,167,32.0,73.0
116,169,32.0,73.0
119,171,32.0,73.0
122,172,32.0,73.0
125,174,32.0,73.0
128,175,32.0,73.0
131,176,32.0,73.0
135,177,32.0,73.0
138,177,32.0,73.0
141,178,32.0,73.0
144,179,32.0,73.0
147,180,32.0,73.0
150,180,32.0,73.0
153,181,32.0,73.0
156,182,32.0,73.0
158,182,32.0,73.0
160,183,32.0,73.0
162,183,32.0,73.0
163,183,32.0,73.0
164,182,32.0,73.0
164,181,32.0,73.0
164,180,32.0,73.0
164,179,32.0,73.0
164,178,32.0,73.0
164,176,32.0,73.0
164,174,32.0,73.0
163,171,32.0,73.0
163,168,32.0,73.0
162,165,32.0,73.0
162,162,32.0,73.0
162,157,32.0,73.0
162,153,32.0,73.0
162,149,32.0,73.0
163,144,32.0,73.0
163,139,32.0,73.0
164,134,32.0,73.0
165,129,32.0,73.0
166,125,32.0,73.0
167,120,32.0,73.0
168,116,32.0,73.0
168,112,32.0,73.0
169,109,32.0,73.0
170,106,32.0,73.0
171,103,32.0,73.0
171,101,32.0,73.0
172,100,32.0,73.0
172,99,32.0,73.0
173,98,32.0,73.0
173,99,32.0,73.0
174,99,32.0,73.0
174,100,32.0,73.0
173,101,32.0,73.0
173,102,32.0,73.0
173,103,32.0,73.0
173,104,32.0,73.0
172,106,32.0,73.0
172,107,32.0,73.0
171,108,32.0,73.0
170,109,32.0,73.0
169,111,32.0,73.0
168,113,32.0,73.0
167,115,32.0,73.0
166,117,32.0,73.0
165,119,32.0,73.0
164,121,32.0,73.0
163,123,32.0,73.0
162,125,32.0,73.0
161,128,32.0,73.0
160,130,32.0,73.0
159,132,32.0,73.0
159,135,32.0,73.0
158,137,32.0,73.0
158,139,32.0,73.0
158,141,32.0,73.0
158,143,32.0,73.0
158,146,32.0,73.0
158,148,32.0,73.0
159,150,32.0,73.0
159,152,32.0,73.0
160,154,32.0,73.0
161,157,32.0,73.0
162,159,32.0,73.0
163,160,32.0,73.0
164,161,32.0,73.0
164,162,32.0,73.0
165,163,32.0,73.0
166,163,32.0,73.0
167,163,32.0,73.0
168,163,32.0,73.0
170,162,32.0,73.0
171,162,32.0,73.0
172,161,32.0,73.0
174,161,32.0,73.0
177,160,32.0,73.0
179,159,32.0,73.0
182,158,32.0,73.0
185,156,32.0,73.0
188,155,32.0,73.0
191,153,32.0,73.0
195,151,32.0,73.0
198,149,32.0,73.0
202,147,32.0,73.0
205,146,32.0,73.0
208,145,32.0,73.0
211,144,32.0,73.0
215,144,32.0,73.0
218,143,32.0,73.0
221,141,32.0,73.0
223,141,32.0,73.0
226,141,32.0,73.0
229,141,32.0,73.0
232,141,32.0,73.0
234,140,32.0,73.0
236,140,32.0,73.0
238,140,32.0,73.0
240,139,32.0,73.0
242,139,32.0,73.0
244,138,32.0,73.0
244,137,32.0,73.0
244,138,32.0,73.0
243,139,32.0,73.0
242,139,32.0,73.0
241,138,32.0,73.0
239,139,32.0,73.0
237,139,32.0,73.0
235,140,32.0,73.0
233,140,32.0,73.0
231,140,32.0,73.0
229,140,32.0,73.0
228,140,32.0,73.0
226,140,32.0,73.0
223,142,32.0,73.0
220,143,32.0,73.0
217,144,32.0,73.0
213,146,32.0,73.0
210,147,32.0,73.0
206,148,32.0,73.0
202,149,32.0,73.0
198,149,32.0,73.0
194,150,32.0,73.0
190,151,32.0,73.0
185,151,32.0,73.0
182,151,32.0,73.0
178,152,32.0,73.0
176,152,32.0,73.0
174,153,32.0,73.0
171,154,32.0,73.0
168,155,32.0,73.0
165,156,32.0,73.0
163,155,32.0,73.0
160,155,32.0,73.0
158,156,32.0,73.0
155,156,32.0,73.0
153,155,32.0,73.0
150,155,32.0,73.0
146,155,32.0,73.0
144,154,32.0,73.0
142,154,32.0,73.0
140,154,32.0,73.0
138,155,32.0,73.0
137,155,32.0,73.0
136,154,32.0,73.0
135,154,32.0,73.0
134,154,32.0,73.0
133,154,32.0,73.0
132,154,32.0,73.0
131,154,32.0,73.0
129,154,32.0,73.0
128,153,32.0,73.0
128,153,32.0,73.0
129,152,32.0,73.0
130,151,32.0,73.0
132,150,32.0,73.0
135,149,32.0,73.0
138,149,32.0,73.0
141,148,32.0,73.0
144,148,32.0,73.0
148,148,32.0,73.0
153,148,32.0,73.0
159,148,32.0,73.0
164,148,32.0,73.0
170,147,32.0,73.0
176,145,32.0,73.0
181,144,32.0,73.0
185,143,32.0,73.0
190,142,32.0,73.0
194,141,32.0,73.0
200,139,32.0,73.0
205,138,32.0,73.0
210,137,32.0,73.0
215,136,32.0,73.0
220,135,32.0,73.0
224,134,32.0,73.0
229,133,32.0,73.0
233,132,32.0,73.0
237,132,32.0,73.0
240,132,32.0,73.0
243,132,32.0,73.0
246,132,32.0,73.0
249,132,32.0,73.0
252,132,32.0,73.0
255,132,32.0,73.0
257,132,32.0,73.0
259,131,32.0,73.0
260,130,32.0,73.0
260,128,32.0,73.0
260,126,32.0,73.0
259,123,32.0,73.0
256,121,32.0,73.0
253,119,32.0,73.0
249,117,32.0,73.0
244,116,32.0,73.0
239,116,32.0,73.0
234,115,32.0,73.0
229,114,32.0,73.0
223,114,32.0,73.0
218,114,32.0,73.0
212,114,32.0,73.0
205,114,32.0,73.0
198,115,32.0,73.0
192,115,32.0,73.0
186,115,32.0,73.0
180,115,32.0,73.0
174,115,32.0,73.0
167,116,32.0,73.0
161,117,32.0,73.0
155,118,32.0,73.0
150,119,32.0,73.0
144,120,32.0,73.0
139,121,32.0,73.0
135,122,32.0,73.0
130,124,32.0,73.0
125,125,32.0,73.0
121,126,32.0,73.0
116,127,32.0,73.0
112,127,32.0,73.0
109,128,32.0,73.0
107,129,32.0,73.0
105,130,32.0,73.0
103,131,32.0,73.0
103,132,32.0,73.0
103,133,32.0,73.0
104,134,32.0,73.0
106,136,32.0,73.0
108,138,32.0,73.0
111,139,32.0,73.0
113,141,32.0,73.0
116,142,32.0,73.0
117,144,32.0,73.0
118,146,32.0,73.0
119,149,32.0,73.0
119,151,32.0,73.0
119,153,32.0,73.0
117,155,32.0,73.0
115,156,32.0,73.0
112,157,32.0,73.0
109,158,32.0,73.0
105,159,32.0,73.0
103,160,32.0,73.0
100,160,32.0,73.0
99,159,32.0,73.0
98,159,32.0,73.0
98,160,32.0,73.0
98,160,32.0,73.0
99,161,32.0,73.0
100,162,32.0,73.0
102,163,32.0,73.0
105,164,32.0,73.0
108,166,32.0,73.0
112,168,32.0,73.0
117,170,32.0,73.0
122,171,32.0,73.0
128,173,32.0,73.0
134,174,32.0,73.0
139,176,32.0,73.0
145,177,32.0,73.0
151,178,32.0,73.0
157,178,32.0,73.0
163,179,32.0,73.0
168,179,32.0,73.0
174,179,32.0,73.0
180,179,32.0,73.0
185,178,32.0,73.0
191,177,32.0,73.0
196,175,32.0,73.0
201,173,32.0,73.0
205,172,32.0,73.0
211,169,32.0,73.0
216,166,32.0,73.0
221,163,32.0,73.0
226,161,32.0,73.0
230,158,32.0,73.0
233,156,32.0,73.0
237,153,32.0,73.0
241,150,32.0,73.0
244,146,32.0,73.0
247,143,32.0,73.0
249,140,32.0,73.0
250,138,32.0,73.0
250,135,32.0,73.0
248,133,32.0,73.0
246,130,32.0,73.0
244,128,32.0,73.0
241,126,32.0,73.0
238,124,32.0,73.0
235,121,32.0,73.0
231,120,32.0,73.0
226,119,32.0,73.0
222,119,32.0,73.0
217,119,32.0,73.0
211,120,32.0,73.0
205,121,32.0,73.0
199,123,32.0,73.0
193,125,32.0,73.0
188,127,32.0,73.0
183,129,32.0,73.0
180,132,32.0,73.0
176,135,32.0,73.0
173,138,32.0,73.0
172,142,32.0,73.0
171,146,32.0,73.0
171,149,32.0,73.0
171,153,32.0,73.0
172,156,32.0,73.0
173,160,32.0,73.0
175,164,32.0,73.0
177,167,32.0,73.0
179,170,32.0,73.0
182,173,32.0,73.0
185,174,32.0,73.0
189,176,32.0,73.0
192,177,32.0,73.0
195,176,32.0,73.0
197,175,32.0,73.0
198,174,32.0,73.0
199,172,32.0,73.0
200,169,32.0,73.0
201,165,32.0,73.0
202,162,32.0,73.0
202,157,32.0,73.0
202,152,32.0,73.0
202,148,32.0,73.0
202,143,32.0,73.0
202,138,32.0,73.0
202,132,32.0,73.0
202,127,32.0,73.0
202,122,32.0,73.0
201,118,32.0,73.0
200,113,32.0,73.0
198,108,32.0,73.0
196,104,32.0,73.0
194,100,32.0,73.0
192,96,32.0,73.0
189,93,32.0,73.0
185,89,32.0,73.0
180,85,32.0,73.0
175,82,32.0,73.0
169,80,32.0,73.0
164,78,32.0,73.0
158,77,32.0,73.0
152,75,32.0,73.0
146,74,32.0,73.0
140,74,32.0,73.0
133,73,32.0,73.0
127,73,32.0,73.0
120,74,32.0,73.0
114,74,32.0,73.0
108,75,32.0,73.0
103,77,32.0,73.0
97,78,32.0,73.0
91,80,32.0,73.0
85,82,32.0,73.0
79,85,32.0,73.0
74,89,32.0,73.0
70,93,32.0,73.0
67,97,32.0,73.0
65,101,32.0,73.0
64,105,32.0,73.0
65,109,32.0,73.0
66,113,32.0,73.0
68,116,32.0,73.0
72,121,32.0,73.0
76,126,32.0,73.0
82,130,32.0,73.0
90,134,32.0,73.0
99,139,32.0,73.0
107,142,32.0,73.0
115,147,32.0,73.0
125,151,32.0,73.0
135,154,32.0,73.0
145,156,32.0,73.0
155,158,32.0,73.0
164,160,32.0,73.0
174,162,32.0,73.0
184,163,32.0,73.0
194,165,32.0,73.0
204,166,32.0,73.0
213,168,32.0,73.0
222,168,32.0,73.0
229,168,32.0,73.0
235,168,32.0,73.0
238,168,32.0,73.0
240,167,32.0,73.0
240,167,32.0,73.0
239,166,32.0,73.0
236,165,32.0,73.0
233,165,32.0,73.0
228,164,32.0,73.0
223,164,32.0,73.0
217,163,32.0,73.0
211,162,32.0,73.0
204,161,32.0,73.0
197,160,32.0,73.0
190,160,32.0,73.0
183,160,32.0,73.0
176,159,32.0,73.0
170,159,32.0,73.0
164,160,32.0,73.0
159,160,32.0,73.0
155,161,32.0,73.0
151,163,32.0,73.0
148,165,32.0,73.0
146,168,32.0,73.0
144,173,32.0,73.0
143,177,32.0,73.0
144,182,32.0,73.0
146,186,32.0,73.0
148,192,32.0,73.0
152,197,32.0,73.0
155,201,32.0,73.0
159,205,32.0,73.0
163,208,32.0,73.0
168,211,32.0,73.0
173,214,32.0,73.0
179,215,32.0,73.0
186,215,32.0,73.0
193,213,32.0,73.0
200,211,32.0,73.0
206,209,32.0,73.0
212,206,32.0,73.0
218,204,32.0,73.0
224,202,32.0,73.0
228,199,32.0,73.0
232,196,32.0,73.0
236,192,32.0,73.0
238,189,32.0,73.0
240,185,32.0,73.0
242,180,32.0,73.0
244,176,32.0,73.0
245,172,32.0,73.0
246,168,32.0,73.0
246,165,32.0,73.0
246,161,32.0,73.0
245,158,32.0,73.0
245,155,32.0,73.0
245,151,32.0,73.0
245,147,32.0,73.0
245,143,32.0,73.0
244,139,32.0,73.0
244,136,32.0,73.0
242,132,32.0,73.0
241,129,32.0,73.0
238,126,32.0,73.0
235,123,32.0,73.0
232,120,32.0,73.0
229,118,32.0,73.0
225,115,32.0,73.0
221,114,32.0,73.0
217,111,32.0,73.0
212,109,32.0,73.0
207,107,32.0,73.0
202,106,32.0,73.0
197,106,32.0,73.0
192,106,32.0,73.0
187,105,32.0,73.0
183,105,32.0,73.0
179,105,32.0,73.0
175,107,32.0,73.0
172,108,32.0,73.0
168,110,32.0,73.0
165,113,32.0,73.0
162,116,32.0,73.0
160,119,32.0,73.0
158,123,32.0,73.0
157,127,32.0,73.0
157,131,32.0,73.0
156,135,32.0,73.0
156,139,32.0,73.0
155,142,32.0,73.0
154,145,32.0,73.0
154,148,32.0,73.0
154,151,32.0,73.0
153,153,32.0,73.0
153,156,32.0,73.0
153,158,32.0,73.0
153,160,32.0,73.0
154,162,32.0,73.0
154,165,32.0,73.0
154,168,32.0,73.0
155,172,32.0,73.0
155,177,32.0,73.0
158,181,32.0,73.0
162,184,32.0,73.0
163,183,32.0,73.0
165,191,32.0,73.0
168,194,32.0,73.0
172,196,32.0,73.0
176,198,32.0,73.0
180,199,32.0,73.0
185,200,32.0,73.0
190,200,32.0,73.0
194,199,32.0,73.0
198,196,32.0,73.0
202,192,32.0,73.0
205,187,32.0,73.0
207,182,32.0,73.0
208,176,32.0,73.0
208,169,32.0,73.0
208,162,32.0,73.0
206,154,32.0,73.0
204,147,32.0,73.0
201,141,32.0,73.0
197,134,32.0,73.0
192,129,32.0,73.0
187,123,32.0,73.0
182,119,32.0,73.0
176,116,32.0,73.0
171,113,32.0,73.0
164,111,32.0,73.0
157,111,32.0,73.0
150,111,32.0,73.0
142,111,32.0,73.0
135,113,32.0,73.0
128,115,32.0,73.0
121,117,32.0,73.0
114,120,32.0,73.0
109,122,32.0,73.0
104,125,32.0,73.0
101,128,32.0,73.0
98,132,32.0,73.0
96,135,32.0,73.0
95,138,32.0,73.0
95,141,32.0,73.0
95,144,32.0,73.0
96,146,32.0,73.0
96,149,32.0,73.0
98,151,32.0,73.0
100,153,32.0,73.0
103,155,32.0,73.0
106,157,32.0,73.0
109,158,32.0,73.0
114,160,32.0,73.0
119,161,32.0,73.0
124,162,32.0,73.0
129,163,32.0,73.0
134,164,32.0,73.0
138,165,32.0,73.0
143,165,32.0,73.0
148,164,32.0,73.0
154,165,32.0,73.0
160,167,32.0,73.0
166,168,32.0,73.0
173,168,32.0,73.0
180,170,32.0,73.0
186,172,32.0,73.0
194,172,32.0,73.0
200,172,32.0,73.0
206,170,32.0,73.0
211,170,32.0,73.0
217,169,32.0,73.0
221,169,32.0,73.0
226,167,32.0,73.0
229,165,32.0,73.0
232,164,32.0,73.0
234,164,32.0,73.0
236,163,32.0,73.0
237,162,32.0,73.0
238,160,32.0,73.0
238,159,32.0,73.0
239,159,32.0,73.0
240,158,32.0,73.0
241,156,32.0,73.0
241,155,32.0,73.0
241,154,32.0,73.0
240,152,32.0,73.0
240,151,32.0,73.0
239,149,32.0,73.0
238,147,32.0,73.0
237,146,32.0,73.0
237,145,32.0,73.0
237,143,32.0,73.0
236,143,32.0,73.0
235,142,32.0,73.0
233,140,32.0,73.0
231,139,32.0,73.0
229,137,32.0,73.0
226,136,32.0,73.0
223,136,32.0,73.0
220,135,32.0,73.0
216,133,32.0,73.0
213,132,32.0,73.0
209,132,32.0,73.0
205,131,32.0,73.0
201,131,32.0,73.0
197,130,32.0,73.0
192,130,32.0,73.0
188,130,32.0,73.0
184,130,32.0,73.0
179,130,32.0,73.0
175,130,32.0,73.0
171,131,32.0,73.0
166,132,32.0,73.0
162,132,32.0,73.0
157,133,32.0,73.0
153,135,32.0,73.0
149,136,32.0,73.0
146,137,32.0,73.0
143,138,32.0,73.0
141,140,32.0,73.0
139,141,32.0,73.0
136,142,32.0,73.0
134,144,32.0,73.0
132,145,32.0,73.0
131,147,32.0,73.0
129,150,32.0,73.0
129,154,32.0,73.0
128,158,32.0,73.0
129,163,32.0,73.0
129,167,32.0,73.0
130,172,32.0,73.0
132,176,32.0,73.0
134,180,32.0,73.0
137,183,32.0,73.0
140,185,32.0,73.0
144,187,32.0,73.0
147,188,32.0,73.0
151,188,32.0,73.0
155,188,32.0,73.0
159,186,32.0,73.0
163,185,32.0,73.0
167,183,32.0,73.0
172,181,32.0,73.0
176,178,32.0,73.0
180,174,32.0,73.0
185,169,32.0,73.0
189,164,32.0,73.0
192,160,32.0,73.0
195,156,32.0,73.0
196,152,32.0,73.0
197,148,32.0,73.0
197,145,32.0,73.0
197,141,32.0,73.0
196,137,32.0,73.0
196,134,32.0,73.0
194,131,32.0,73.0
192,128,32.0,73.0
189,125,32.0,73.0
184,124,32.0,73.0
179,124,32.0,73.0
173,124,32.0,73.0
166,124,32.0,73.0
158,124,32.0,73.0
150,124,32.0,73.0
143,124,32.0,73.0
135,124,32.0,73.0
128,124,32.0,73.0
120,124,32.0,73.0
112,124,32.0,73.0
104,123,32.0,73.0
97,122,32.0,73.0
91,121,32.0,73.0
86,121,32.0,73.0
81,119,32.0,73.0
76,118,32.0,73.0
73,116,32.0,73.0
70,115,32.0,73.0
69,113,32.0,73.0
69,112,32.0,73.0
70,110,32.0,73.0
72,109,32.0,73.0
76,107,32.0,73.0
81,106,32.0,73.0
87,105,32.0,73.0
94,105,32.0,73.0
101,105,32.0,73.0
109,106,32.0,73.0
119,108,32.0,73.0
130,111,32.0,73.0
141,113,32.0,73.0
151,115,32.0,73.0
161,117,32.0,73.0
173,120,32.0,73.0
183,123,32.0,73.0
190,125,32.0,73.0
197,128,32.0,73.0
201,132,32.0,73.0
203,135,32.0,73.0
204,138,32.0,73.0
204,141,32.0,73.0
201,144,32.0,73.0
198,146,32.0,73.0
194,149,32.0,73.0
189,150,32.0,73.0
184,150,32.0,73.0
178,150,32.0,73.0
173,149,32.0,73.0
167,148,32.0,73.0
161,146,32.0,73.0
156,143,32.0,73.0
150,140,32.0,73.0
144,137,32.0,73.0
139,134,32.0,73.0
135,130,32.0,73.0
132,126,32.0,73.0
129,122,32.0,73.0
128,118,32.0,73.0
127,113,32.0,73.0
126,108,32.0,73.0
125,105,32.0,73.0
124,102,32.0,73.0
125,99,32.0,73.0
126,97,32.0,73.0
126,94,32.0,73.0
126,92,32.0,73.0
127,90,32.0,73.0
130,88,32.0,73.0
133,85,32.0,73.0
137,83,32.0,73.0
142,81,32.0,73.0
146,80,32.0,73.0
151,80,32.0,73.0
157,80,32.0,73.0
163,80,32.0,73.0
169,81,32.0,73.0
176,83,32.0,73.0
183,85,32.0,73.0
190,87,32.0,73.0
197,90,32.0,73.0
204,93,32.0,73.0
211,95,32.0,73.0
217,98,32.0,73.0
222,101,32.0,73.0
226,105,32.0,73.0
229,108,32.0,73.0
232,112,32.0,73.0
233,116,32.0,73.0
233,119,32.0,73.0
232,122,32.0,73.0
230,124,32.0,73.0
226,127,32.0,73.0
222,130,32.0,73.0
216,132,32.0,73.0
210,134,32.0,73.0
203,136,32.0,73.0
196,138,32.0,73.0
188,139,32.0,73.0
180,141,32.0,73.0
172,142,32.0,73.0
165,144,32.0,73.0
158,145,32.0,73.0
152,146,32.0,73.0
145,146,32.0,73.0
139,147,32.0,73.0
133,147,32.0,73.0
127,148,32.0,73.0
121,148,32.0,73.0
116,148,32.0,73.0
112,148,32.0,73.0
109,147,32.0,73.0
107,147,32.0,73.0
105,147,32.0,73.0
105,147,32.0,73.0
106,147,32.0,73.0
107,147,32.0,73.0
108,147,32.0,73.0
111,148,32.0,73.0
114,149,32.0,73.0
118,150,32.0,73.0
122,151,32.0,73.0
127,151,32.0,73.0
132,151,32.0,73.0
138,151,32.0,73.0
144,151,32.0,73.0
149,151,32.0,73.0
155,150,32.0,73.0
160,149,32.0,73.0
166,148,32.0,73.0
171,147,32.0,73.0
177,146,32.0,73.0
182,145,32.0,73.0
188,143,32.0,73.0
194,142,32.0,73.0
199,140,32.0,73.0
204,138,32.0,73.0
207,137,32.0,73.0
210,135,32.0,73.0
213,134,32.0,73.0
215,132,32.0,73.0
216,131,32.0,73.0
216,129,32.0,73.0
216,128,32.0,73.0
216,126,32.0,73.0
215,125,32.0,73.0
214,123,32.0,73.0
213,122,32.0,73.0
211,120,32.0,73.0
208,119,32.0,73.0
204,117,32.0,73.0
201,116,32.0,73.0
196,115,32.0,73.0
192,114,32.0,73.0
188,113,32.0,73.0
183,112,32.0,73.0
177,111,32.0,73.0
172,111,32.0,73.0
166,111,32.0,73.0
160,111,32.0,73.0
154,111,32.0,73.0
149,112,32.0,73.0
144,113,32.0,73.0
138,114,32.0,73.0
133,115,32.0,73.0
128,116,32.0,73.0
123,118,32.0,73.0
118,120,32.0,73.0
113,121,32.0,73.0
108,123,32.0,73.0
104,124,32.0,73.0
101,126,32.0,73.0
99,129,32.0,73.0
97,131,32.0,73.0
96,134,32.0,73.0
96,136,32.0,73.0
96,139,32.0,73.0
97,143,32.0,73.0
99,146,32.0,73.0
100,149,32.0,73.0
103,151,32.0,73.0
106,153,32.0,73.0
110,155,32.0,73.0
114,157,32.0,73.0
118,158,32.0,73.0
123,159,32.0,73.0
127,160,32.0,73.0
132,160,32.0,73.0
137,161,32.0,73.0
142,160,32.0,73.0
148,160,32.0,73.0
154,160,32.0,73.0
160,159,32.0,73.0
167,159,32.0,73.0
173,158,32.0,73.0
179,158,32.0,73.0
185,157,32.0,73.0
191,156,32.0,73.0
197,155,32.0,73.0
203,154,32.0,73.0
209,153,32.0,73.0
215,153,32.0,73.0
221,152,32.0,73.0
226,151,32.0,73.0
231,150,32.0,73.0
234,149,32.0,73.0
238,148,32.0,73.0
241,147,32.0,73.0
244,146,32.0,73.0
246,144,32.0,73.0
247,142,32.0,73.0
248,140,32.0,73.0
248,137,32.0,73.0
248,135,32.0,73.0
246,133,32.0,73.0
245,130,32.0,73.0
242,128,32.0,73.0
240,126,32.0,73.0
237,124,32.0,73.0
233,123,32.0,73.0
229,121,32.0,73.0
225,120,32.0,73.0
220,119,32.0,73.0
214,117,32.0,73.0
208,116,32.0,73.0
202,116,32.0,73.0
196,116,32.0,73.0
189,115,32.0,73.0
183,114,32.0,73.0
177,114,32.0,73.0
172,115,32.0,73.0
166,115,32.0,73.0
160,116,32.0,73.0
154,117,32.0,73.0
149,119,32.0,73.0
144,121,32.0,73.0
139,123,32.0,73.0
135,125,32.0,73.0
131,128,32.0,73.0
128,130,32.0,73.0
125,132,32.0,73.0
123,135,32.0,73.0
121,137,32.0,73.0
121,140,32.0,73.0
121,143,32.0,73.0
122,145,32.0,73.0
123,147,32.0,73.0
124,148,32.0,73.0
126,150,32.0,73.0
129,151,32.0,73.0
131,151,32.0,73.0
134,152,32.0,73.0
136,151,32.0,73.0
138,151,32.0,73.0
140,150,32.0,73.0
143,149,32.0,73.0
146,148,32.0,73.0
150,146,32.0,73.0
154,144,32.0,73.0
160,143,32.0,73.0
165,141,32.0,73.0
169,138,32.0,73.0
174,135,32.0,73.0
179,130,32.0,73.0
184,126,32.0,73.0
188,122,32.0,73.0
193,117,32.0,73.0
197,113,32.0,73.0
201,109,32.0,73.0
205,105,32.0,73.0
209,100,32.0,73.0
213,95,32.0,73.0
216,89,32.0,73.0
219,85,32.0,73.0
222,80,32.0,73.0
224,74,32.0,73.0
225,69,32.0,73.0
226,64,32.0,73.0
226,59,32.0,73.0
225,54,32.0,73.0
224,50,32.0,73.0
222,46,32.0,73.0
220,43,32.0,73.0
217,41,32.0,73.0
213,41,32.0,73.0
209,41,32.0,73.0
204,42,32.0,73.0
198,44,32.0,73.0
192,46,32.0,73.0
185,49,32.0,73.0
179,53,32.0,73.0
173,57,32.0,73.0
166,61,32.0,73.0
159,65,32.0,73.0
153,69,32.0,73.0
147,74,32.0,73.0
141,78,32.0,73.0
136,83,32.0,73.0
131,87,32.0,73.0
126,92,32.0,73.0
122,97,32.0,73.0
117,102,32.0,73.0
112,107,32.0,73.0
108,112,32.0,73.0
105,118,32.0,73.0
101,124,32.0,73.0
98,130,32.0,73.0
95,136,32.0,73.0
92,142,32.0,73.0
90,147,32.0,73.0
89,152,32.0,73.0
88,157,32.0,73.0
89,161,32.0,73.0
90,166,32.0,73.0
93,169,32.0,73.0
96,172,32.0,73.0
100,174,32.0,73.0
104,176,32.0,73.0
108,178,32.0,73.0
113,179,32.0,73.0
119,179,32.0,73.0
124,179,32.0,73.0
129,179,32.0,73.0
134,179,32.0,73.0
138,179,32.0,73.0
143,178,32.0,73.0
147,177,32.0,73.0
152,176,32.0,73.0
157,175,32.0,73.0
162,174,32.0,73.0
166,173,32.0,73.0
171,171,32.0,73.0
174,169,32.0,73.0
178,167,32.0,73.0
181,166,32.0,73.0
184,164,32.0,73.0
186,163,32.0,73.0
189,161,32.0,73.0
191,159,32.0,73.0
192,158,32.0,73.0
192,156,32.0,73.0
192,154,32.0,73.0
191,152,32.0,73.0
189,150,32.0,73.0
187,149,32.0,73.0
184,147,32.0,73.0
180,146,32.0,73.0
176,144,32.0,73.0
172,142,32.0,73.0
167,141,32.0,73.0
161,140,32.0,73.0
155,139,32.0,73.0
150,138,32.0,73.0
144,138,32.0,73.0
138,138,32.0,73.0
132,138,32.0,73.0
126,139,32.0,73.0
120,140,32.0,73.0
115,140,32.0,73.0
110,141,32.0,73.0
106,141,32.0,73.0
102,142,32.0,73.0
99,143,32.0,73.0
95,144,32.0,73.0
92,145,32.0,73.0
89,146,32.0,73.0
85,148,32.0,73.0
82,149,32.0,73.0
80,151,32.0,73.0
77,153,32.0,73.0
76,155,32.0,73.0
74,157,32.0,73.0
74,158,32.0,73.0
73,160,32.0,73.0
73,161,32.0,73.0
73,163,32.0,73.0
74,165,32.0,73.0
75,166,32.0,73.0
77,167,32.0,73.0
79,168,32.0,73.0
81,169,32.0,73.0
85,170,32.0,73.0
89,171,32.0,73.0
93,172,32.0,73.0
98,173,32.0,73.0
103,174,32.0,73.0
108,175,32.0,73.0
114,175,32.0,73.0
120,175,32.0,73.0
126,175,32.0,73.0
133,174,32.0,73.0
139,174,32.0,73.0
145,173,32.0,73.0
151,173,32.0,73.0
158,172,32.0,73.0
165,172,32.0,73.0
171,172,32.0,73.0
177,173,32.0,73.0
184,173,32.0,73.0
190,173,32.0,73.0
197,173,32.0,73.0
202,173,32.0,73.0
207,173,32.0,73.0
213,173,32.0,73.0
218,172,32.0,73.0
223,171,32.0,73.0
229,169,32.0,73.0
234,167,32.0,73.0
239,166,32.0,73.0
244,164,32.0,73.0
249,161,32.0,73.0
254,159,32.0,73.0
259,156,32.0,73.0
263,154,32.0,73.0
267,151,32.0,73.0
270,148,32.0,73.0
273,145,32.0,73.0
274,142,32.0,73.0
275,139,32.0,73.0
275,136,32.0,73.0
275,133,32.0,73.0
274,130,32.0,73.0
272,128,32.0,73.0
270,126,32.0,73.0
268,124,32.0,73.0
264,122,32.0,73.0
260,120,32.0,73.0
256,118,32.0,73.0
252,117,32.0,73.0
248,116,32.0,73.0
243,115,32.0,73.0
238,114,32.0,73.0
233,113,32.0,73.0
227,112,32.0,73.0
221,112,32.0,73.0
214,113,32.0,73.0
207,114,32.0,73.0
199,116,32.0,73.0
190,118,32.0,73.0
181,119,32.0,73.0
172,122,32.0,73.0
164,124,32.0,73.0
156,127,32.0,73.0
149,130,32.0,73.0
142,133,32.0,73.0
135,137,32.0,73.0
129,140,32.0,73.0
123,145,32.0,73.0
118,149,32.0,73.0
115,153,32.0,73.0
112,157,32.0,73.0
111,161,32.0,73.0
111,165,32.0,73.0
112,168,32.0,73.0
114,172,32.0,73.0
119,175,32.0,73.0
124,178,32.0,73.0
130,180,32.0,73.0
137,181,32.0,73.0
144,182,32.0,73.0
152,182,32.0,73.0
160,181,32.0,73.0
169,179,32.0,73.0
178,177,32.0,73.0
187,175,32.0,73.0
197,172,32.0,73.0
208,169,32.0,73.0
218,166,32.0,73.0
228,163,32.0,73.0
237,161,32.0,73.0
246,159,32.0,73.0
256,157,32.0,73.0
265,155,32.0,73.0
274,153,32.0,73.0
283,151,32.0,73.0
291,150,32.0,73.0
298,148,32.0,73.0
306,148,32.0,73.0
314,147,32.0,73.0
322,146,32.0,73.0
328,145,32.0,73.0
335,144,32.0,73.0
341,144,32.0,73.0
347,143,32.0,73.0
352,143,32.0,73.0
356,142,32.0,73.0
359,141,32.0,73.0
361,140,32.0,73.0
362,138,32.0,73.0
361,138,32.0,73.0
360,137,32.0,73.0
357,136,32.0,73.0
354,136,32.0,73.0
350,135,32.0,73.0
346,135,32.0,73.0
340,135,32.0,73.0
334,135,32.0,73.0
328,134,32.0,73.0
320,134,32.0,73.0
313,134,32.0,73.0
305,134,32.0,73.0
295,135,32.0,73.0
286,136,32.0,73.0
277,137,32.0,73.0
268,137,32.0,73.0
259,138,32.0,73.0
249,138,32.0,73.0
240,138,32.0,73.0
232,139,32.0,73.0
223,140,32.0,73.0
215,141,32.0,73.0
207,143,32.0,73.0
199,144,32.0,73.0
192,145,32.0,73.0
186,146,32.0,73.0
180,147,32.0,73.0
175,148,32.0,73.0
169,150,32.0,73.0
163,152,32.0,73.0
158,154,32.0,73.0
153,157,32.0,73.0
148,160,32.0,73.0
144,163,32.0,73.0
141,167,32.0,73.0
138,171,32.0,73.0
135,176,32.0,73.0
132,181,32.0,73.0
130,188,32.0,73.0
133,193,32.0,73.0
136,187,32.0,73.0
142,160,32.0,73.0
142,114,32.0,73.0
140,76,32.0,73.0
132,49,32.0,73.0
118,27,32.0,73.0
104,57,32.0,73.0
101,66,32.0,73.0
101,66,32.0,73.0
101,66,32.0,73.0
101,66,32.0,73.0
100,66,32.0,73.0
100,65,32.0,73.0
100,65,32.0,73.0
99,65,32.0,73.0
96,64,32.0,73.0
89,60,32.0,73.0
86,43,32.0,73.0
86,28,32.0,73.0
87,22,32.0,73.0
89,20,32.0,73.0
92,20,32.0,73.0
95,21,32.0,73.0
98,21,32.0,73.0
101,22,32.0,73.0
103,22,32.0,73.0
104,22,32.0,73.0
106,22,32.0,73.0
107,22,32.0,73.0
107,22,32.0,73.0
107,22,32.0,73.0
107,22,32.0,73.0
106,22,32.0,73.0
104,23,32.0,73.0
102,23,32.0,73.0
100,23,32.0,73.0
97,23,32.0,73.0
94,23,32.0,73.0
91,23,32.0,73.0
88,23,32.0,73.0
85,23,32.0,73.0
81,22,32.0,73.0
77,22,32.0,73.0
73,22,32.0,73.0
70,22,32.0,73.0
66,22,32.0,73.0
62,22,32.0,73.0
59,22,32.0,73.0
56,23,32.0,73.0
53,23,32.0,73.0
50,23,32.0,73.0
47,23,32.0,73.0
45,23,32.0,73.0
42,23,32.0,73.0
40,23,32.0,73.0
38,23,32.0,73.0
36,23,32.0,73.0
34,23,32.0,73.0
33,23,32.0,73.0
33,23,32.0,73.0
33,23,32.0,73.0
32,22,32.0,73.0
32,22,32.0,73.0
32,22,32.0,73.0
33,22,32.0,73.0
33,22,32.0,73.0
34,22,32.0,73.0
35,22,32.0,73.0
36,22,32.0,73.0
37,21,32.0,73.0
39,21,32.0,73.0
41,20,32.0,73.0
43,20,32.0,73.0
45,20,32.0,73.0
48,20,32.0,73.0
51,20,32.0,73.0
54,20,32.0,73.0
57,20,32.0,73.0
61,20,32.0,73.0
65,20,32.0,73.0
69,20,32.0,73.0
72,21,32.0,73.0
76,21,32.0,73.0
79,21,32.0,73.0
82,21,32.0,73.0
85,21,32.0,73.0
88,22,32.0,73.0
91,22,32.0,73.0
93,22,32.0,73.0
96,22,32.0,73.0
98,22,32.0,73.0
100,22,32.0,73.0
102,23,32.0,73.0
104,23,32.0,73.0
105,23,32.0,73.0
105,24,32.0,73.0
105,24,32.0,73.0
104,24,32.0,73.0
103,24,32.0,73.0
102,24,32.0,73.0
101,24,32.0,73.0
100,24,32.0,73.0
98,24,32.0,73.0
95,24,32.0,73.0
93,24,32.0,73.0
90,24,32.0,73.0
87,24,32.0,73.0
84,24,32.0,73.0
81,24,32.0,73.0
77,24,32.0,73.0
74,24,32.0,73.0
70,24,32.0,73.0
66,24,32.0,73.0
62,24,32.0,73.0
59,24,32.0,73.0
56,24,32.0,73.0
53,24,32.0,73.0
50,24,32.0,73.0
47,24,32.0,73.0
44,24,32.0,73.0
41,24,32.0,73.0
39,24,32.0,73.0
37,24,32.0,73.0
35,24,32.0,73.0
33,24,32.0,73.0
32,24,32.0,73.0
31,23,32.0,73.0
31,23,32.0,73.0
31,23,32.0,73.0
31,23,32.0,73.0
32,23,32.0,73.0
33,23,32.0,73.0
33,23,32.0,73.0
34,23,32.0,73.0
34,22,32.0,73.0
35,22,32.0,73.0
36,22,32.0,73.0
38,22,32.0,73.0
39,21,32.0,73.0
41,21,32.0,73.0
43,20,32.0,73.0
45,20,32.0,73.0
47,20,32.0,73.0
49,20,32.0,73.0
51,20,32.0,73.0
53,20,32.0,73.0
55,20,32.0,73.0
57,20,32.0,73.0
59,20,32.0,73.0
62,20,32.0,73.0
64,20,32.0,73.0
66,20,32.0,73.0
69,20,32.0,73.0
71,21,32.0,73.0
73,21,32.0,73.0
75,21,32.0,73.0
77,21,32.0,73.0
79,22,32.0,73.0
81,22,32.0,73.0
82,22,32.0,73.0
84,22,32.0,73.0
85,23,32.0,73.0
86,23,32.0,73.0
87,24,32.0,73.0
88,24,32.0,73.0
89,24,32.0,73.0
89,24,32.0,73.0
89,24,32.0,73.0
89,24,32.0,73.0
88,24,32.0,73.0
87,24,32.0,73.0
86,24,32.0,73.0
85,24,32.0,73.0
84,23,32.0,73.0
82,23,32.0,73.0
80,23,32.0,73.0
78,22,32.0,73.0
76,22,32.0,73.0
74,22,32.0,73.0
72,21,32.0,73.0
70,21,32.0,73.0
67,21,32.0,73.0
65,21,32.0,73.0
62,21,32.0,73.0
59,20,32.0,73.0
56,20,32.0,73.0
53,20,32.0,73.0
51,20,32.0,73.0
48,21,32.0,73.0
45,20,32.0,73.0
42,20,32.0,73.0
39,20,32.0,73.0
37,20,32.0,73.0
35,21,32.0,73.0
32,21,32.0,73.0
30,21,32.0,73.0
28,21,32.0,73.0
26,21,32.0,73.0
25,21,32.0,73.0
24,21,32.0,73.0
23,21,32.0,73.0
23,21,32.0,73.0
23,21,32.0,73.0
23,21,32.0,73.0
23,21,32.0,73.0
24,21,32.0,73.0
25,21,32.0,73.0
26,21,32.0,73.0
27,21,32.0,73.0
28,21,32.0,73.0
29,21,32.0,73.0
31,21,32.0,73.0
33,21,32.0,73.0
34,21,32.0,73.0
36,20,32.0,73.0
38,20,32.0,73.0
40,20,32.0,73.0
43,20,32.0,73.0
45,20,32.0,73.0
48,20,32.0,73.0
50,20,32.0,73.0
53,20,32.0,73.0
55,20,32.0,73.0
58,20,32.0,73.0
60,20,32.0,73.0
61,19,32.0,73.0
63,19,32.0,73.0
64,18,32.0,73.0
66,18,32.0,73.0
68,18,32.0,73.0
70,18,32.0,73.0
72,18,32.0,73.0
73,18,32.0,73.0
75,17,32.0,73.0
76,17,32.0,73.0
77,17,32.0,73.0
78,17,32.0,73.0
79,17,32.0,73.0
79,17,32.0,73.0
79,16,32.0,73.0
79,16,32.0,73.0
78,16,32.0,73.0
77,16,32.0,73.0
76,16,32.0,73.0
75,16,32.0,73.0
74,15,32.0,73.0
72,15,32.0,73.0
71,15,32.0,73.0
69,16,32.0,73.0
67,16,32.0,73.0
64,16,32.0,73.0
62,16,32.0,73.0
59,16,32.0,73.0
57,16,32.0,73.0
54,16,32.0,73.0
52,17,32.0,73.0
49,17,32.0,73.0
47,17,32.0,73.0
44,17,32.0,73.0
41,17,32.0,73.0
38,18,32.0,73.0
36,18,32.0,73.0
34,18,32.0,73.0
32,19,32.0,73.0
30,19,32.0,73.0
28,19,32.0,73.0
27,19,32.0,73.0
25,20,32.0,73.0
24,20,32.0,73.0
24,20,32.0,73.0
23,20,32.0,73.0
22,19,32.0,73.0
22,19,32.0,73.0
22,20,32.0,73.0
23,20,32.0,73.0
23,20,32.0,73.0
24,19,32.0,73.0
25,19,32.0,73.0
26,19,32.0,73.0
27,19,32.0,73.0
28,19,32.0,73.0
30,18,32.0,73.0
31,18,32.0,73.0
33,18,32.0,73.0
35,18,32.0,73.0
37,18,32.0,73.0
39,18,32.0,73.0
42,18,32.0,73.0
44,18,32.0,73.0
47,18,32.0,73.0
51,18,32.0,73.0
54,18,32.0,73.0
57,18,32.0,73.0
60,19,32.0,73.0
63,19,32.0,73.0
66,19,32.0,73.0
68,20,32.0,73.0
71,21,32.0,73.0
74,21,32.0,73.0
76,21,32.0,73.0
78,22,32.0,73.0
80,22,32.0,73.0
82,23,32.0,73.0
83,24,32.0,73.0
84,24,32.0,73.0
85,24,32.0,73.0
85,24,32.0,73.0
85,24,32.0,73.0
85,24,32.0,73.0
85,23,32.0,73.0
84,23,32.0,73.0
83,22,32.0,73.0
82,21,32.0,73.0
81,21,32.0,73.0
79,20,32.0,73.0
77,19,32.0,73.0
75,19,32.0,73.0
73,18,32.0,73.0
71,18,32.0,73.0
68,18,32.0,73.0
66,17,32.0,73.0
63,17,32.0,73.0
60,16,32.0,73.0
57,16,32.0,73.0
54,16,32.0,73.0
51,17,32.0,73.0
48,16,32.0,73.0
45,17,32.0,73.0
42,17,32.0,73.0
39,17,32.0,73.0
36,17,32.0,73.0
34,17,32.0,73.0
32,18,32.0,73.0
30,18,32.0,73.0
28,18,32.0,73.0
26,19,32.0,73.0
24,19,32.0,73.0
23,19,32.0,73.0
22,20,32.0,73.0
21,20,32.0,73.0
20,20,32.0,73.0
19,20,32.0,73.0
18,20,32.0,73.0
18,20,32.0,73.0
18,20,32.0,73.0
18,20,32.0,73.0
19,20,32.0,73.0
20,20,32.0,73.0
21,19,32.0,73.0
23,19,32.0,73.0
25,19,32.0,73.0
27,19,32.0,73.0
29,19,32.0,73.0
31,19,32.0,73.0
33,18,32.0,73.0
36,18,32.0,73.0
39,18,32.0,73.0
42,19,32.0,73.0
46,19,32.0,73.0
49,19,32.0,73.0
52,19,32.0,73.0
56,20,32.0,73.0
59,20,32.0,73.0
62,20,32.0,73.0
65,21,32.0,73.0
69,21,32.0,73.0
72,22,32.0,73.0
75,22,32.0,73.0
78,22,32.0,73.0
81,23,32.0,73.0
84,23,32.0,73.0
86,23,32.0,73.0
89,23,32.0,73.0
91,24,32.0,73.0
94,24,32.0,73.0
96,24,32.0,73.0
98,24,32.0,73.0
100,24,32.0,73.0
102,24,32.0,73.0
103,25,32.0,73.0
104,24,32.0,73.0
105,24,32.0,73.0
105,24,32.0,73.0
105,24,32.0,73.0
104,24,32.0,73.0
104,24,32.0,73.0
103,23,32.0,73.0
101,23,32.0,73.0
99,22,32.0,73.0
97,22,32.0,73.0
95,22,32.0,73.0
92,21,32.0,73.0
89,21,32.0,73.0
86,20,32.0,73.0
84,20,32.0,73.0
81,19,32.0,73.0
78,19,32.0,73.0
74,19,32.0,73.0
71,18,32.0,73.0
68,18,32.0,73.0
65,18,32.0,73.0
62,17,32.0,73.0
59,17,32.0,73.0
57,17,32.0,73.0
54,17,32.0,73.0
52,17,32.0,73.0
50,17,32.0,73.0
49,17,32.0,73.0
47,17,32.0,73.0
46,17,32.0,73.0
46,17,32.0,73.0
46,16,32.0,73.0
46,16,32.0,73.0
46,15,32.0,73.0
47,15,32.0,73.0
48,15,32.0,73.0
50,15,32.0,73.0
51,15,32.0,73.0
53,15,32.0,73.0
56,15,32.0,73.0
58,15,32.0,73.0
61,15,32.0,73.0
64,15,32.0,73.0
67,15,32.0,73.0
70,15,32.0,73.0
73,15,32.0,73.0
75,15,32.0,73.0
78,15,32.0,73.0
82,16,32.0,73.0
85,16,32.0,73.0
88,16,32.0,73.0
91,16,32.0,73.0
94,16,32.0,73.0
97,17,32.0,73.0
99,17,32.0,73.0
101,17,32.0,73.0
103,17,32.0,73.0
104,17,32.0,73.0
105,17,32.0,73.0
105,17,32.0,73.0
105,17,32.0,73.0
105,17,32.0,73.0
104,18,32.0,73.0
103,18,32.0,73.0
102,18,32.0,73.0
100,18,32.0,73.0
98,18,32.0,73.0
96,18,32.0,73.0
94,18,32.0,73.0
91,18,32.0,73.0
88,18,32.0,73.0
85,18,32.0,73.0
81,18,32.0,73.0
77,18,32.0,73.0
74,18,32.0,73.0
70,18,32.0,73.0
67,17,32.0,73.0
64,17,32.0,73.0
61,17,32.0,73.0
58,18,32.0,73.0
55,18,32.0,73.0
52,18,32.0,73.0
49,18,32.0,73.0
46,18,32.0,73.0
44,18,32.0,73.0
42,18,32.0,73.0
41,18,32.0,73.0
40,18,32.0,73.0
39,18,32.0,73.0
38,19,32.0,73.0
38,19,32.0,73.0
37,19,32.0,73.0
37,19,32.0,73.0
38,19,32.0,73.0
39,18,32.0,73.0
40,18,32.0,73.0
42,18,32.0,73.0
44,18,32.0,73.0
47,18,32.0,73.0
51,18,32.0,73.0
54,18,32.0,73.0
58,18,32.0,73.0
62,18,32.0,73.0
65,18,32.0,73.0
69,17,32.0,73.0
73,17,32.0,73.0
77,17,32.0,73.0
81,17,32.0,73.0
84,17,32.0,73.0
87,17,32.0,73.0
90,17,32.0,73.0
93,18,32.0,73.0
95,19,32.0,73.0
97,19,32.0,73.0
99,19,32.0,73.0
100,20,32.0,73.0
102,20,32.0,73.0
103,21,32.0,73.0
104,21,32.0,73.0
104,21,32.0,73.0
105,21,32.0,73.0
105,21,32.0,73.0
106,22,32.0,73.0
106,23,32.0,73.0
106,23,32.0,73.0
106,24,32.0,73.0
106,24,32.0,73.0
107,24,32.0,73.0
107,24,32.0,73.0
107,23,32.0,73.0
108,22,32.0,73.0
108,21,32.0,73.0
109,20,32.0,73.0
110,18,32.0,73.0
110,17,32.0,73.0
111,15,32.0,73.0
111,13,32.0,73.0
112,12,32.0,73.0
113,10,32.0,73.0
113,9,32.0,73.0
114,8,32.0,73.0
115,7,32.0,73.0
116,6,32.0,73.0
116,5,32.0,73.0
117,4,32.0,73.0
117,3,32.0,73.0
117,1,32.0,73.0
117,0,32.0,73.0
117,0,32.0,73.0
118,0,32.0,73.0
119,0,32.0,73.0
119,0,32.0,73.0
120,0,32.0,73.0
121,0,32.0,73.0
122,0,32.0,73.0
123,0,32.0,73.0
123,0,32.0,73.0
124,0,32.0,73.0
124,0,32.0,73.0
123,0,32.0,73.0
123,0,32.0,73.0
124,0,32.0,73.0
124,0,32.0,73.0
125,0,32.0,73.0
125,0,32.0,73.0
125,0,32.0,73.0
125,0,32.0,73.0
125,0,32.0,73.0
124,0,32.0,73.0
124,0,32.0,73.0
123,2,32.0,73.0
123,3,32.0,73.0
122,4,32.0,73.0
122,5,32.0,73.0
122,7,32.0,73.0
122,9,32.0,73.0
123,11,32.0,73.0
123,13,32.0,73.0
123,15,32.0,73.0
123,17,32.0,73.0
123,19,32.0,73.0
123,21,32.0,73.0
123,23,32.0,73.0
123,25,32.0,73.0
122,26,32.0,73.0
122,27,32.0,73.0
122,28,32.0,73.0
122,29,32.0,73.0
122,29,32.0,73.0
122,29,32.0,73.0
122,29,32.0,73.0
121,28,32.0,73.0
121,27,32.0,73.0
120,26,32.0,73.0
120,25,32.0,73.0
120,24,32.0,73.0
119,23,32.0,73.0
119,22,32.0,73.0
119,20,32.0,73.0
118,20,32.0,73.0
118,19,32.0,73.0
117,19,32.0,73.0
116,18,32.0,73.0
115,17,32.0,73.0
114,17,32.0,73.0
113,17,32.0,73.0
112,17,32.0,73.0
111,16,32.0,73.0
110,16,32.0,73.0
108,16,32.0,73.0
107,15,32.0,73.0
106,16,32.0,73.0
104,16,32.0,73.0
102,16,32.0,73.0
100,16,32.0,73.0
98,16,32.0,73.0
95,16,32.0,73.0
92,17,32.0,73.0
89,17,32.0,73.0
85,18,32.0,73.0
81,18,32.0,73.0
77,19,32.0,73.0
72,19,32.0,73.0
68,19,32.0,73.0
64,19,32.0,73.0
60,19,32.0,73.0
56,20,32.0,73.0
52,20,32.0,73.0
48,20,32.0,73.0
45,20,32.0,73.0
43,20,32.0,73.0
40,21,32.0,73.0
38,21,32.0,73.0
36,21,32.0,73.0
34,22,32.0,73.0
33,22,32.0,73.0
32,22,32.0,73.0
32,22,32.0,73.0
32,23,32.0,73.0
32,23,32.0,73.0
33,23,32.0,73.0
34,23,32.0,73.0
36,23,32.0,73.0
38,23,32.0,73.0
40,23,32.0,73.0
43,23,32.0,73.0
46,23,32.0,73.0
49,22,32.0,73.0
52,22,32.0,73.0
56,22,32.0,73.0
60,22,32.0,73.0
64,21,32.0,73.0
68,21,32.0,73.0
73,21,32.0,73.0
77,21,32.0,73.0
82,21,32.0,73.0
86,22,32.0,73.0
90,22,32.0,73.0
94,23,32.0,73.0
98,23,32.0,73.0
102,24,32.0,73.0
106,25,32.0,73.0
109,25,32.0,73.0
112,26,32.0,73.0
115,26,32.0,73.0
117,26,32.0,73.0
120,26,32.0,73.0
122,26,32.0,73.0
124,26,32.0,73.0
125,26,32.0,73.0
126,26,32.0,73.0
127,26,32.0,73.0
127,26,32.0,73.0
127,25,32.0,73.0
127,25,32.0,73.0
125,25,32.0,73.0
124,25,32.0,73.0
122,25,32.0,73.0
119,25,32.0,73.0
117,24,32.0,73.0
114,24,32.0,73.0
110,24,32.0,73.0
106,23,32.0,73.0
103,23,32.0,73.0
99,23,32.0,73.0
95,22,32.0,73.0
91,22,32.0,73.0
87,22,32.0,73.0
83,21,32.0,73.0
79,21,32.0,73.0
75,21,32.0,73.0
71,21,32.0,73.0
67,21,32.0,73.0
63,21,32.0,73.0
60,21,32.0,73.0
57,21,32.0,73.0
53,21,32.0,73.0
51,21,32.0,73.0
48,21,32.0,73.0
46,21,32.0,73.0
44,21,32.0,73.0
43,21,32.0,73.0
42,21,32.0,73.0
41,21,32.0,73.0
40,20,32.0,73.0
40,20,32.0,73.0
40,20,32.0,73.0
40,20,32.0,73.0
41,19,32.0,73.0
42,19,32.0,73.0
43,19,32.0,73.0
45,19,32.0,73.0
47,19,32.0,73.0
49,19,32.0,73.0
51,19,32.0,73.0
53,18,32.0,73.0
56,18,32.0,73.0
59,18,32.0,73.0
62,17,32.0,73.0
65,17,32.0,73.0
68,17,32.0,73.0
70,17,32.0,73.0
73,17,32.0,73.0
75,17,32.0,73.0
78,17,32.0,73.0
80,17,32.0,73.0
82,17,32.0,73.0
84,17,32.0,73.0
86,17,32.0,73.0
88,17,32.0,73.0
89,17,32.0,73.0
91,18,32.0,73.0
92,18,32.0,73.0
92,18,32.0,73.0
93,18,32.0,73.0
93,18,32.0,73.0
93,18,32.0,73.0
92,19,32.0,73.0
91,19,32.0,73.0
89,19,32.0,73.0
88,19,32.0,73.0
86,19,32.0,73.0
84,19,32.0,73.0
81,20,32.0,73.0
79,20,32.0,73.0
77,21,32.0,73.0
74,21,32.0,73.0
71,21,32.0,73.0
68,21,32.0,73.0
65,22,32.0,73.0
62,22,32.0,73.0
59,23,32.0,73.0
55,23,32.0,73.0
52,23,32.0,73.0
49,24,32.0,73.0
46,25,32.0,73.0
44,25,32.0,73.0
41,26,32.0,73.0
38,26,32.0,73.0
36,27,32.0,73.0
34,28,32.0,73.0
33,28,32.0,73.0
32,28,32.0,73.0
31,29,32.0,73.0
30,29,32.0,73.0
29,29,32.0,73.0
28,29,32.0,73.0
28,28,32.0,73.0
27,28,32.0,73.0
26,27,32.0,73.0
26,27,32.0,73.0
26,27,32.0,73.0
27,26,32.0,73.0
28,26,32.0,73.0
29,26,32.0,73.0
30,25,32.0,73.0
32,25,32.0,73.0
34,24,32.0,73.0
36,24,32.0,73.0
38,24,32.0,73.0
41,23,32.0,73.0
43,23,32.0,73.0
46,22,32.0,73.0
49,22,32.0,73.0
52,22,32.0,73.0
55,22,32.0,73.0
58,22,32.0,73.0
61,22,32.0,73.0
64,22,32.0,73.0
67,22,32.0,73.0
70,22,32.0,73.0
73,22,32.0,73.0
76,23,32.0,73.0
79,23,32.0,73.0
82,24,32.0,73.0
85,24,32.0,73.0
88,25,32.0,73.0
91,26,32.0,73.0
93,26,32.0,73.0
95,27,32.0,73.0
97,27,32.0,73.0
99,28,32.0,73.0
100,28,32.0,73.0
101,28,32.0,73.0
102,29,32.0,73.0
102,28,32.0,73.0
102,28,32.0,73.0
102,28,32.0,73.0
102,28,32.0,73.0
101,28,32.0,73.0
99,28,32.0,73.0
97,28,32.0,73.0
95,28,32.0,73.0
92,28,32.0,73.0
89,27,32.0,73.0
86,27,32.0,73.0
83,27,32.0,73.0
79,27,32.0,73.0
75,26,32.0,73.0
72,26,32.0,73.0
69,26,32.0,73.0
65,26,32.0,73.0
62,27,32.0,73.0
58,27,32.0,73.0
55,28,32.0,73.0
52,28,32.0,73.0
49,29,32.0,73.0
46,29,32.0,73.0
43,30,32.0,73.0
41,31,32.0,73.0
39,31,32.0,73.0
37,31,32.0,73.0
36,31,32.0,73.0
34,31,32.0,73.0
33,32,32.0,73.0
33,32,32.0,73.0
32,32,32.0,73.0
32,32,32.0,73.0
32,32,32.0,73.0
32,32,32.0,73.0
32,32,32.0,73.0
33,32,32.0,73.0
34,32,32.0,73.0
35,32,32.0,73.0
36,31,32.0,73.0
37,31,32.0,73.0
39,31,32.0,73.0
42,30,32.0,73.0
44,30,32.0,73.0
47,29,32.0,73.0
50,29,32.0,73.0
53,29,32.0,73.0
56,28,32.0,73.0
59,28,32.0,73.0
62,27,32.0,73.0
65,27,32.0,73.0
69,26,32.0,73.0
73,26,32.0,73.0
77,26,32.0,73.0
81,26,32.0,73.0
84,26,32.0,73.0
88,25,32.0,73.0
91,25,32.0,73.0
94,25,32.0,73.0
97,25,32.0,73.0
100,26,32.0,73.0
102,26,32.0,73.0
105,26,32.0,73.0
107,26,32.0,73.0
108,26,32.0,73.0
109,26,32.0,73.0
110,26,32.0,73.0
110,26,32.0,73.0
110,26,32.0,73.0
109,26,32.0,73.0
108,26,32.0,73.0
106,26,32.0,73.0
104,26,32.0,73.0
101,26,32.0,73.0
98,26,32.0,73.0
95,26,32.0,73.0
92,26,32.0,73.0
88,26,32.0,73.0
84,26,32.0,73.0
80,26,32.0,73.0
76,26,32.0,73.0
72,26,32.0,73.0
68,27,32.0,73.0
64,26,32.0,73.0
60,26,32.0,73.0
57,26,32.0,73.0
54,26,32.0,73.0
51,26,32.0,73.0
48,27,32.0,73.0
46,27,32.0,73.0
44,27,32.0,73.0
43,27,32.0,73.0
42,27,32.0,73.0
41,27,32.0,73.0
41,26,32.0,73.0
41,26,32.0,73.0
41,26,32.0,73.0
42,26,32.0,73.0
43,27,32.0,73.0
44,26,32.0,73.0
45,26,32.0,73.0
47,26,32.0,73.0
50,26,32.0,73.0
53,26,32.0,73.0
57,26,32.0,73.0
61,26,32.0,73.0
65,27,32.0,73.0
68,27,32.0,73.0
71,27,32.0,73.0
74,27,32.0,73.0
77,27,32.0,73.0
80,27,32.0,73.0
82,27,32.0,73.0
85,26,32.0,73.0
87,26,32.0,73.0
89,26,32.0,73.0
91,26,32.0,73.0
93,26,32.0,73.0
95,27,32.0,73.0
96,27,32.0,73.0
98,27,32.0,73.0
99,27,32.0,73.0
100,27,32.0,73.0
101,27,32.0,73.0
102,27,32.0,73.0
102,27,32.0,73.0
103,27,32.0,73.0
103,27,32.0,73.0
103,26,32.0,73.0
103,26,32.0,73.0
104,26,32.0,73.0
104,26,32.0,73.0
104,26,32.0,73.0
104,26,32.0,73.0
105,25,32.0,73.0
105,25,32.0,73.0
106,25,32.0,73.0
106,25,32.0,73.0
106,25,32.0,73.0
106,25,32.0,73.0
107,25,32.0,73.0
107,25,32.0,73.0
107,25,32.0,73.0
107,25,32.0,73.0
107,25,32.0,73.0
106,25,32.0,73.0
106,24,32.0,73.0
106,24,32.0,73.0
106,24,32.0,73.0
106,24,32.0,73.0
106,24,32.0,73.0
106,24,32.0,73.0
107,23,32.0,73.0
107,23,32.0,73.0
107,23,32.0,73.0
107,23,32.0,73.0
107,24,32.0,73.0
107,23,32.0,73.0
107,23,32.0,73.0
107,23,32.0,73.0
107,22,32.0,73.0
107,22,32.0,73.0
107,21,32.0,73.0
107,20,32.0,73.0
107,19,32.0,73.0
107,19,32.0,73.0
107,18,32.0,73.0
107,18,32.0,73.0
107,17,32.0,73.0
106,15,32.0,73.0
106,14,32.0,73.0
105,13,32.0,73.0
105,13,32.0,73.0
104,12,32.0,73.0
104,10,32.0,73.0
103,9,32.0,73.0
103,8,32.0,73.0
102,7,32.0,73.0
102,6,32.0,73.0
101,5,32.0,73.0
101,4,32.0,73.0
101,3,32.0,73.0
101,2,32.0,73.0
100,2,32.0,73.0
100,1,32.0,73.0
99,0,32.0,73.0
99,0,32.0,73.0
98,0,32.0,73.0
98,0,32.0,73.0
97,0,32.0,73.0
96,0,32.0,73.0
96,0,32.0,73.0
95,0,32.0,73.0
95,1,32.0,73.0
95,2,32.0,73.0
95,3,32.0,73.0
94,4,32.0,73.0
94,5,32.0,73.0
94,7,32.0,73.0
93,8,32.0,73.0
93,10,32.0,73.0
92,11,32.0,73.0
92,13,32.0,73.0
91,14,32.0,73.0
91,16,32.0,73.0
91,18,32.0,73.0
90,19,32.0,73.0
90,21,32.0,73.0
89,22,32.0,73.0
89,23,32.0,73.0
89,25,32.0,73.0
88,26,32.0,73.0
88,26,32.0,73.0
88,27,32.0,73.0
87,27,32.0,73.0
86,27,32.0,73.0
85,26,32.0,73.0
84,27,32.0,73.0
83,27,32.0,73.0
82,27,32.0,73.0
80,27,32.0,73.0
78,27,32.0,73.0
77,27,32.0,73.0
75,27,32.0,73.0
73,27,32.0,73.0
71,26,32.0,73.0
68,26,32.0,73.0
65,25,32.0,73.0
63,25,32.0,73.0
60,25,32.0,73.0
57,24,32.0,73.0
53,23,32.0,73.0
49,22,32.0,73.0
45,22,32.0,73.0
41,21,32.0,73.0
37,21,32.0,73.0
34,20,32.0,73.0
30,20,32.0,73.0
27,19,32.0,73.0
25,19,32.0,73.0
22,20,32.0,73.0
20,20,32.0,73.0
17,20,32.0,73.0
14,20,32.0,73.0
12,20,32.0,73.0
10,20,32.0,73.0
8,20,32.0,73.0
5,19,32.0,73.0
3,19,32.0,73.0
2,20,32.0,73.0
0,20,32.0,73.0
0,21,32.0,73.0
0,22,32.0,73.0
0,23,32.0,73.0
0,23,32.0,73.0
0,23,32.0,73.0
0,24,32.0,73.0
0,24,32.0,73.0
0,25,32.0,73.0
0,25,32.0,73.0
0,25,32.0,73.0
0,25,32.0,73.0
0,25,32.0,73.0
0,24,32.0,73.0
0,24,32.0,73.0
0,24,32.0,73.0
1,24,32.0,73.0
2,23,32.0,73.0
4,23,32.0,73.0
6,23,32.0,73.0
9,23,32.0,73.0
12,23,32.0,73.0
15,23,32.0,73.0
18,22,32.0,73.0
21,22,32.0,73.0
24,21,32.0,73.0
28,21,32.0,73.0
31,20,32.0,73.0
35,19,32.0,73.0
40,19,32.0,73.0
45,19,32.0,73.0
50,18,32.0,73.0
55,18,32.0,73.0
60,18,32.0,73.0
64,17,32.0,73.0
69,16,32.0,73.0
73,16,32.0,73.0
77,15,32.0,73.0
81,14,32.0,73.0
84,14,32.0,73.0
87,13,32.0,73.0
91,12,32.0,73.0
94,12,32.0,73.0
97,12,32.0,73.0
100,12,32.0,73.0
103,11,32.0,73.0
106,11,32.0,73.0
108,11,32.0,73.0
110,11,32.0,73.0
112,11,32.0,73.0
114,11,32.0,73.0
115,11,32.0,73.0
117,11,32.0,73.0
118,11,32.0,73.0
119,11,32.0,73.0
121,11,32.0,73.0
122,11,32.0,73.0
123,11,32.0,73.0
123,11,32.0,73.0
123,11,32.0,73.0
123,11,32.0,73.0
123,12,32.0,73.0
122,12,32.0,73.0
120,12,32.0,73.0
119,11,32.0,73.0
117,11,32.0,73.0
115,12,32.0,73.0
112,12,32.0,73.0
108,12,32.0,73.0
104,12,32.0,73.0
100,12,32.0,73.0
96,12,32.0,73.0
92,12,32.0,73.0
88,12,32.0,73.0
84,12,32.0,73.0
80,11,32.0,73.0
75,11,32.0,73.0
71,11,32.0,73.0
67,12,32.0,73.0
62,12,32.0,73.0
58,13,32.0,73.0
54,13,32.0,73.0
50,13,32.0,73.0
47,13,32.0,73.0
44,13,32.0,73.0
41,13,32.0,73.0
39,13,32.0,73.0
37,13,32.0,73.0
35,14,32.0,73.0
33,14,32.0,73.0
32,14,32.0,73.0
31,14,32.0,73.0
30,14,32.0,73.0
29,14,32.0,73.0
29,14,32.0,73.0
28,14,32.0,73.0
28,14,32.0,73.0
28,14,32.0,73.0
29,14,32.0,73.0
30,14,32.0,73.0
31,14,32.0,73.0
33,13,32.0,73.0
34,13,32.0,73.0
36,12,32.0,73.0
39,11,32.0,73.0
42,10,32.0,73.0
45,8,32.0,73.0
48,6,32.0,73.0
51,4,32.0,73.0
54,2,32.0,73.0
57,0,32.0,73.0
60,0,32.0,73.0
63,0,32.0,73.0
66,0,32.0,73.0
69,0,32.0,73.0
72,0,32.0,73.0
75,0,32.0,73.0
78,0,32.0,73.0
80,0,32.0,73.0
83,0,32.0,73.0
86,0,32.0,73.0
89,0,32.0,73.0
92,0,32.0,73.0
96,0,32.0,73.0
99,0,32.0,73.0
101,0,32.0,73.0
104,0,32.0,73.0
107,0,32.0,73.0
109,0,32.0,73.0
111,0,32.0,73.0
113,0,32.0,73.0
114,0,32.0,73.0
115,0,32.0,73.0
116,0,32.0,73.0
117,0,32.0,73.0
118,0,32.0,73.0
119,0,32.0,73.0
119,0,32.0,73.0
119,0,32.0,73.0
120,0,32.0,73.0
120,0,32.0,73.0
120,0,32.0,73.0
119,0,32.0,73.0
119,0,32.0,73.0
118,0,32.0,73.0
118,0,32.0,73.0
117,0,32.0,73.0
116,0,32.0,73.0
115,0,32.0,73.0
114,0,32.0,73.0
114,0,32.0,73.0
113,0,32.0,73.0
112,0,32.0,73.0
111,0,32.0,73.0
110,0,32.0,73.0
109,0,32.0,73.0
108,0,32.0,73.0
107,0,32.0,73.0
106,0,32.0,73.0
105,0,32.0,73.0
105,0,32.0,73.0
104,0,32.0,73.0
104,0,32.0,73.0
104,0,32.0,73.0
105,0,32.0,73.0
106,0,32.0,73.0
107,0,32.0,73.0
108,0,32.0,73.0
110,0,32.0,73.0
112,0,32.0,73.0
114,0,32.0,73.0
117,0,32.0,73.0
120,0,32.0,73.0
123,0,32.0,73.0
126,0,32.0,73.0
130,0,32.0,73.0
134,0,32.0,73.0
138,0,32.0,73.0
142,0,32.0,73.0
146,0,32.0,73.0
150,0,32.0,73.0
153,0,32.0,73.0
158,0,32.0,73.0
161,0,32.0,73.0
165,0,32.0,73.0
168,0,32.0,73.0
172,0,32.0,73.0
175,0,32.0,73.0
178,0,32.0,73.0
180,0,32.0,73.0
182,0,32.0,73.0
184,0,32.0,73.0
185,0,32.0,73.0
186,0,32.0,73.0
187,0,32.0,73.0
188,0,32.0,73.0
188,0,32.0,73.0
188,0,32.0,73.0
187,0,32.0,73.0
185,0,32.0,73.0
183,0,32.0,73.0
181,0,32.0,73.0
179,0,32.0,73.0
177,0,32.0,73.0
175,0,32.0,73.0
171,0,32.0,73.0
167,0,32.0,73.0
162,0,32.0,73.0
158,0,32.0,73.0
154,0,32.0,73.0
149,0,32.0,73.0
145,0,32.0,73.0
142,0,32.0,73.0
139,0,32.0,73.0
136,0,32.0,73.0
133,0,32.0,73.0
131,0,32.0,73.0
128,0,32.0,73.0
126,0,32.0,73.0
124,0,32.0,73.0
122,0,32.0,73.0
120,0,32.0,73.0
119,0,32.0,73.0
118,0,32.0,73.0
118,0,32.0,73.0
118,0,32.0,73.0
118,0,32.0,73.0
119,0,32.0,73.0
121,0,32.0,73.0
123,0,32.0,73.0
125,6,32.0,73.0
125,0,32.0,73.0
125,0,32.0,73.0
127,0,32.0,73.0
129,0,32.0,73.0
130,0,32.0,73.0
133,0,32.0,73.0
136,0,32.0,73.0
141,0,32.0,73.0
146,0,32.0,73.0
149,0,32.0,73.0
153,0,32.0,73.0
156,0,32.0,73.0
159,0,32.0,73.0
162,0,32.0,73.0
165,0,32.0,73.0
168,0,32.0,73.0
171,0,32.0,73.0
173,0,32.0,73.0
175,0,32.0,73.0
176,1,32.0,73.0
177,2,32.0,73.0
178,3,32.0,73.0
179,4,32.0,73.0
180,4,32.0,73.0
181,4,32.0,73.0
181,4,32.0,73.0
181,4,32.0,73.0
181,3,32.0,73.0
181,3,32.0,73.0
181,2,32.0,73.0
181,1,32.0,73.0
180,0,32.0,73.0
179,0,32.0,73.0
178,0,32.0,73.0
177,0,32.0,73.0
176,0,32.0,73.0
174,0,32.0,73.0
172,0,32.0,73.0
169,0,32.0,73.0
166,0,32.0,73.0
162,0,32.0,73.0
159,0,32.0,73.0
155,0,32.0,73.0
151,0,32.0,73.0
147,0,32.0,73.0
142,0,32.0,73.0
138,0,32.0,73.0
132,1,32.0,73.0
126,7,32.0,73.0
121,11,32.0,73.0
108,39,32.0,73.0
100,47,32.0,73.0
95,47,32.0,73.0
91,46,32.0,73.0
86,45,32.0,73.0
81,44,32.0,73.0
77,43,32.0,73.0
72,42,32.0,73.0
67,41,32.0,73.0
62,41,32.0,73.0
58,41,32.0,73.0
54,41,32.0,73.0
50,41,32.0,73.0
46,42,32.0,73.0
43,42,32.0,73.0
40,42,32.0,73.0
37,43,32.0,73.0
34,43,32.0,73.0
31,43,32.0,73.0
29,43,32.0,73.0
27,44,32.0,73.0
25,44,32.0,73.0
24,45,32.0,73.0
23,46,32.0,73.0
22,47,32.0,73.0
23,47,32.0,73.0
24,47,32.0,73.0
25,47,32.0,73.0
26,48,32.0,73.0
27,48,32.0,73.0
29,48,32.0,73.0
31,50,32.0,73.0
34,50,32.0,73.0
37,50,32.0,73.0
40,49,32.0,73.0
43,49,32.0,73.0
47,49,32.0,73.0
51,48,32.0,73.0
56,48,32.0,73.0
61,49,32.0,73.0
67,50,32.0,73.0
73,50,32.0,73.0
79,51,32.0,73.0
85,53,32.0,73.0
90,54,32.0,73.0
96,56,32.0,73.0
101,58,32.0,73.0
106,60,32.0,73.0
111,61,32.0,73.0
117,62,32.0,73.0
122,64,32.0,73.0
126,65,32.0,73.0
130,67,32.0,73.0
134,69,32.0,73.0
138,70,32.0,73.0
141,71,32.0,73.0
143,72,32.0,73.0
145,72,32.0,73.0
146,72,32.0,73.0
147,72,32.0,73.0
148,71,32.0,73.0
149,71,32.0,73.0
150,70,32.0,73.0
150,69,32.0,73.0
150,68,32.0,73.0
149,68,32.0,73.0
148,67,32.0,73.0
147,67,32.0,73.0
146,67,32.0,73.0
145,67,32.0,73.0
145,67,32.0,73.0
144,67,32.0,73.0
142,68,32.0,73.0
141,68,32.0,73.0
139,69,32.0,73.0
137,69,32.0,73.0
136,69,32.0,73.0
134,70,32.0,73.0
132,70,32.0,73.0
130,70,32.0,73.0
128,70,32.0,73.0
126,70,32.0,73.0
124,70,32.0,73.0
122,70,32.0,73.0
121,70,32.0,73.0
122,70,32.0,73.0
124,70,32.0,73.0
123,62,32.0,73.0
120,59,32.0,73.0
125,44,32.0,73.0
128,39,32.0,73.0
137,14,32.0,73.0
139,8,32.0,73.0
139,6,32.0,73.0
140,6,32.0,73.0
140,6,32.0,73.0
141,6,32.0,73.0
142,7,32.0,73.0
143,7,32.0,73.0
144,7,32.0,73.0
145,8,32.0,73.0
146,9,32.0,73.0
148,10,32.0,73.0
149,10,32.0,73.0
150,11,32.0,73.0
152,11,32.0,73.0
154,12,32.0,73.0
156,14,32.0,73.0
158,15,32.0,73.0
160,16,32.0,73.0
162,17,32.0,73.0
164,18,32.0,73.0
166,19,32.0,73.0
168,21,32.0,73.0
170,22,32.0,73.0
172,23,32.0,73.0
174,24,32.0,73.0
175,25,32.0,73.0
176,26,32.0,73.0
177,27,32.0,73.0
178,28,32.0,73.0
178,29,32.0,73.0
178,30,32.0,73.0
179,31,32.0,73.0
179,32,32.0,73.0
179,32,32.0,73.0
179,32,32.0,73.0
180,33,32.0,73.0
180,33,32.0,73.0
180,34,32.0,73.0
180,34,32.0,73.0
180,34,32.0,73.0
180,34,32.0,73.0
180,34,32.0,73.0
180,34,32.0,73.0
180,34,32.0,73.0
180,34,32.0,73.0
180,34,32.0,73.0
180,33,32.0,73.0
181,30,32.0,73.0
181,28,32.0,73.0
180,26,32.0,73.0
179,26,32.0,73.0
177,25,32.0,73.0
175,25,32.0,73.0
173,25,32.0,73.0
171,24,32.0,73.0
169,24,32.0,73.0
166,23,32.0,73.0
164,22,32.0,73.0
162,22,32.0,73.0
159,22,32.0,73.0
156,21,32.0,73.0
153,21,32.0,73.0
151,21,32.0,73.0
148,20,32.0,73.0
146,20,32.0,73.0
144,20,32.0,73.0
142,20,32.0,73.0
