294,144,42,148
295,144,42,148
295,145,42,148
296,144,42,148
298,146,42,148
298,144,42,148
298,146,42,148
298,146,42,148
297,146,42,148
298,145,42,148
295,146,42,148
293,146,42,148
291,146,42,148
289,146,42,148
287,146,42,148
285,146,42,148
282,147,42,148
280,148,42,148
278,147,42,148
277,148,42,148
275,148,42,148
274,149,42,148
274,151,42,148
273,151,42,148
276,155,40,141
275,156,40,141
273,156,40,141
273,157,40,141
272,157,40,141
271,163,38,135
269,164,38,135
270,165,38,135
268,167,38,135
266,167,38,135
266,168,38,135
264,167,38,135
262,167,38,135
261,167,38,135
258,168,38,135
257,167,38,135
256,169,38,135
256,170,38,135
255,170,38,135
256,168,38,135
258,171,37,129
259,173,35,123
260,174,35,123
262,171,35,123
262,173,33,118
264,174,32,113
262,178,31,107
262,178,31,107
260,175,31,107
258,172,32,113
258,171,32,113
259,172,31,108
260,171,31,108
258,168,32,113
258,168,32,113
255,164,34,118
253,160,35,124
254,156,37,130
254,151,39,136
257,146,41,143
258,144,43,150
262,139,45,157
258,142,45,157
261,134,47,165
258,141,45,157
261,141,45,157
263,134,47,165
255,139,45,158
253,141,43,150
250,139,43,150
251,138,43,150
248,140,43,150
252,141,41,144
254,143,41,144
256,144,39,137
257,149,37,131
258,151,36,125
258,150,36,125
259,152,36,125
260,153,34,120
260,153,34,120
262,153,34,120
262,152,34,120
263,152,34,120
263,153,34,120
266,155,32,114
266,156,31,109
265,157,31,109
267,157,31,109
267,157,31,109
267,156,33,115
268,154,33,115
270,155,33,115
272,154,33,115
273,156,33,115
274,154,34,120
275,154,34,120
277,155,34,120
279,156,34,120
282,153,34,120
282,155,33,115
287,157,31,110
286,160,31,110
287,157,33,115
286,183,31,110
290,185,33,115
294,183,34,121
307,183,36,126
313,183,38,133
321,182,40,139
328,181,41,146
335,177,44,153
343,173,46,160
350,174,44,153
359,175,42,146
366,177,40,140
371,178,40,140
379,175,42,146
387,177,42,146
389,174,44,153
395,172,44,153
397,173,44,153
404,171,44,153
408,173,44,153
412,175,42,147
421,176,42,147
428,177,42,147
432,178,42,147
434,179,42,147
438,177,42,147
439,173,44,154
441,167,46,161
448,169,46,161
451,167,46,161
454,169,46,161
457,169,46,161
460,168,46,161
463,161,48,169
467,161,48,169
472,161,48,169
482,162,46,161
491,168,44,154
494,166,44,154
498,167,44,154
502,165,46,162
509,167,46,162
513,168,46,162
517,167,46,162
521,168,46,162
525,168,46,162
532,169,46,162
536,170,46,162
539,168,46,162
542,174,44,154
546,173,44,154
548,175,44,154
555,178,42,147
558,179,42,147
561,178,42,147
564,180,42,147
567,178,44,155
570,176,46,162
575,174,46,162
578,176,46,162
582,174,46,162
587,179,44,155
590,180,42,148
595,185,40,141
599,186,38,135
602,188,38,135
606,189,37,129
608,191,35,123
606,193,33,118
610,199,32,112
604,203,30,107
603,200,29,103
606,205,28,98
607,199,28,98
608,201,27,94
610,208,25,89
612,212,24,85
613,218,23,82
614,221,22,78
614,221,23,82
612,217,24,86
614,222,23,82
609,216,24,86
612,219,23,82
607,227,22,78
608,227,21,75
610,229,21,75
612,228,21,75
612,227,21,75
613,225,21,75
613,224,20,71
615,225,19,68
616,229,18,65
617,232,18,62
618,233,18,62
619,234,17,59
620,236,16,57
622,237,15,54
625,237,15,52
627,236,14,49
624,231,15,52
622,226,15,54
619,221,16,57
618,216,17,60
616,217,18,63
619,229,17,60
617,240,17,60
618,237,17,60
619,238,16,57
618,234,17,60
616,233,17,60
617,232,17,60
619,230,17,60
619,228,17,60
621,227,16,57
622,227,15,55
624,227,15,52
627,227,15,52
628,228,15,55
624,229,15,52
623,224,15,52
623,222,14,50
622,232,15,52
620,233,15,55
622,236,15,55
623,236,15,55
622,237,15,55
622,238,15,55
623,239,15,55
623,239,15,55
622,241,15,55
621,238,16,58
622,239,16,58
621,241,16,58
621,242,16,58
621,243,16,58
622,243,16,58
621,244,16,58
623,244,15,55
622,244,15,55
623,243,15,55
622,243,15,55
623,244,15,53
623,245,15,53
622,246,15,53
624,245,15,53
623,245,15,53
623,246,15,53
623,247,15,53
622,247,15,53
624,246,15,53
623,247,15,53
622,246,15,53
623,247,15,53
623,247,15,53
622,247,15,53
624,247,15,53
623,247,15,53
623,247,15,53
622,247,15,53
623,246,15,53
623,247,15,53
623,247,15,53
623,247,15,53
622,246,15,53
624,245,15,53
623,245,15,53
623,244,15,53
623,244,15,53
622,245,15,53
624,245,15,53
623,244,15,53
623,244,15,53
623,244,15,53
622,244,15,53
624,244,15,53
623,243,15,53
623,243,15,53
623,243,15,53
622,244,15,53
624,244,15,53
625,244,15,53
625,243,15,53
624,240,15,53
622,239,15,53
625,243,14,50
626,247,13,48
623,244,14,50
625,247,13,48
623,243,14,50
622,240,15,53
621,235,16,55
623,238,15,53
623,238,15,53
624,239,14,51
625,241,13,48
625,241,13,46
626,241,12,44
626,241,12,44
626,241,12,44
625,240,12,44
627,242,12,42
625,240,12,44
627,240,12,44
627,242,12,42
627,240,12,42
625,238,12,44
627,237,12,44
626,237,12,44
627,238,12,42
627,237,12,42
627,236,12,42
627,237,12,42
625,235,12,44
627,237,12,44
626,236,12,44
627,237,12,42
626,233,12,44
627,234,12,44
626,234,12,44
627,234,12,42
627,234,12,42
627,233,12,42
627,233,12,42
626,232,12,42
628,231,12,42
627,231,12,42
626,229,12,44
628,230,12,42
627,229,12,42
627,229,12,42
627,229,12,42
627,228,12,42
628,228,12,42
627,228,12,42
627,228,12,42
627,227,12,42
627,226,12,42
628,226,12,42
627,227,12,42
627,225,12,42
627,225,12,42
628,224,12,42
627,223,12,42
627,223,12,42
627,222,12,42
627,222,12,42
628,222,12,42
627,221,12,42
627,220,12,42
627,219,12,42
627,219,12,42
628,218,12,42
627,217,12,42
627,217,12,42
628,217,12,42
627,216,12,42
627,215,12,42
628,214,12,42
627,212,12,42
628,211,12,42
627,210,12,42
627,209,12,42
628,208,12,42
627,208,12,42
627,209,12,42
628,208,12,42
627,208,12,42
628,208,12,42
627,208,12,42
628,209,12,42
627,209,12,42
628,209,12,42
627,210,12,42
628,210,12,42
628,210,12,42
627,211,12,42
628,212,12,42
627,213,12,42
628,214,12,42
628,215,12,42
627,216,12,42
628,217,12,42
627,218,12,42
628,219,12,42
628,219,12,42
627,220,12,42
628,221,12,42
628,222,12,42
627,223,12,42
628,224,12,42
628,225,12,42
628,226,12,42
627,228,12,42
628,228,12,42
628,229,12,42
628,230,12,42
627,230,12,42
628,230,12,42
628,230,12,42
628,230,12,42
628,231,12,42
627,231,12,42
628,231,12,42
628,231,12,42
628,232,12,42
628,233,12,42
627,233,12,42
628,234,12,42
628,235,12,42
628,235,12,42
628,235,12,42
628,236,12,42
628,237,12,42
627,237,12,42
628,237,12,42
628,239,12,42
628,240,12,42
628,241,12,42
627,240,12,44
627,241,12,44
627,241,12,44
627,242,12,44
627,243,12,44
627,243,12,44
628,243,12,44
627,244,12,44
627,246,12,44
629,248,12,42
628,249,12,42
628,250,12,42
627,251,12,42
628,253,12,42
628,254,12,42
627,255,12,42
628,257,12,42
628,257,12,42
627,258,12,42
628,260,12,42
628,260,12,42
627,261,12,42
628,262,12,42
628,264,12,42
627,266,12,42
627,266,12,42
628,267,12,42
627,269,12,42
627,271,12,42
628,273,12,42
627,275,12,42
627,278,12,42
628,279,12,42
627,280,12,42
628,281,12,42
628,283,12,42
627,283,12,42
628,284,12,42
627,285,12,42
627,286,12,42
628,287,12,42
628,288,12,42
627,289,12,42
628,289,12,42
628,290,12,42
627,290,12,42
627,292,12,42
628,292,12,42
628,293,12,42
627,293,12,42
628,294,12,42
628,295,12,42
627,294,12,42
627,295,12,42
628,295,12,42
628,294,12,42
628,294,12,42
628,294,12,42
627,294,12,42
628,293,12,42
628,292,12,42
627,291,12,42
627,290,12,42
628,288,12,42
628,287,12,42
627,286,12,42
627,286,12,42
628,285,12,42
628,285,12,42
627,284,12,42
627,283,12,42
628,283,12,42
628,281,12,42
628,281,12,42
627,280,12,42
628,280,12,42
628,280,12,42
628,280,12,42
627,281,12,42
627,281,12,42
628,281,12,42
628,281,12,42
627,281,12,42
628,280,12,42
628,280,12,42
627,279,12,42
627,279,12,42
628,278,12,42
628,279,12,42
628,279,12,42
627,279,12,42
627,279,12,42
628,278,12,42
628,279,12,42
628,279,12,42
627,278,12,42
627,278,12,42
628,277,12,42
628,276,12,42
627,277,12,42
627,276,12,42
628,276,12,42
628,276,12,42
628,276,12,42
628,275,12,42
627,275,12,42
627,275,12,42
628,274,12,42
628,276,12,42
628,275,12,42
628,275,12,42
627,275,12,42
627,275,12,42
628,274,12,42
628,273,12,42
628,273,12,42
627,273,12,42
627,273,12,42
627,272,12,42
627,272,12,42
627,271,12,42
627,270,12,42
627,270,12,42
627,270,12,42
627,269,12,42
627,268,12,42
627,267,12,42
628,266,12,42
628,265,12,42
628,263,12,42
627,262,12,42
628,261,12,42
628,261,12,42
628,260,12,42
627,260,12,42
627,259,12,42
628,259,12,42
628,259,12,42
628,259,12,42
628,258,12,42
628,257,12,42
627,258,12,42
627,259,12,42
628,259,12,42
628,258,12,42
628,258,12,42
628,258,12,42
627,258,12,42
627,260,12,42
628,259,12,42
628,260,12,42
628,259,12,42
628,260,12,42
628,260,12,42
628,260,12,42
628,261,12,42
628,261,12,42
628,261,12,42
628,261,12,42
628,262,12,42
628,263,12,42
628,263,12,42
628,263,12,42
628,264,12,42
628,265,12,42
628,265,12,42
628,266,12,42
628,265,12,42
628,266,12,42
628,267,12,42
628,267,12,42
627,269,12,42
627,270,12,42
627,271,12,42
627,272,12,42
627,274,12,42
627,276,12,42
628,277,12,42
628,278,12,42
628,281,12,42
628,283,12,42
627,284,12,44
629,289,12,42
628,290,12,45
627,293,13,47
628,298,12,45
628,301,12,45
627,303,13,47
627,307,12,45
628,310,12,45
628,311,12,45
628,312,12,45
628,314,12,45
628,316,12,45
628,316,12,45
628,318,12,45
628,320,12,45
628,321,12,45
628,322,12,45
628,323,12,45
629,326,12,43
628,326,12,43
628,327,12,43
628,328,12,43
629,329,12,43
629,330,12,43
629,330,12,43
629,332,12,43
629,332,12,43
629,333,12,43
629,334,12,43
629,334,12,43
629,334,12,43
629,333,12,43
629,332,12,43
628,331,12,43
628,330,12,43
628,330,12,43
629,329,12,43
629,329,12,43
628,328,12,43
628,327,12,43
629,327,12,43
629,327,12,43
628,327,12,43
628,326,12,43
629,327,12,43
629,327,12,43
628,328,12,43
628,327,12,43
629,327,12,43
629,327,12,43
628,327,12,43
628,327,12,43
629,328,12,43
629,329,12,43
628,328,12,43
628,328,12,43
629,329,12,43
628,329,12,43
629,329,12,43
629,328,12,43
628,328,12,43
628,328,12,43
629,328,12,43
629,326,12,43
628,327,12,43
628,326,12,43
629,326,12,43
629,327,12,43
628,326,12,43
629,327,12,43
629,328,12,43
628,328,12,43
629,329,12,43
629,329,12,43
628,330,12,43
628,332,12,43
629,332,12,43
629,333,12,43
628,333,12,43
628,333,12,43
629,334,12,43
628,333,12,43
629,334,12,43
629,334,12,43
629,334,12,43
629,335,12,43
628,334,12,43
629,334,12,43
629,334,12,43
628,333,12,43
629,332,12,43
628,332,12,43
628,333,12,43
629,332,12,43
629,332,12,43
628,333,12,43
629,332,12,43
629,332,12,43
629,330,12,43
629,330,12,43
628,329,12,43
628,328,12,43
629,327,12,43
629,325,12,43
628,325,12,43
629,324,12,43
628,322,12,43
629,321,12,43
629,319,12,43
629,318,12,43
629,316,12,43
628,315,12,43
629,312,12,43
628,311,12,43
629,309,12,43
628,308,12,43
629,307,12,43
628,306,12,43
629,306,12,43
628,305,12,43
629,306,12,43
628,305,12,43
629,305,12,43
628,306,12,43
629,305,12,43
628,306,12,43
629,307,12,43
628,307,12,43
629,308,12,43
628,308,12,43
629,309,12,43
628,311,12,43
629,311,12,43
628,311,12,43
629,312,12,43
628,313,12,43
629,314,12,43
628,314,12,43
629,314,12,43
628,313,12,43
629,313,12,43
628,313,12,43
629,313,12,43
628,314,12,43
629,314,12,43
628,314,12,43
629,314,12,43
628,314,12,43
629,314,12,43
628,315,12,43
629,314,12,43
628,314,12,43
629,314,12,43
628,314,12,43
629,315,12,43
628,315,12,43
629,315,12,43
629,315,12,43
629,315,12,43
629,315,12,43
629,314,12,43
629,314,12,43
629,314,12,43
628,313,12,43
629,314,12,43
628,312,12,43
629,312,12,43
629,312,12,43
629,311,12,43
629,312,12,43
629,311,12,43
629,310,12,43
629,310,12,43
629,308,12,43
629,307,12,43
629,307,12,43
629,305,12,43
629,304,12,43
629,303,12,43
629,302,12,43
629,302,12,43
629,301,12,43
629,300,12,43
629,300,12,43
629,299,12,43
629,299,12,43
629,299,12,43
629,298,12,43
629,299,12,43
629,299,12,43
629,299,12,43
629,299,12,43
629,298,12,43
629,299,12,43
629,298,12,43
629,297,12,43
629,298,12,43
629,298,12,43
629,299,12,43
629,298,12,43
629,299,12,43
629,299,12,43
629,299,12,43
629,300,12,43
629,301,12,43
629,301,12,43
629,302,12,43
629,302,12,43
629,304,12,43
629,304,12,43
629,305,12,43
629,306,12,43
629,307,12,43
629,307,12,43
629,308,12,43
629,309,12,43
629,309,12,43
629,310,12,43
629,311,12,43
629,310,12,43
629,311,12,43
629,311,12,43
629,311,12,43
629,311,12,43
629,311,12,43
629,312,12,43
629,312,12,43
629,312,12,43
629,313,12,43
629,312,12,43
629,312,12,43
629,311,12,43
629,311,12,43
629,311,12,43
629,310,12,43
629,310,12,43
629,310,12,43
629,309,12,43
629,310,12,43
629,309,12,43
629,308,12,43
629,309,12,43
630,308,12,43
630,308,12,43
629,308,12,43
629,308,12,43
629,309,12,43
629,308,12,43
629,307,12,43
629,308,12,43
630,307,12,43
629,307,12,43
630,308,12,43
630,307,12,43
629,308,12,43
630,308,12,43
629,307,12,43
629,308,12,43
629,307,12,43
630,307,12,43
630,307,12,43
629,307,12,43
629,307,12,43
628,306,12,45
629,307,12,45
629,308,12,45
630,307,12,45
629,307,12,45
630,309,12,45
630,309,12,45
629,309,12,45
630,309,12,45
630,310,12,45
629,311,12,45
630,310,12,45
630,310,12,43
630,311,12,43
630,309,12,43
630,310,12,43
630,310,12,43
631,312,11,41
630,311,11,41
629,312,11,41
630,312,11,41
629,312,11,41
630,312,11,41
629,312,11,41
630,312,11,41
630,312,11,41
629,312,11,41
630,313,11,41
629,314,11,41
630,314,11,41
630,314,11,41
629,314,11,41
630,313,11,41
629,315,11,41
630,314,11,41
630,314,11,41
629,315,11,41
630,314,11,41
629,314,11,41
630,314,11,41
629,313,11,41
630,313,11,41
630,312,11,41
629,312,11,41
630,313,11,41
629,314,11,41
629,314,11,41
630,315,11,41
629,315,11,41
630,316,11,41
629,316,11,41
630,316,11,41
630,317,11,41
629,317,11,41
630,318,11,41
629,319,11,41
630,321,11,41
629,322,11,41
630,325,11,41
629,326,11,41
630,329,11,41
629,331,11,41
630,332,11,41
630,334,11,41
629,335,11,41
630,335,11,41
629,336,11,41
630,337,11,41
630,339,11,41
629,340,11,41
630,341,11,41
629,343,11,41
630,344,11,41
630,344,11,41
629,346,11,41
630,346,11,41
629,347,11,41
630,347,11,41
629,347,11,41
630,348,11,41
630,349,11,41
629,350,11,41
630,350,11,41
629,350,11,41
630,351,11,41
630,351,11,41
629,351,11,41
630,351,11,41
629,351,11,41
630,352,11,41
629,354,11,41
630,356,11,41
629,358,11,41
630,359,11,41
629,362,11,41
630,364,11,41
629,366,11,41
630,368,11,41
629,370,11,41
630,374,11,41
629,375,11,41
630,376,11,41
629,377,11,41
630,378,11,41
629,379,11,41
630,379,11,41
629,379,11,41
629,380,12,43
629,380,12,43
630,380,12,43
629,379,12,43
629,380,12,43
630,381,12,43
629,382,13,45
629,386,13,45
629,385,13,45
629,385,13,45
629,384,13,45
629,384,13,45
629,386,13,45
629,387,13,45
629,389,13,45
628,390,13,45
629,392,13,45
629,394,13,45
629,395,13,45
629,398,13,45
630,401,13,45
629,403,13,45
629,406,13,45
629,409,13,45
630,413,13,45
629,416,13,45
628,418,13,47
629,423,13,47
629,427,13,47
629,432,13,47
630,435,13,47
629,437,13,47
629,440,13,47
628,442,14,49
627,445,14,49
628,447,14,49
628,450,14,49
627,453,14,49
628,454,14,49
628,455,14,49
627,456,14,49
627,456,15,52
627,457,15,52
628,456,15,52
628,432,15,52
627,435,15,52
627,437,15,52
627,442,15,52
627,445,15,52
628,448,15,52
627,450,15,54
628,451,15,54
627,452,15,54
627,455,15,54
627,454,15,54
627,433,15,54
626,433,16,57
627,435,16,57
626,436,17,60
626,437,17,60
626,439,17,60
626,441,17,60
626,443,17,60
626,445,17,60
626,448,17,60
626,449,17,60
626,450,17,60
626,450,17,60
626,451,17,60
626,451,17,60
626,450,17,60
626,451,17,60
626,452,17,60
626,451,17,60
626,450,17,60
626,427,17,60
626,428,17,60
626,429,17,60
626,428,17,60
626,428,17,60
626,427,17,60
626,429,17,60
625,429,18,63
625,433,18,63
624,434,18,66
624,435,18,66
624,436,18,66
624,437,18,66
624,435,18,66
624,436,18,66
624,435,18,66
624,439,18,66
624,440,18,66
624,439,18,66
624,441,18,66
624,438,19,69
623,435,20,72
623,430,20,72
623,425,20,72
624,423,20,72
623,420,20,72
624,421,19,69
624,423,19,69
624,424,19,69
623,427,19,69
624,430,19,69
624,433,19,69
624,434,19,69
624,438,19,69
623,439,20,72
623,441,20,72
622,442,20,72
622,441,20,72
622,443,20,72
624,444,19,69
623,445,19,69
624,446,19,66
627,448,18,63
626,448,18,63
625,448,18,63
625,447,18,63
627,449,17,60
626,448,17,60
626,448,17,60
626,449,17,60
625,448,18,63
625,448,18,63
626,448,18,63
625,449,18,63
625,449,18,63
626,450,18,63
626,449,18,63
625,448,18,63
625,449,18,63
626,450,18,63
625,449,18,63
625,450,18,63
625,449,18,63
625,450,18,63
625,450,18,63
625,449,18,63
626,450,18,63
625,450,18,63
625,450,18,63
625,449,18,63
625,450,18,63
626,449,18,63
626,449,18,63
625,449,18,63
625,449,18,63
625,448,18,63
625,445,18,63
624,442,19,66
623,438,20,69
624,435,20,69
624,433,20,69
624,430,20,69
624,427,20,69
624,425,20,69
624,422,20,69
624,420,20,69
624,417,20,69
625,416,19,66
625,414,19,66
625,413,19,66
625,411,18,63
626,410,18,63
626,409,18,63
626,408,18,63
626,407,18,63
626,405,18,63
626,404,18,63
625,402,19,66
625,402,19,66
625,403,19,66
625,403,19,66
626,402,19,66
626,403,18,63
626,402,18,63
625,401,18,63
625,401,19,66
625,402,19,66
625,403,19,66
625,404,19,66
625,404,19,66
625,405,19,66
625,403,19,66
625,404,19,66
625,404,19,66
625,404,19,66
625,405,19,66
625,408,19,66
625,408,19,66
625,410,19,66
625,411,19,66
625,412,19,66
625,413,19,66
625,414,19,66
625,415,19,66
625,417,19,66
626,420,19,66
626,423,19,66
626,425,19,66
626,427,19,66
626,430,19,66
626,433,19,66
626,435,19,66
626,438,19,66
626,440,19,66
626,443,19,66
625,444,18,63
626,446,18,63
626,447,18,63
626,448,18,63
626,450,18,63
626,450,18,63
626,450,18,63
626,450,18,63
626,450,18,63
626,451,18,63
626,451,18,63
626,452,18,63
626,451,18,63
626,450,18,63
626,450,18,63
626,450,18,63
626,452,17,61
626,451,17,61
626,451,17,61
626,452,17,61
626,452,17,61
626,451,17,61
626,452,17,61
626,452,17,61
626,451,17,61
626,451,17,61
626,450,17,61
626,451,17,61
626,450,17,61
626,449,17,61
627,452,16,58
628,452,16,58
628,453,16,58
628,452,16,58
627,451,16,58
627,452,16,58
628,452,16,58
628,452,16,58
628,451,16,58
628,451,16,58
628,451,16,58
628,451,16,58
628,451,16,58
628,450,16,58
628,451,16,58
628,450,16,58
628,450,16,58
626,447,17,61
626,445,18,64
626,446,18,64
625,443,19,67
624,440,20,70
624,439,21,73
624,438,21,73
625,438,21,73
625,438,21,73
622,437,22,77
622,436,23,81
622,437,23,81
623,437,23,81
623,437,23,81
624,437,23,81
620,436,24,85
622,437,24,85
623,436,24,85
623,437,24,85
623,439,23,81
622,439,23,81
622,440,23,81
622,439,23,81
623,440,23,81
624,441,22,77
624,442,22,77
624,442,22,77
624,443,22,77
624,443,21,74
625,446,20,70
625,445,20,70
626,448,19,67
626,449,18,64
627,450,17,61
627,452,17,61
627,451,17,61
627,451,17,61
627,452,17,61
626,453,17,61
627,452,17,61
627,452,17,61
627,453,17,61
626,452,17,61
627,452,17,61
627,452,17,61
627,452,17,61
626,452,17,61
626,451,17,61
626,450,17,61
626,449,17,61
627,450,17,61
626,448,18,64
626,445,18,64
626,444,18,64
626,443,18,64
626,441,18,64
626,439,18,64
626,438,18,64
625,435,19,67
625,434,19,67
626,432,19,67
626,431,19,67
626,430,19,67
626,429,19,67
625,427,19,67
626,426,19,67
624,425,20,71
624,424,21,74
624,426,21,74
625,428,21,74
624,429,21,74
624,430,21,74
625,432,21,74
624,433,21,74
624,433,21,74
625,432,21,74
624,432,21,74
625,433,21,74
625,434,21,74
624,436,21,74
625,437,21,74
625,438,21,74
626,441,20,71
626,443,19,68
626,445,18,65
626,446,18,65
626,448,18,65
626,449,18,65
626,449,18,65
627,450,17,62
627,451,17,62
627,451,17,62
627,452,17,62
627,452,17,62
628,452,17,59
627,451,17,59
627,452,17,59
629,454,16,56
629,454,16,56
629,455,16,56
630,455,16,56
628,456,16,56
629,456,16,56
629,457,16,56
628,456,15,54
629,457,14,51
628,457,14,51
629,457,14,51
629,457,14,51
628,456,14,51
629,457,14,51
629,457,14,51
628,455,15,54
629,456,15,54
629,456,15,54
629,457,15,54
629,457,15,54
630,457,14,51
629,458,14,51
629,459,14,51
630,459,14,49
629,459,14,49
630,459,14,49
629,458,14,51
629,458,14,51
628,457,15,54
629,457,15,54
629,456,15,54
630,457,14,52
629,457,14,52
630,455,14,52
628,453,15,54
629,450,15,54
628,450,16,57
627,450,17,59
626,448,18,62
626,445,18,65
627,443,18,65
625,440,19,69
625,436,20,72
625,434,20,72
625,430,20,72
625,428,20,72
625,426,20,72
625,424,20,72
625,422,20,72
625,421,20,72
626,420,19,69
626,420,18,66
628,419,18,63
627,418,18,63
626,413,18,66
627,413,18,66
627,412,18,66
627,412,18,66
628,412,18,63
627,412,18,63
628,413,17,60
627,412,17,60
628,411,17,60
627,410,17,60
627,407,18,63
628,408,18,63
626,405,19,66
627,406,19,66
626,404,19,69
625,403,19,69
626,404,19,69
625,403,19,69
626,403,19,69
625,404,19,69
626,404,19,69
626,406,19,66
627,408,19,66
627,409,19,66
626,408,19,66
628,410,18,63
627,411,18,63
627,412,18,63
627,413,18,63
627,416,18,63
627,417,18,63
627,418,18,63
627,420,18,63
628,422,17,60
627,424,17,60
629,428,16,57
629,429,16,57
628,431,16,57
629,433,16,57
627,434,17,60
627,435,18,63
626,435,19,66
627,437,19,66
626,438,19,66
626,440,19,66
625,439,20,69
625,439,20,69
625,439,20,69
625,440,20,69
625,441,20,69
625,441,20,69
625,441,20,69
625,441,20,69
625,442,20,69
625,441,20,69
625,440,20,69
625,441,20,69
625,441,20,69
625,442,20,69
625,442,20,69
625,443,20,69
625,444,20,69
625,444,20,69
625,444,20,69
625,444,20,69
625,444,20,69
626,444,20,69
625,445,20,69
627,447,19,66
627,449,19,66
628,449,18,63
628,451,17,61
629,452,16,58
629,453,16,58
629,454,15,55
629,454,15,55
629,454,15,55
630,454,15,55
629,454,15,55
628,449,16,58
629,448,16,58
630,447,16,58
629,448,16,58
628,448,16,58
629,447,16,58
628,447,16,58
629,448,16,58
628,449,16,58
629,448,16,58
628,449,16,58
629,448,16,58
628,447,16,58
629,447,16,58
628,452,16,58
629,453,16,58
628,452,16,58
627,450,17,61
628,453,16,58
627,451,17,61
629,451,17,61
628,451,17,61
627,452,17,61
627,450,18,64
627,450,18,64
627,450,18,64
628,450,18,64
627,449,18,64
627,449,18,64
628,450,18,64
628,451,17,61
628,450,17,61
629,451,16,58
