32,60,68,78
37,62,68.0,78.0
42,66,68.0,78.0
48,69,68.0,78.0
55,73,68.0,78.0
63,74,68.0,78.0
69,73,68.0,78.0
71,71,68.0,78.0
76,65,68.0,78.0
85,62,68.0,78.0
97,65,68.0,78.0
110,73,68.0,78.0
121,81,68.0,78.0
127,81,68.0,78.0
131,78,68.0,78.0
134,74,68.0,78.0
139,72,68.0,78.0
146,70,68.0,78.0
157,68,68.0,78.0
175,68,68.0,78.0
191,68,68.0,78.0
204,67,68.0,78.0
221,66,68.0,78.0
237,64,68.0,78.0
254,64,68.0,78.0
268,64,68.0,78.0
281,63,68.0,78.0
291,62,68.0,78.0
293,60,68.0,78.0
293,60,68.0,78.0
287,60,68.0,78.0
275,61,68.0,78.0
260,61,68.0,78.0
248,61,68.0,78.0
234,60,68.0,78.0
221,62,68.0,78.0
208,64,68.0,78.0
195,66,68.0,78.0
184,69,68.0,78.0
170,70,68.0,78.0
156,64,68.0,78.0
145,66,68.0,78.0
135,66,68.0,78.0
128,67,68.0,78.0
123,73,68.0,78.0
120,76,68.0,78.0
117,77,68.0,78.0
114,77,68.0,78.0
112,76,68.0,78.0
111,75,68.0,78.0
112,74,68.0,78.0
114,74,68.0,78.0
120,74,68.0,78.0
128,74,68.0,78.0
141,73,68.0,78.0
166,76,68.0,78.0
187,75,68.0,78.0
202,72,68.0,78.0
217,71,68.0,78.0
233,69,68.0,78.0
249,68,68.0,78.0
265,67,68.0,78.0
282,65,68.0,78.0
294,63,68.0,78.0
302,60,68.0,78.0
307,59,68.0,78.0
308,58,68.0,78.0
305,58,68.0,78.0
296,60,68.0,78.0
282,63,68.0,78.0
264,67,68.0,78.0
247,70,68.0,78.0
227,72,68.0,78.0
209,74,68.0,78.0
189,75,68.0,78.0
166,76,68.0,78.0
144,74,68.0,78.0
124,71,68.0,78.0
106,68,68.0,78.0
87,65,68.0,78.0
66,62,68.0,78.0
46,61,68.0,78.0
28,62,68.0,78.0
12,62,68.0,78.0
4,61,68.0,78.0
0,64,68.0,78.0
0,63,68.0,78.0
0,64,68.0,78.0
0,63,68.0,78.0
4,58,68.0,78.0
9,58,68.0,78.0
13,59,68.0,78.0
16,60,68.0,78.0
21,65,68.0,78.0
30,67,68.0,78.0
36,68,68.0,78.0
43,70,68.0,78.0
51,73,68.0,78.0
60,76,68.0,78.0
70,79,68.0,78.0
81,82,68.0,78.0
97,87,68.0,78.0
115,91,68.0,78.0
133,92,68.0,78.0
151,93,68.0,78.0
174,94,68.0,78.0
195,93,68.0,78.0
219,97,68.0,78.0
243,101,68.0,78.0
266,102,68.0,78.0
291,104,68.0,78.0
312,105,68.0,78.0
328,102,68.0,78.0
342,99,68.0,78.0
351,95,68.0,78.0
355,90,68.0,78.0
355,85,68.0,78.0
350,79,68.0,78.0
340,72,68.0,78.0
327,67,68.0,78.0
312,64,68.0,78.0
297,62,68.0,78.0
285,62,68.0,78.0
274,57,68.0,78.0
273,56,68.0,78.0
270,59,68.0,78.0
264,62,68.0,78.0
264,64,68.0,78.0
258,65,68.0,78.0
244,69,68.0,78.0
224,70,68.0,78.0
204,69,68.0,78.0
189,69,68.0,78.0
175,69,68.0,78.0
164,72,68.0,78.0
167,74,68.0,78.0
179,74,68.0,78.0
194,75,68.0,78.0
211,75,68.0,78.0
229,80,68.0,78.0
242,88,68.0,78.0
249,90,68.0,78.0
251,90,68.0,78.0
252,91,68.0,78.0
249,92,68.0,78.0
243,93,68.0,78.0
236,94,68.0,78.0
230,94,68.0,78.0
227,92,68.0,78.0
222,86,68.0,78.0
218,82,68.0,78.0
225,77,68.0,78.0
237,75,68.0,78.0
254,73,68.0,78.0
273,73,68.0,78.0
289,72,68.0,78.0
300,68,68.0,78.0
308,61,68.0,78.0
312,51,68.0,78.0
312,47,68.0,78.0
310,46,68.0,78.0
304,53,68.0,78.0
296,61,68.0,78.0
286,71,68.0,78.0
279,83,68.0,78.0
269,94,68.0,78.0
264,97,68.0,78.0
260,93,68.0,78.0
251,86,68.0,78.0
239,79,68.0,78.0
229,72,68.0,78.0
218,68,68.0,78.0
209,66,68.0,78.0
210,63,68.0,78.0
215,62,68.0,78.0
213,61,68.0,78.0
199,62,68.0,78.0
182,68,68.0,78.0
168,77,68.0,78.0
163,82,68.0,78.0
168,83,68.0,78.0
173,82,68.0,78.0
173,83,68.0,78.0
174,84,68.0,78.0
184,85,68.0,78.0
192,86,68.0,78.0
200,84,68.0,78.0
204,82,68.0,78.0
208,77,68.0,78.0
217,71,68.0,78.0
223,63,68.0,78.0
220,59,68.0,78.0
219,60,68.0,78.0
219,63,68.0,78.0
223,64,68.0,78.0
226,66,68.0,78.0
224,70,68.0,78.0
221,73,68.0,78.0
219,75,68.0,78.0
222,73,68.0,78.0
227,71,68.0,78.0
236,69,68.0,78.0
247,68,68.0,78.0
260,71,68.0,78.0
270,70,68.0,78.0
266,62,68.0,78.0
256,62,68.0,78.0
243,64,68.0,78.0
237,66,68.0,78.0
240,67,68.0,78.0
242,66,68.0,78.0
240,65,68.0,78.0
229,66,68.0,78.0
215,67,68.0,78.0
198,70,68.0,78.0
181,75,68.0,78.0
167,83,68.0,78.0
158,92,68.0,78.0
157,96,68.0,78.0
161,98,68.0,78.0
167,96,68.0,78.0
174,92,68.0,78.0
182,84,68.0,78.0
191,76,68.0,78.0
199,68,68.0,78.0
212,62,68.0,78.0
226,59,68.0,78.0
235,58,68.0,78.0
240,59,68.0,78.0
241,61,68.0,78.0
238,63,68.0,78.0
229,66,68.0,78.0
218,70,68.0,78.0
206,74,68.0,78.0
192,81,68.0,78.0
185,85,68.0,78.0
185,87,68.0,78.0
187,85,68.0,78.0
190,80,68.0,78.0
197,75,68.0,78.0
206,70,68.0,78.0
216,69,68.0,78.0
221,67,68.0,78.0
224,70,68.0,78.0
229,72,68.0,78.0
237,74,68.0,78.0
243,78,68.0,78.0
245,81,68.0,78.0
242,82,68.0,78.0
229,81,68.0,78.0
217,82,68.0,78.0
210,86,68.0,78.0
203,92,68.0,78.0
199,102,68.0,78.0
197,109,68.0,78.0
197,112,68.0,78.0
200,111,68.0,78.0
206,105,68.0,78.0
216,95,68.0,78.0
226,86,68.0,78.0
229,75,68.0,78.0
227,68,68.0,78.0
222,64,68.0,78.0
215,61,68.0,78.0
209,57,68.0,78.0
204,53,68.0,78.0
201,50,68.0,78.0
199,48,68.0,78.0
199,47,68.0,78.0
202,47,68.0,78.0
204,46,68.0,78.0
202,45,68.0,78.0
200,45,68.0,78.0
196,45,68.0,78.0
191,46,68.0,78.0
183,49,68.0,78.0
173,52,68.0,78.0
162,54,68.0,78.0
152,57,68.0,78.0
144,59,68.0,78.0
141,56,68.0,78.0
144,50,68.0,78.0
152,47,68.0,78.0
165,45,68.0,78.0
184,47,68.0,78.0
204,51,68.0,78.0
224,57,68.0,78.0
243,60,68.0,78.0
259,62,68.0,78.0
268,61,68.0,78.0
267,61,68.0,78.0
261,60,68.0,78.0
256,56,68.0,78.0
252,56,68.0,78.0
246,58,68.0,78.0
247,62,68.0,78.0
244,65,68.0,78.0
239,67,68.0,78.0
230,68,68.0,78.0
221,70,68.0,78.0
212,73,68.0,78.0
207,76,68.0,78.0
209,77,68.0,78.0
219,77,68.0,78.0
232,80,68.0,78.0
239,84,68.0,78.0
243,84,68.0,78.0
242,80,68.0,78.0
240,75,68.0,78.0
239,71,68.0,78.0
241,68,68.0,78.0
241,65,68.0,78.0
236,61,68.0,78.0
212,55,68.0,78.0
186,57,68.0,78.0
173,60,68.0,78.0
169,61,68.0,78.0
181,59,68.0,78.0
201,58,68.0,78.0
229,62,68.0,78.0
259,62,68.0,78.0
282,57,68.0,78.0
288,53,68.0,78.0
272,50,68.0,78.0
239,53,68.0,78.0
205,65,68.0,78.0
187,76,68.0,78.0
181,84,68.0,78.0
185,87,68.0,78.0
195,87,68.0,78.0
205,83,68.0,78.0
217,78,68.0,78.0
231,71,68.0,78.0
239,67,68.0,78.0
226,68,68.0,78.0
207,78,68.0,78.0
197,85,68.0,78.0
197,90,68.0,78.0
204,95,68.0,78.0
208,92,68.0,78.0
195,92,68.0,78.0
193,94,68.0,78.0
193,94,68.0,78.0
195,92,68.0,78.0
198,89,68.0,78.0
200,86,68.0,78.0
226,74,68.0,78.0
219,68,68.0,78.0
191,71,68.0,78.0
164,79,68.0,78.0
142,87,68.0,78.0
137,92,68.0,78.0
144,97,68.0,78.0
168,104,68.0,78.0
185,109,68.0,78.0
193,106,68.0,78.0
202,100,68.0,78.0
196,87,68.0,78.0
178,79,68.0,78.0
156,81,68.0,78.0
139,84,68.0,78.0
131,87,68.0,78.0
136,86,68.0,78.0
147,82,68.0,78.0
160,76,68.0,78.0
