290,135,48,169
290,135,48.0,169.0
291,135,48.0,169.0
292,135,48.0,169.0
293,135,48.0,169.0
294,135,48.0,169.0
294,135,48.0,169.0
294,135,48.0,169.0
294,136,48.0,169.0
294,136,48.0,169.0
293,136,48.0,169.0
292,136,48.0,169.0
291,137,48.0,169.0
289,136,48.0,169.0
287,136,48.0,169.0
285,137,48.0,169.0
283,137,48.0,169.0
281,137,48.0,169.0
280,138,48.0,169.0
278,138,48.0,169.0
277,139,48.0,169.0
275,139,48.0,169.0
274,140,48.0,169.0
273,140,48.0,169.0
273,141,48.0,169.0
273,142,48.0,169.0
273,142,48.0,169.0
272,143,48.0,169.0
271,143,48.0,169.0
271,144,48.0,169.0
269,146,48.0,169.0
268,147,48.0,169.0
267,148,48.0,169.0
267,149,48.0,169.0
266,150,48.0,169.0
265,150,48.0,169.0
264,150,48.0,169.0
263,151,48.0,169.0
262,151,48.0,169.0
260,152,48.0,169.0
259,152,48.0,169.0
258,153,48.0,169.0
257,153,48.0,169.0
256,154,48.0,169.0
256,154,48.0,169.0
256,155,48.0,169.0
256,155,48.0,169.0
257,154,48.0,169.0
258,153,48.0,169.0
258,152,48.0,169.0
258,152,48.0,169.0
258,151,48.0,169.0
258,150,48.0,169.0
258,148,48.0,169.0
258,147,48.0,169.0
259,147,48.0,169.0
260,147,48.0,169.0
260,145,48.0,169.0
260,143,48.0,169.0
260,141,48.0,169.0
260,138,48.0,169.0
260,135,48.0,169.0
260,133,48.0,169.0
259,131,48.0,169.0
255,132,48.0,169.0
251,133,48.0,169.0
249,133,48.0,169.0
247,133,48.0,169.0
247,133,48.0,169.0
246,133,48.0,169.0
246,134,48.0,169.0
247,134,48.0,169.0
249,134,48.0,169.0
250,134,48.0,169.0
251,134,48.0,169.0
252,133,48.0,169.0
253,133,48.0,169.0
253,132,48.0,169.0
253,133,48.0,169.0
253,132,48.0,169.0
253,131,48.0,169.0
253,132,48.0,169.0
253,132,48.0,169.0
253,132,48.0,169.0
254,132,48.0,169.0
254,132,48.0,169.0
254,131,48.0,169.0
254,130,48.0,169.0
254,129,48.0,169.0
254,128,48.0,169.0
254,127,48.0,169.0
254,126,48.0,169.0
255,125,48.0,169.0
256,125,48.0,169.0
256,125,48.0,169.0
257,125,48.0,169.0
258,124,48.0,169.0
259,124,48.0,169.0
261,124,48.0,169.0
263,124,48.0,169.0
265,124,48.0,169.0
268,125,48.0,169.0
272,125,48.0,169.0
277,125,48.0,169.0
283,124,48.0,169.0
293,120,48.0,169.0
306,106,48.0,169.0
315,88,48.0,169.0
320,81,48.0,169.0
325,79,48.0,169.0
329,79,48.0,169.0
334,78,48.0,169.0
339,78,48.0,169.0
342,78,48.0,169.0
347,77,48.0,169.0
350,76,48.0,169.0
353,75,48.0,169.0
357,73,48.0,169.0
361,71,48.0,169.0
365,68,48.0,169.0
369,67,48.0,169.0
372,66,48.0,169.0
349,0,48.0,169.0
348,0,48.0,169.0
349,0,48.0,169.0
352,0,48.0,169.0
354,0,48.0,169.0
356,0,48.0,169.0
358,0,48.0,169.0
359,0,48.0,169.0
360,0,48.0,169.0
361,0,48.0,169.0
361,0,48.0,169.0
359,0,48.0,169.0
355,0,48.0,169.0
343,64,48.0,169.0
338,76,48.0,169.0
335,79,48.0,169.0
333,80,48.0,169.0
332,81,48.0,169.0
331,81,48.0,169.0
330,80,48.0,169.0
329,80,48.0,169.0
328,80,48.0,169.0
328,80,48.0,169.0
329,79,48.0,169.0
331,84,48.0,169.0
332,108,48.0,169.0
332,116,48.0,169.0
332,119,48.0,169.0
332,123,48.0,169.0
332,128,48.0,169.0
332,131,48.0,169.0
332,131,48.0,169.0
332,130,48.0,169.0
333,128,48.0,169.0
334,127,48.0,169.0
335,126,48.0,169.0
336,126,48.0,169.0
337,125,48.0,169.0
338,125,48.0,169.0
340,126,48.0,169.0
343,126,48.0,169.0
347,127,48.0,169.0
351,129,48.0,169.0
355,130,48.0,169.0
358,133,48.0,169.0
359,135,48.0,169.0
360,136,48.0,169.0
361,137,48.0,169.0
363,137,48.0,169.0
364,137,48.0,169.0
364,138,48.0,169.0
363,138,48.0,169.0
362,138,48.0,169.0
360,139,48.0,169.0
358,139,48.0,169.0
355,139,48.0,169.0
353,140,48.0,169.0
351,141,48.0,169.0
349,141,48.0,169.0
347,141,48.0,169.0
345,142,48.0,169.0
343,142,48.0,169.0
342,143,48.0,169.0
340,144,48.0,169.0
337,145,48.0,169.0
334,145,48.0,169.0
331,146,48.0,169.0
329,147,48.0,169.0
326,147,48.0,169.0
323,148,48.0,169.0
319,150,48.0,169.0
316,151,48.0,169.0
312,153,48.0,169.0
308,154,48.0,169.0
303,154,48.0,169.0
298,153,48.0,169.0
294,153,48.0,169.0
290,153,48.0,169.0
287,152,48.0,169.0
284,152,48.0,169.0
282,152,48.0,169.0
281,152,48.0,169.0
281,153,48.0,169.0
281,153,48.0,169.0
280,153,48.0,169.0
277,153,48.0,169.0
272,152,48.0,169.0
266,151,48.0,169.0
260,150,48.0,169.0
255,149,48.0,169.0
251,149,48.0,169.0
248,148,48.0,169.0
245,148,48.0,169.0
242,148,48.0,169.0
239,148,48.0,169.0
235,149,48.0,169.0
231,150,48.0,169.0
227,151,48.0,169.0
222,152,48.0,169.0
217,152,48.0,169.0
212,152,48.0,169.0
207,152,48.0,169.0
201,152,48.0,169.0
196,152,48.0,169.0
190,152,48.0,169.0
185,153,48.0,169.0
180,153,48.0,169.0
176,153,48.0,169.0
172,153,48.0,169.0
168,153,48.0,169.0
164,153,48.0,169.0
160,154,48.0,169.0
156,154,48.0,169.0
152,154,48.0,169.0
148,155,48.0,169.0
144,156,48.0,169.0
141,156,48.0,169.0
137,157,48.0,169.0
134,158,48.0,169.0
131,158,48.0,169.0
128,159,48.0,169.0
125,160,48.0,169.0
122,160,48.0,169.0
119,160,48.0,169.0
116,161,48.0,169.0
113,161,48.0,169.0
109,161,48.0,169.0
106,161,48.0,169.0
103,162,48.0,169.0
100,163,48.0,169.0
98,163,48.0,169.0
96,165,48.0,169.0
94,166,48.0,169.0
93,167,48.0,169.0
92,168,48.0,169.0
91,168,48.0,169.0
89,168,48.0,169.0
88,168,48.0,169.0
87,168,48.0,169.0
86,167,48.0,169.0
85,166,48.0,169.0
84,165,48.0,169.0
82,164,48.0,169.0
80,164,48.0,169.0
77,164,48.0,169.0
74,165,48.0,169.0
71,164,48.0,169.0
68,164,48.0,169.0
65,164,48.0,169.0
62,164,48.0,169.0
59,164,48.0,169.0
56,164,48.0,169.0
54,163,48.0,169.0
51,163,48.0,169.0
49,163,48.0,169.0
47,162,48.0,169.0
45,163,48.0,169.0
43,162,48.0,169.0
40,163,48.0,169.0
38,163,48.0,169.0
35,163,48.0,169.0
32,163,48.0,169.0
29,162,48.0,169.0
25,163,48.0,169.0
22,163,48.0,169.0
18,163,48.0,169.0
14,164,48.0,169.0
10,164,48.0,169.0
5,165,48.0,169.0
0,165,48.0,169.0
0,166,48.0,169.0
0,166,48.0,169.0
0,166,48.0,169.0
0,165,48.0,169.0
0,164,48.0,169.0
0,110,48.0,169.0
0,105,48.0,169.0
0,106,48.0,169.0
0,107,48.0,169.0
25,167,48.0,169.0
37,166,48.0,169.0
44,161,48.0,169.0
50,159,48.0,169.0
55,157,48.0,169.0
60,156,48.0,169.0
64,155,48.0,169.0
68,154,48.0,169.0
72,154,48.0,169.0
75,154,48.0,169.0
78,153,48.0,169.0
81,153,48.0,169.0
84,152,48.0,169.0
87,151,48.0,169.0
90,151,48.0,169.0
93,150,48.0,169.0
96,150,48.0,169.0
99,150,48.0,169.0
102,150,48.0,169.0
105,150,48.0,169.0
108,150,48.0,169.0
111,150,48.0,169.0
114,150,48.0,169.0
118,150,48.0,169.0
122,150,48.0,169.0
127,149,48.0,169.0
131,149,48.0,169.0
135,149,48.0,169.0
138,148,48.0,169.0
140,147,48.0,169.0
142,146,48.0,169.0
143,145,48.0,169.0
145,145,48.0,169.0
147,144,48.0,169.0
150,144,48.0,169.0
153,143,48.0,169.0
156,143,48.0,169.0
159,143,48.0,169.0
162,142,48.0,169.0
164,142,48.0,169.0
166,140,48.0,169.0
168,140,48.0,169.0
171,139,48.0,169.0
174,138,48.0,169.0
177,138,48.0,169.0
180,136,48.0,169.0
182,136,48.0,169.0
182,136,48.0,169.0
182,135,48.0,169.0
182,135,48.0,169.0
183,135,48.0,169.0
185,135,48.0,169.0
187,135,48.0,169.0
190,136,48.0,169.0
193,136,48.0,169.0
196,137,48.0,169.0
198,137,48.0,169.0
199,138,48.0,169.0
200,139,48.0,169.0
202,144,48.0,169.0
208,171,48.0,169.0
210,177,48.0,169.0
208,178,48.0,169.0
205,177,48.0,169.0
201,176,48.0,169.0
197,175,48.0,169.0
192,174,48.0,169.0
187,173,48.0,169.0
182,172,48.0,169.0
177,171,48.0,169.0
172,170,48.0,169.0
167,169,48.0,169.0
162,169,48.0,169.0
157,169,48.0,169.0
152,169,48.0,169.0
147,169,48.0,169.0
142,169,48.0,169.0
137,169,48.0,169.0
132,170,48.0,169.0
127,170,48.0,169.0
122,170,48.0,169.0
117,170,48.0,169.0
112,171,48.0,169.0
107,171,48.0,169.0
102,172,48.0,169.0
97,173,48.0,169.0
92,174,48.0,169.0
87,175,48.0,169.0
82,176,48.0,169.0
77,177,48.0,169.0
73,178,48.0,169.0
68,179,48.0,169.0
63,180,48.0,169.0
58,181,48.0,169.0
52,182,48.0,169.0
47,183,48.0,169.0
41,184,48.0,169.0
36,185,48.0,169.0
31,187,48.0,169.0
25,188,48.0,169.0
20,190,48.0,169.0
14,192,48.0,169.0
9,193,48.0,169.0
4,195,48.0,169.0
0,197,48.0,169.0
0,198,48.0,169.0
0,197,48.0,169.0
0,197,48.0,169.0
0,198,48.0,169.0
0,197,48.0,169.0
0,198,48.0,169.0
0,199,48.0,169.0
0,199,48.0,169.0
1,201,48.0,169.0
3,201,48.0,169.0
6,202,48.0,169.0
9,203,48.0,169.0
12,203,48.0,169.0
15,204,48.0,169.0
18,205,48.0,169.0
21,205,48.0,169.0
24,206,48.0,169.0
26,206,48.0,169.0
28,207,48.0,169.0
30,208,48.0,169.0
32,209,48.0,169.0
34,210,48.0,169.0
36,211,48.0,169.0
38,213,48.0,169.0
40,213,48.0,169.0
42,214,48.0,169.0
44,215,48.0,169.0
46,215,48.0,169.0
48,216,48.0,169.0
50,217,48.0,169.0
52,218,48.0,169.0
55,219,48.0,169.0
58,220,48.0,169.0
61,221,48.0,169.0
64,222,48.0,169.0
67,224,48.0,169.0
70,225,48.0,169.0
72,225,48.0,169.0
74,226,48.0,169.0
76,227,48.0,169.0
78,228,48.0,169.0
80,229,48.0,169.0
82,230,48.0,169.0
84,231,48.0,169.0
86,232,48.0,169.0
87,234,48.0,169.0
88,235,48.0,169.0
89,236,48.0,169.0
90,238,48.0,169.0
91,239,48.0,169.0
92,241,48.0,169.0
93,243,48.0,169.0
94,245,48.0,169.0
96,247,48.0,169.0
98,249,48.0,169.0
100,250,48.0,169.0
102,251,48.0,169.0
105,252,48.0,169.0
108,253,48.0,169.0
111,254,48.0,169.0
114,255,48.0,169.0
117,256,48.0,169.0
119,257,48.0,169.0
121,258,48.0,169.0
123,258,48.0,169.0
125,259,48.0,169.0
126,259,48.0,169.0
127,260,48.0,169.0
128,261,48.0,169.0
129,261,48.0,169.0
130,262,48.0,169.0
131,262,48.0,169.0
132,263,48.0,169.0
133,264,48.0,169.0
134,264,48.0,169.0
135,265,48.0,169.0
136,265,48.0,169.0
137,265,48.0,169.0
138,264,48.0,169.0
139,264,48.0,169.0
139,264,48.0,169.0
139,263,48.0,169.0
140,262,48.0,169.0
141,262,48.0,169.0
141,260,48.0,169.0
142,259,48.0,169.0
143,258,48.0,169.0
144,257,48.0,169.0
145,256,48.0,169.0
146,255,48.0,169.0
147,255,48.0,169.0
148,254,48.0,169.0
149,254,48.0,169.0
150,253,48.0,169.0
151,252,48.0,169.0
152,252,48.0,169.0
153,251,48.0,169.0
154,251,48.0,169.0
155,251,48.0,169.0
156,251,48.0,169.0
157,252,48.0,169.0
158,252,48.0,169.0
159,252,48.0,169.0
160,252,48.0,169.0
161,251,48.0,169.0
162,251,48.0,169.0
163,251,48.0,169.0
164,250,48.0,169.0
165,250,48.0,169.0
166,249,48.0,169.0
167,249,48.0,169.0
168,249,48.0,169.0
169,249,48.0,169.0
170,249,48.0,169.0
171,249,48.0,169.0
172,249,48.0,169.0
173,249,48.0,169.0
174,248,48.0,169.0
175,248,48.0,169.0
176,248,48.0,169.0
177,248,48.0,169.0
178,248,48.0,169.0
179,247,48.0,169.0
180,247,48.0,169.0
181,247,48.0,169.0
182,246,48.0,169.0
182,245,48.0,169.0
182,245,48.0,169.0
182,245,48.0,169.0
182,244,48.0,169.0
182,245,48.0,169.0
182,244,48.0,169.0
182,244,48.0,169.0
182,244,48.0,169.0
182,244,48.0,169.0
182,243,48.0,169.0
182,242,48.0,169.0
182,242,48.0,169.0
182,242,48.0,169.0
182,242,48.0,169.0
182,242,48.0,169.0
182,242,48.0,169.0
182,241,48.0,169.0
182,241,48.0,169.0
182,240,48.0,169.0
182,239,48.0,169.0
182,238,48.0,169.0
182,237,48.0,169.0
182,236,48.0,169.0
182,235,48.0,169.0
182,234,48.0,169.0
182,232,48.0,169.0
182,231,48.0,169.0
182,230,48.0,169.0
182,230,48.0,169.0
182,230,48.0,169.0
182,229,48.0,169.0
182,229,48.0,169.0
182,229,48.0,169.0
182,228,48.0,169.0
182,229,48.0,169.0
182,228,48.0,169.0
182,228,48.0,169.0
182,228,48.0,169.0
182,229,48.0,169.0
182,229,48.0,169.0
182,229,48.0,169.0
182,229,48.0,169.0
182,229,48.0,169.0
182,229,48.0,169.0
182,229,48.0,169.0
182,229,48.0,169.0
182,229,48.0,169.0
182,229,48.0,169.0
182,229,48.0,169.0
182,229,48.0,169.0
182,230,48.0,169.0
182,230,48.0,169.0
182,230,48.0,169.0
182,231,48.0,169.0
182,231,48.0,169.0
182,232,48.0,169.0
182,233,48.0,169.0
182,233,48.0,169.0
182,234,48.0,169.0
182,235,48.0,169.0
182,235,48.0,169.0
182,236,48.0,169.0
182,236,48.0,169.0
182,237,48.0,169.0
182,237,48.0,169.0
182,238,48.0,169.0
182,238,48.0,169.0
182,239,48.0,169.0
182,240,48.0,169.0
182,241,48.0,169.0
182,243,48.0,169.0
182,244,48.0,169.0
182,245,48.0,169.0
182,247,48.0,169.0
182,248,48.0,169.0
182,250,48.0,169.0
182,252,48.0,169.0
182,254,48.0,169.0
182,257,48.0,169.0
182,261,48.0,169.0
182,266,48.0,169.0
182,268,48.0,169.0
182,271,48.0,169.0
182,275,48.0,169.0
182,277,48.0,169.0
182,280,48.0,169.0
182,281,48.0,169.0
182,283,48.0,169.0
182,285,48.0,169.0
182,287,48.0,169.0
182,288,48.0,169.0
182,289,48.0,169.0
182,291,48.0,169.0
182,292,48.0,169.0
182,292,48.0,169.0
182,294,48.0,169.0
182,295,48.0,169.0
183,296,48.0,169.0
184,297,48.0,169.0
185,298,48.0,169.0
186,299,48.0,169.0
187,300,48.0,169.0
188,300,48.0,169.0
189,301,48.0,169.0
190,302,48.0,169.0
191,303,48.0,169.0
191,303,48.0,169.0
191,303,48.0,169.0
191,303,48.0,169.0
191,302,48.0,169.0
192,302,48.0,169.0
193,300,48.0,169.0
194,299,48.0,169.0
195,299,48.0,169.0
196,298,48.0,169.0
196,297,48.0,169.0
196,297,48.0,169.0
196,296,48.0,169.0
196,295,48.0,169.0
196,295,48.0,169.0
196,295,48.0,169.0
196,295,48.0,169.0
196,295,48.0,169.0
196,295,48.0,169.0
196,295,48.0,169.0
196,295,48.0,169.0
196,295,48.0,169.0
196,295,48.0,169.0
196,295,48.0,169.0
196,295,48.0,169.0
196,296,48.0,169.0
196,296,48.0,169.0
196,296,48.0,169.0
196,296,48.0,169.0
196,296,48.0,169.0
196,296,48.0,169.0
196,296,48.0,169.0
196,296,48.0,169.0
196,296,48.0,169.0
196,296,48.0,169.0
196,295,48.0,169.0
196,294,48.0,169.0
196,294,48.0,169.0
196,293,48.0,169.0
196,294,48.0,169.0
196,294,48.0,169.0
196,294,48.0,169.0
196,294,48.0,169.0
196,294,48.0,169.0
196,295,48.0,169.0
196,296,48.0,169.0
196,297,48.0,169.0
196,297,48.0,169.0
196,298,48.0,169.0
196,299,48.0,169.0
196,300,48.0,169.0
196,300,48.0,169.0
196,300,48.0,169.0
196,300,48.0,169.0
196,300,48.0,169.0
196,301,48.0,169.0
196,301,48.0,169.0
196,301,48.0,169.0
196,301,48.0,169.0
196,301,48.0,169.0
196,301,48.0,169.0
196,301,48.0,169.0
196,300,48.0,169.0
196,300,48.0,169.0
196,300,48.0,169.0
196,300,48.0,169.0
196,300,48.0,169.0
196,300,48.0,169.0
196,300,48.0,169.0
196,300,48.0,169.0
196,299,48.0,169.0
196,299,48.0,169.0
196,298,48.0,169.0
196,297,48.0,169.0
196,296,48.0,169.0
195,295,48.0,169.0
194,294,48.0,169.0
193,292,48.0,169.0
193,291,48.0,169.0
192,290,48.0,169.0
192,288,48.0,169.0
192,287,48.0,169.0
192,285,48.0,169.0
191,284,48.0,169.0
191,282,48.0,169.0
191,280,48.0,169.0
190,278,48.0,169.0
190,276,48.0,169.0
190,275,48.0,169.0
190,274,48.0,169.0
190,273,48.0,169.0
190,273,48.0,169.0
190,272,48.0,169.0
190,272,48.0,169.0
190,272,48.0,169.0
190,272,48.0,169.0
190,272,48.0,169.0
190,272,48.0,169.0
190,272,48.0,169.0
190,272,48.0,169.0
190,273,48.0,169.0
190,273,48.0,169.0
190,274,48.0,169.0
190,275,48.0,169.0
190,276,48.0,169.0
190,277,48.0,169.0
190,277,48.0,169.0
190,278,48.0,169.0
190,278,48.0,169.0
190,279,48.0,169.0
190,279,48.0,169.0
190,279,48.0,169.0
190,278,48.0,169.0
190,278,48.0,169.0
190,278,48.0,169.0
190,278,48.0,169.0
190,278,48.0,169.0
191,279,48.0,169.0
191,279,48.0,169.0
191,279,48.0,169.0
191,279,48.0,169.0
191,279,48.0,169.0
192,279,48.0,169.0
192,278,48.0,169.0
193,278,48.0,169.0
194,279,48.0,169.0
194,279,48.0,169.0
194,279,48.0,169.0
194,279,48.0,169.0
194,280,48.0,169.0
195,280,48.0,169.0
195,280,48.0,169.0
195,280,48.0,169.0
195,280,48.0,169.0
195,279,48.0,169.0
195,279,48.0,169.0
195,279,48.0,169.0
195,278,48.0,169.0
195,278,48.0,169.0
195,277,48.0,169.0
195,277,48.0,169.0
195,277,48.0,169.0
195,276,48.0,169.0
195,276,48.0,169.0
195,275,48.0,169.0
195,275,48.0,169.0
195,274,48.0,169.0
195,273,48.0,169.0
195,272,48.0,169.0
195,271,48.0,169.0
195,270,48.0,169.0
195,269,48.0,169.0
196,268,48.0,169.0
197,267,48.0,169.0
197,266,48.0,169.0
197,266,48.0,169.0
197,265,48.0,169.0
197,265,48.0,169.0
197,265,48.0,169.0
197,264,48.0,169.0
197,264,48.0,169.0
197,264,48.0,169.0
197,264,48.0,169.0
197,264,48.0,169.0
197,264,48.0,169.0
197,263,48.0,169.0
197,263,48.0,169.0
197,262,48.0,169.0
197,262,48.0,169.0
197,263,48.0,169.0
197,262,48.0,169.0
197,263,48.0,169.0
197,263,48.0,169.0
197,263,48.0,169.0
197,263,48.0,169.0
197,263,48.0,169.0
197,264,48.0,169.0
197,264,48.0,169.0
197,265,48.0,169.0
197,266,48.0,169.0
197,266,48.0,169.0
197,267,48.0,169.0
197,268,48.0,169.0
197,268,48.0,169.0
197,269,48.0,169.0
197,270,48.0,169.0
197,270,48.0,169.0
197,270,48.0,169.0
197,271,48.0,169.0
197,271,48.0,169.0
197,272,48.0,169.0
197,273,48.0,169.0
197,273,48.0,169.0
197,273,48.0,169.0
197,274,48.0,169.0
197,274,48.0,169.0
197,274,48.0,169.0
197,274,48.0,169.0
198,274,48.0,169.0
199,275,48.0,169.0
200,275,48.0,169.0
201,276,48.0,169.0
202,275,48.0,169.0
203,275,48.0,169.0
204,274,48.0,169.0
205,274,48.0,169.0
206,274,48.0,169.0
207,273,48.0,169.0
208,273,48.0,169.0
209,273,48.0,169.0
209,273,48.0,169.0
209,273,48.0,169.0
209,273,48.0,169.0
210,272,48.0,169.0
211,272,48.0,169.0
212,272,48.0,169.0
213,272,48.0,169.0
214,272,48.0,169.0
215,272,48.0,169.0
216,272,48.0,169.0
217,272,48.0,169.0
218,271,48.0,169.0
219,271,48.0,169.0
220,271,48.0,169.0
221,270,48.0,169.0
222,271,48.0,169.0
223,271,48.0,169.0
224,271,48.0,169.0
225,271,48.0,169.0
226,271,48.0,169.0
227,271,48.0,169.0
228,271,48.0,169.0
229,270,48.0,169.0
230,270,48.0,169.0
231,270,48.0,169.0
232,271,48.0,169.0
232,271,48.0,169.0
232,271,48.0,169.0
232,271,48.0,169.0
232,271,48.0,169.0
232,271,48.0,169.0
232,272,48.0,169.0
232,272,48.0,169.0
232,273,48.0,169.0
232,273,48.0,169.0
232,273,48.0,169.0
232,273,48.0,169.0
231,273,48.0,169.0
230,272,48.0,169.0
229,272,48.0,169.0
228,272,48.0,169.0
227,272,48.0,169.0
226,272,48.0,169.0
225,272,48.0,169.0
224,273,48.0,169.0
224,273,48.0,169.0
224,273,48.0,169.0
223,273,48.0,169.0
222,273,48.0,169.0
221,273,48.0,169.0
221,272,48.0,169.0
221,273,48.0,169.0
221,273,48.0,169.0
221,274,48.0,169.0
221,274,48.0,169.0
221,274,48.0,169.0
221,274,48.0,169.0
221,274,48.0,169.0
221,274,48.0,169.0
221,275,48.0,169.0
221,275,48.0,169.0
221,275,48.0,169.0
221,275,48.0,169.0
221,275,48.0,169.0
221,276,48.0,169.0
221,275,48.0,169.0
220,275,48.0,169.0
219,275,48.0,169.0
218,274,48.0,169.0
217,275,48.0,169.0
216,276,48.0,169.0
215,276,48.0,169.0
214,276,48.0,169.0
213,277,48.0,169.0
212,278,48.0,169.0
211,278,48.0,169.0
210,278,48.0,169.0
209,279,48.0,169.0
208,280,48.0,169.0
207,280,48.0,169.0
206,281,48.0,169.0
205,282,48.0,169.0
204,284,48.0,169.0
203,285,48.0,169.0
202,288,48.0,169.0
201,290,48.0,169.0
200,292,48.0,169.0
199,294,48.0,169.0
199,296,48.0,169.0
199,298,48.0,169.0
199,299,48.0,169.0
199,300,48.0,169.0
199,301,48.0,169.0
199,302,48.0,169.0
199,303,48.0,169.0
199,304,48.0,169.0
198,305,48.0,169.0
197,307,48.0,169.0
196,309,48.0,169.0
195,310,48.0,169.0
195,311,48.0,169.0
195,312,48.0,169.0
195,313,48.0,169.0
195,313,48.0,169.0
195,314,48.0,169.0
195,314,48.0,169.0
196,315,48.0,169.0
196,315,48.0,169.0
196,316,48.0,169.0
196,316,48.0,169.0
196,317,48.0,169.0
196,317,48.0,169.0
196,317,48.0,169.0
196,318,48.0,169.0
196,318,48.0,169.0
196,319,48.0,169.0
196,320,48.0,169.0
196,322,48.0,169.0
196,324,48.0,169.0
196,326,48.0,169.0
196,328,48.0,169.0
196,330,48.0,169.0
195,332,48.0,169.0
195,334,48.0,169.0
197,335,48.0,169.0
230,339,48.0,169.0
251,338,48.0,169.0
233,478,48.0,169.0
237,479,48.0,169.0
253,479,48.0,169.0
271,479,48.0,169.0
278,479,48.0,169.0
288,479,48.0,169.0
299,479,48.0,169.0
306,479,48.0,169.0
302,479,48.0,169.0
299,479,48.0,169.0
306,479,48.0,169.0
336,479,48.0,169.0
346,479,48.0,169.0
313,479,48.0,169.0
297,479,48.0,169.0
276,479,48.0,169.0
274,479,48.0,169.0
280,479,48.0,169.0
263,479,48.0,169.0
240,479,48.0,169.0
250,479,48.0,169.0
278,479,48.0,169.0
314,479,48.0,169.0
320,479,48.0,169.0
304,338,48.0,169.0
317,334,48.0,169.0
315,469,48.0,169.0
362,479,48.0,169.0
322,353,48.0,169.0
311,475,48.0,169.0
302,479,48.0,169.0
300,479,48.0,169.0
284,328,48.0,169.0
286,330,48.0,169.0
283,125,48.0,169.0
279,121,48.0,169.0
276,121,48.0,169.0
274,121,48.0,169.0
271,123,48.0,169.0
267,125,48.0,169.0
264,125,48.0,169.0
260,124,48.0,169.0
256,124,48.0,169.0
253,125,48.0,169.0
250,126,48.0,169.0
246,126,48.0,169.0
243,124,48.0,169.0
240,122,48.0,169.0
235,121,48.0,169.0
233,123,48.0,169.0
217,43,48.0,169.0
206,15,48.0,169.0
191,0,48.0,169.0
184,0,48.0,169.0
182,0,48.0,169.0
180,0,48.0,169.0
178,0,48.0,169.0
177,0,48.0,169.0
176,0,48.0,169.0
174,0,48.0,169.0
172,0,48.0,169.0
170,0,48.0,169.0
168,0,48.0,169.0
166,0,48.0,169.0
163,0,48.0,169.0
161,0,48.0,169.0
159,0,48.0,169.0
158,0,48.0,169.0
157,0,48.0,169.0
156,0,48.0,169.0
154,0,48.0,169.0
153,0,48.0,169.0
152,0,48.0,169.0
150,0,48.0,169.0
150,0,48.0,169.0
149,0,48.0,169.0
149,0,48.0,169.0
150,0,48.0,169.0
151,0,48.0,169.0
151,0,48.0,169.0
152,0,48.0,169.0
152,0,48.0,169.0
152,0,48.0,169.0
152,0,48.0,169.0
152,0,48.0,169.0
152,0,48.0,169.0
153,0,48.0,169.0
153,0,48.0,169.0
153,0,48.0,169.0
154,0,48.0,169.0
154,0,48.0,169.0
155,0,48.0,169.0
156,0,48.0,169.0
159,0,48.0,169.0
161,0,48.0,169.0
163,0,48.0,169.0
165,0,48.0,169.0
167,0,48.0,169.0
169,0,48.0,169.0
171,0,48.0,169.0
173,0,48.0,169.0
174,0,48.0,169.0
176,0,48.0,169.0
178,0,48.0,169.0
181,0,48.0,169.0
183,0,48.0,169.0
185,0,48.0,169.0
186,0,48.0,169.0
187,0,48.0,169.0
189,0,48.0,169.0
191,0,48.0,169.0
193,0,48.0,169.0
193,0,48.0,169.0
194,0,48.0,169.0
196,1,48.0,169.0
197,3,48.0,169.0
198,6,48.0,169.0
199,6,48.0,169.0
200,7,48.0,169.0
201,8,48.0,169.0
202,9,48.0,169.0
204,10,48.0,169.0
205,10,48.0,169.0
206,11,48.0,169.0
208,10,48.0,169.0
211,10,48.0,169.0
213,10,48.0,169.0
215,10,48.0,169.0
217,10,48.0,169.0
219,9,48.0,169.0
221,9,48.0,169.0
222,9,48.0,169.0
223,9,48.0,169.0
224,9,48.0,169.0
225,10,48.0,169.0
226,11,48.0,169.0
227,10,48.0,169.0
229,11,48.0,169.0
230,11,48.0,169.0
231,12,48.0,169.0
232,13,48.0,169.0
233,13,48.0,169.0
234,13,48.0,169.0
235,13,48.0,169.0
236,13,48.0,169.0
237,12,48.0,169.0
238,12,48.0,169.0
238,12,48.0,169.0
239,11,48.0,169.0
239,12,48.0,169.0
240,11,48.0,169.0
240,10,48.0,169.0
240,10,48.0,169.0
240,9,48.0,169.0
239,8,48.0,169.0
238,7,48.0,169.0
236,4,48.0,169.0
234,2,48.0,169.0
232,0,48.0,169.0
229,0,48.0,169.0
227,0,48.0,169.0
225,0,48.0,169.0
224,0,48.0,169.0
224,0,48.0,169.0
222,0,48.0,169.0
221,0,48.0,169.0
221,0,48.0,169.0
221,0,48.0,169.0
221,0,48.0,169.0
220,0,48.0,169.0
220,0,48.0,169.0
219,0,48.0,169.0
218,0,48.0,169.0
217,0,48.0,169.0
215,0,48.0,169.0
213,0,48.0,169.0
210,0,48.0,169.0
208,0,48.0,169.0
205,0,48.0,169.0
202,0,48.0,169.0
200,0,48.0,169.0
197,0,48.0,169.0
195,0,48.0,169.0
192,0,48.0,169.0
190,0,48.0,169.0
189,0,48.0,169.0
187,0,48.0,169.0
187,0,48.0,169.0
186,0,48.0,169.0
185,0,48.0,169.0
185,0,48.0,169.0
185,0,48.0,169.0
186,0,48.0,169.0
187,0,48.0,169.0
205,87,48.0,169.0
203,95,48.0,169.0
200,99,48.0,169.0
197,103,48.0,169.0
195,106,48.0,169.0
191,109,48.0,169.0
187,109,48.0,169.0
183,109,48.0,169.0
178,110,48.0,169.0
173,108,48.0,169.0
168,109,48.0,169.0
163,111,48.0,169.0
160,114,48.0,169.0
158,119,48.0,169.0
155,125,48.0,169.0
152,131,48.0,169.0
149,140,48.0,169.0
147,149,48.0,169.0
144,156,48.0,169.0
140,161,48.0,169.0
136,162,48.0,169.0
132,165,48.0,169.0
129,167,48.0,169.0
125,170,48.0,169.0
129,220,48.0,169.0
132,228,48.0,169.0
132,230,48.0,169.0
135,229,48.0,169.0
138,233,48.0,169.0
136,238,48.0,169.0
128,239,48.0,169.0
125,233,48.0,169.0
131,219,48.0,169.0
140,212,48.0,169.0
143,216,48.0,169.0
128,234,48.0,169.0
124,241,48.0,169.0
119,240,48.0,169.0
114,242,48.0,169.0
107,242,48.0,169.0
99,241,48.0,169.0
91,242,48.0,169.0
83,244,48.0,169.0
76,245,48.0,169.0
70,247,48.0,169.0
66,247,48.0,169.0
70,240,48.0,169.0
77,227,48.0,169.0
76,226,48.0,169.0
59,248,48.0,169.0
57,251,48.0,169.0
58,249,48.0,169.0
60,249,48.0,169.0
60,251,48.0,169.0
55,251,48.0,169.0
54,251,48.0,169.0
54,249,48.0,169.0
54,249,48.0,169.0
54,249,48.0,169.0
54,249,48.0,169.0
54,250,48.0,169.0
54,249,48.0,169.0
54,248,48.0,169.0
53,248,48.0,169.0
53,247,48.0,169.0
53,246,48.0,169.0
53,247,48.0,169.0
54,246,48.0,169.0
54,246,48.0,169.0
54,246,48.0,169.0
54,245,48.0,169.0
54,245,48.0,169.0
55,245,48.0,169.0
55,245,48.0,169.0
55,245,48.0,169.0
55,244,48.0,169.0
55,244,48.0,169.0
55,245,48.0,169.0
55,245,48.0,169.0
55,246,48.0,169.0
56,246,48.0,169.0
57,247,48.0,169.0
57,247,48.0,169.0
58,247,48.0,169.0
58,247,48.0,169.0
58,247,48.0,169.0
58,247,48.0,169.0
58,247,48.0,169.0
59,247,48.0,169.0
59,244,48.0,169.0
48,248,48.0,169.0
49,250,48.0,169.0
53,248,48.0,169.0
54,245,48.0,169.0
52,247,48.0,169.0
54,249,48.0,169.0
56,249,48.0,169.0
57,248,48.0,169.0
58,249,48.0,169.0
58,248,48.0,169.0
57,249,48.0,169.0
57,248,48.0,169.0
56,247,48.0,169.0
56,247,48.0,169.0
55,246,48.0,169.0
54,247,48.0,169.0
53,246,48.0,169.0
53,246,48.0,169.0
55,243,48.0,169.0
55,237,48.0,169.0
51,236,48.0,169.0
47,242,48.0,169.0
47,244,48.0,169.0
48,243,48.0,169.0
49,241,48.0,169.0
51,239,48.0,169.0
46,241,48.0,169.0
44,242,48.0,169.0
45,240,48.0,169.0
46,239,48.0,169.0
46,238,48.0,169.0
45,237,48.0,169.0
44,235,48.0,169.0
44,234,48.0,169.0
44,233,48.0,169.0
43,232,48.0,169.0
43,231,48.0,169.0
43,230,48.0,169.0
43,229,48.0,169.0
44,228,48.0,169.0
44,228,48.0,169.0
45,227,48.0,169.0
45,227,48.0,169.0
45,226,48.0,169.0
44,225,48.0,169.0
43,225,48.0,169.0
42,225,48.0,169.0
41,225,48.0,169.0
40,226,48.0,169.0
39,227,48.0,169.0
38,227,48.0,169.0
36,228,48.0,169.0
35,228,48.0,169.0
35,227,48.0,169.0
35,226,48.0,169.0
35,226,48.0,169.0
36,227,48.0,169.0
37,228,48.0,169.0
38,229,48.0,169.0
39,230,48.0,169.0
41,231,48.0,169.0
43,232,48.0,169.0
45,234,48.0,169.0
48,235,48.0,169.0
51,236,48.0,169.0
54,238,48.0,169.0
56,239,48.0,169.0
58,240,48.0,169.0
60,243,48.0,169.0
62,245,48.0,169.0
64,247,48.0,169.0
65,249,48.0,169.0
67,250,48.0,169.0
69,251,48.0,169.0
71,253,48.0,169.0
74,253,48.0,169.0
77,254,48.0,169.0
80,255,48.0,169.0
83,255,48.0,169.0
86,256,48.0,169.0
90,257,48.0,169.0
94,257,48.0,169.0
97,258,48.0,169.0
100,258,48.0,169.0
102,259,48.0,169.0
104,259,48.0,169.0
106,259,48.0,169.0
107,259,48.0,169.0
108,258,48.0,169.0
108,259,48.0,169.0
108,259,48.0,169.0
108,259,48.0,169.0
107,260,48.0,169.0
106,259,48.0,169.0
106,260,48.0,169.0
106,261,48.0,169.0
107,261,48.0,169.0
108,261,48.0,169.0
109,261,48.0,169.0
109,261,48.0,169.0
109,260,48.0,169.0
110,260,48.0,169.0
111,259,48.0,169.0
112,258,48.0,169.0
113,256,48.0,169.0
114,255,48.0,169.0
115,254,48.0,169.0
116,253,48.0,169.0
117,251,48.0,169.0
119,249,48.0,169.0
121,246,48.0,169.0
123,243,48.0,169.0
125,240,48.0,169.0
126,237,48.0,169.0
127,235,48.0,169.0
128,233,48.0,169.0
128,231,48.0,169.0
129,228,48.0,169.0
130,226,48.0,169.0
130,224,48.0,169.0
130,221,48.0,169.0
130,219,48.0,169.0
130,217,48.0,169.0
130,215,48.0,169.0
129,213,48.0,169.0
129,212,48.0,169.0
129,211,48.0,169.0
129,210,48.0,169.0
129,207,48.0,169.0
129,206,48.0,169.0
130,204,48.0,169.0
130,202,48.0,169.0
129,202,48.0,169.0
130,202,48.0,169.0
130,201,48.0,169.0
129,201,48.0,169.0
128,201,48.0,169.0
127,200,48.0,169.0
125,200,48.0,169.0
123,199,48.0,169.0
121,198,48.0,169.0
119,198,48.0,169.0
117,198,48.0,169.0
115,197,48.0,169.0
113,196,48.0,169.0
111,196,48.0,169.0
109,196,48.0,169.0
106,195,48.0,169.0
101,196,48.0,169.0
90,197,48.0,169.0
79,197,48.0,169.0
74,198,48.0,169.0
73,199,48.0,169.0
73,201,48.0,169.0
74,201,48.0,169.0
75,202,48.0,169.0
76,203,48.0,169.0
77,205,48.0,169.0
78,206,48.0,169.0
79,208,48.0,169.0
80,210,48.0,169.0
82,211,48.0,169.0
83,213,48.0,169.0
84,215,48.0,169.0
85,216,48.0,169.0
85,217,48.0,169.0
85,217,48.0,169.0
85,218,48.0,169.0
85,220,48.0,169.0
86,223,48.0,169.0
86,224,48.0,169.0
87,225,48.0,169.0
87,226,48.0,169.0
88,228,48.0,169.0
89,229,48.0,169.0
89,229,48.0,169.0
89,230,48.0,169.0
90,230,48.0,169.0
91,230,48.0,169.0
92,231,48.0,169.0
93,232,48.0,169.0
94,233,48.0,169.0
94,233,48.0,169.0
95,233,48.0,169.0
96,232,48.0,169.0
96,231,48.0,169.0
96,232,48.0,169.0
97,232,48.0,169.0
98,233,48.0,169.0
99,234,48.0,169.0
99,235,48.0,169.0
99,236,48.0,169.0
100,238,48.0,169.0
101,238,48.0,169.0
101,238,48.0,169.0
101,238,48.0,169.0
101,238,48.0,169.0
102,238,48.0,169.0
103,239,48.0,169.0
104,241,48.0,169.0
105,241,48.0,169.0
106,243,48.0,169.0
107,243,48.0,169.0
108,243,48.0,169.0
108,243,48.0,169.0
109,243,48.0,169.0
109,243,48.0,169.0
109,244,48.0,169.0
109,244,48.0,169.0
109,245,48.0,169.0
108,246,48.0,169.0
108,246,48.0,169.0
107,245,48.0,169.0
107,244,48.0,169.0
106,244,48.0,169.0
106,244,48.0,169.0
106,245,48.0,169.0
106,245,48.0,169.0
106,244,48.0,169.0
106,244,48.0,169.0
106,243,48.0,169.0
106,243,48.0,169.0
107,243,48.0,169.0
108,242,48.0,169.0
108,243,48.0,169.0
109,243,48.0,169.0
109,243,48.0,169.0
110,243,48.0,169.0
110,243,48.0,169.0
111,243,48.0,169.0
111,243,48.0,169.0
111,244,48.0,169.0
112,244,48.0,169.0
112,245,48.0,169.0
113,245,48.0,169.0
113,245,48.0,169.0
113,245,48.0,169.0
114,245,48.0,169.0
115,245,48.0,169.0
115,245,48.0,169.0
115,245,48.0,169.0
115,245,48.0,169.0
