278.67,66.947,297.06,67.968,293.31,135.51,274.92,134.48
277.91,66.763,298.26,68.271,293.56,131.73,273.21,130.22
275.78,64.895,296.03,64.748,296.52,131.48,276.27,131.63
278.74,65.994,299.66,67.197,295.96,131.53,275.04,130.32
276.15,67.25,299.28,67.25,299.28,134.75,276.15,134.75
283.19,66.178,301.16,68.591,292.06,136.37,274.09,133.95
281.11,66.969,302.86,71.12,290.82,134.25,269.06,130.1
277.11,65.486,294.8,64.92,296.9,130.75,279.22,131.31
274.08,65.941,292.5,63.615,300.96,130.6,282.54,132.92
273.07,66.5,293.61,63.221,304.43,130.99,283.89,134.27
280.32,65.994,304.24,69.833,294,133.61,270.09,129.77
276.5,67.631,297.82,67.435,298.44,134.85,277.12,135.05
277.63,64.733,301.01,65.454,298.94,132.77,275.55,132.05
275.78,64.469,298.87,64.317,299.32,132.01,276.22,132.16
283.48,61.788,303.61,65.259,292.32,130.77,272.19,127.3
278.72,61.514,301,63.147,295.64,136.34,273.35,134.71
278.17,65.889,300.9,67.842,294.97,136.95,272.23,134.99
278.38,66.346,301.99,68.937,294.46,137.62,270.84,135.03
281.8,64.204,304.32,68.056,292.81,135.36,270.29,131.51
276.07,65.696,298.05,65.637,298.22,130.26,276.24,130.32
281.28,63.444,304.88,68.532,292.11,127.73,268.51,122.65
277.13,65.26,299.31,66.611,295.29,132.52,273.12,131.17
278.12,64.835,299.57,65.881,296.27,133.59,274.82,132.54
279.62,67.535,299.01,67.298,299.83,134.65,280.44,134.89
276.56,65.124,298.86,64.77,299.96,133.91,277.65,134.26
279.12,63.106,301.2,64.382,297.44,129.57,275.35,128.29
281.68,65.441,303.38,66.422,300.21,136.55,278.5,135.57
277.33,65.118,301.1,65.962,298.79,131.34,275.02,130.5
280.3,63.214,303.46,66.057,295.37,131.95,272.21,129.1
281.04,62.385,305.66,67.661,290.8,136.96,266.19,131.68
276.57,62.208,300.12,62.316,299.8,132.67,276.25,132.56
278.09,61.306,300.36,62.606,296.45,129.74,274.17,128.44
281.12,60.223,303.66,63.374,293.77,134.1,271.23,130.95
276.29,62.948,300.53,63.311,299.47,134.44,275.22,134.08
276.93,64.277,300.29,64.501,299.65,132.05,276.28,131.83
270.45,66.15,292.59,60.902,308.3,127.18,286.16,132.43
281.11,61.545,302.2,64.546,292.52,132.55,271.43,129.55
281.53,60.813,304.94,65.063,293.58,127.63,270.17,123.38
281.52,63.129,306.33,68.813,293.34,125.51,268.53,119.83
275.56,61.412,300.08,61.478,299.89,132.62,275.36,132.55
279.59,62.722,303.34,66.612,292.09,135.3,268.34,131.41
281.35,62.065,303.93,65.905,292.02,135.99,269.43,132.15
276.9,62.879,299.28,64.055,295.67,132.67,273.29,131.5
277.07,61.907,297.35,62.178,296.4,133.08,276.12,132.81
276.56,63.528,297.49,64.013,295.88,133.33,274.96,132.85
270.35,63.866,295.88,60.018,306.37,129.59,280.84,133.44
277.68,64.578,304.23,69.052,293.69,131.6,267.14,127.13
281.16,63.25,307.9,71.229,288.73,135.48,261.99,127.5
279.62,62.681,307.88,70.954,290.04,131.88,261.78,123.6
279.47,61.656,306.66,67.734,291.56,135.28,264.37,129.2
279.45,62.519,305.01,65.781,296.29,134.11,270.73,130.85
275.1,62.918,300.41,63.326,299.27,134.16,273.96,133.75
270.54,66.259,296.26,62.403,306.73,132.21,281.01,136.06
276.27,63.975,295.78,63.681,296.84,133.58,277.32,133.87
276.99,61.785,298.87,63.788,292.57,132.62,270.69,130.61
278.16,62.386,303.47,66.428,293.83,126.82,268.51,122.78
274.58,62.453,297.46,62.808,296.36,133.72,273.48,133.36
274.76,63.044,298.27,63.892,295.74,134.27,272.22,133.42
272.26,63.898,296.58,63.358,298.17,134.95,273.85,135.49
279.81,64.956,302.39,69.577,289.22,133.97,266.63,129.35
277.75,61.931,300.83,64.848,291.67,137.37,268.58,134.46
272.11,64.399,296.3,62.831,300.82,132.42,276.63,133.99
276.77,61.474,300.79,64.731,290.76,138.73,266.74,135.47
278,63.925,302.44,67.459,292.29,137.63,267.85,134.1
276.52,62.979,303.03,68.059,289.71,137.59,263.2,132.51
276.21,63.73,299.35,66.405,291.97,130.26,268.83,127.58
275.57,62.822,299.13,65.567,291.13,134.26,267.57,131.51
273.77,63.157,299.7,66.478,291.25,132.41,265.33,129.08
262.68,68.588,290.25,61.842,307.43,132.06,279.87,138.81
269.74,64.158,295.83,63.923,296.47,135.92,270.39,136.15
270.21,64.132,297.41,64.45,296.53,139.6,269.33,139.28
272.62,63.151,300.54,67.41,290.89,130.69,262.97,126.43
273.5,59.946,302.65,66.248,287,138.65,257.84,132.34
274.3,62.315,300.57,67.309,288.18,132.5,261.91,127.51
262.42,69.957,288.28,62.426,307.34,127.89,281.48,135.42
261.2,71.016,287.99,63.663,305.66,128.06,278.87,135.41
258.18,72.806,285.17,62.258,306.91,117.9,279.92,128.45
260.62,70.404,288.39,62.525,306.87,127.65,279.1,135.53
268.29,63.454,296.71,65.426,291.69,137.78,263.27,135.81
267,61.902,292.38,61.114,294.66,134.58,269.28,135.37
267.58,63.028,293.93,63.855,291.77,132.7,265.42,131.87
272.38,63.037,299.49,67.684,287.88,135.42,260.77,130.77
274.61,64.047,301.47,71.853,282.53,137.03,255.67,129.22
272.51,60.959,301.52,68.763,284.5,132.03,255.49,124.22
266.17,61.703,293.34,62.021,292.49,134.49,265.32,134.17
273.85,58.851,298.08,63.731,284.3,132.17,260.07,127.29
271.67,59.772,300.12,66.547,284.21,133.38,255.76,126.6
268.55,64.045,298.3,70.3,285.4,131.64,255.65,125.38
269.21,62.732,299.18,68.972,285.91,132.7,255.94,126.46
266.81,61.372,295.3,64.777,286.82,135.68,258.34,132.27
266.84,61.573,297.13,66.764,284.94,137.87,254.65,132.68
264.07,63.003,293.29,64.61,289.38,135.65,260.16,134.04
266.18,65.174,292.24,65.533,291.26,137.1,265.2,136.74
264.45,67.57,292.46,65.464,297.82,136.79,269.82,138.89
269.46,69.154,297.88,71.164,292.78,143.39,264.35,141.38
262.78,76.065,289.98,70.415,304.53,140.48,277.32,146.13
270.29,73.54,298.51,76.239,291.75,146.94,263.53,144.24
269.11,73.179,293.94,73.094,294.2,147.43,269.36,147.51
272.63,73.717,298.87,75.714,293.14,151.02,266.9,149.03
270.42,74.323,297.31,74.378,297.15,151.96,270.26,151.91
272.47,73.075,300.38,76.548,291.07,151.39,263.16,147.92
270.68,74.77,300.56,78.503,292.29,144.74,262.4,141
269.43,72.979,297.14,75.316,291.04,147.58,263.33,145.24
272.27,75.191,302.41,82.921,286.68,144.23,256.55,136.5
272.32,76.461,300.84,83.536,283.29,154.28,254.77,147.2
270.96,73.678,301.44,83.259,280.4,150.19,249.92,140.61
268.26,72.703,299.3,79.708,285.82,139.47,254.77,132.46
270.83,68.988,299.89,76.969,281.34,144.51,252.28,136.53
271.17,66.024,298.52,72.82,278.3,154.2,250.95,147.4
254.68,73.707,284.83,66.109,304.36,143.64,274.21,151.23
270.53,66.415,300.18,74.64,279.69,148.51,250.04,140.28
269.67,66.254,300.15,74.604,280.41,146.66,249.93,138.31
268.72,67.211,297.81,74.762,280.27,142.37,251.17,134.82
262.75,68.36,290.9,68.23,291.28,150.34,263.12,150.47
266.82,66.871,297.13,72.968,282.13,147.54,251.82,141.45
265.34,67.014,295.17,71,285.85,140.72,256.02,136.74
267.61,69.166,299.17,73.612,290.29,136.62,258.74,132.18
259.57,74.009,288.11,67.741,301.44,128.45,272.9,134.72
272.63,67.146,306.15,75.558,288.53,145.77,255.01,137.35
273.92,66.491,302.12,71.154,289.43,147.9,261.23,143.24
276.47,65.139,305.65,72.01,288.98,142.8,259.8,135.93
279.75,64.337,310.14,74.066,289.22,139.39,258.83,129.67
279.48,65.9,310.77,74.886,293.04,136.61,261.75,127.63
283.71,65.64,314.38,78.645,290.26,135.54,259.58,122.54
281.56,67.154,312.82,76.009,293.35,144.72,262.09,135.87
262.24,75.841,295.72,64.186,320.29,134.76,286.81,146.42
281.43,64.931,309.9,70.186,295.64,147.45,267.17,142.19
282.07,66.289,311.35,72.782,294.09,150.62,264.81,144.12
283.54,67.099,313.18,75.691,294.45,140.32,264.81,131.73
268.91,73.542,299.5,65.81,318.21,139.84,287.62,147.57
268.82,75.003,300.75,66.98,319.14,140.18,287.21,148.21
270.18,71.587,302,65.322,317.41,143.61,285.59,149.87
283.7,64.658,316.07,71.971,300.36,141.53,267.99,134.22
266.75,73.191,298.97,63.865,320.77,139.16,288.56,148.49
283.74,66.564,317.58,74.425,302.34,140.05,268.49,132.19
282.47,66.068,315.76,72.2,300.95,152.56,267.67,146.42
278.19,66.261,309.59,68.471,303.74,151.59,272.34,149.38
279.45,63.787,313.14,67.824,303.41,148.99,269.73,144.95
283.4,64.773,317.63,73.137,299.86,145.87,265.63,137.5
286.37,64.718,321.82,76.249,300.62,141.45,265.16,129.91
289.24,66.113,323.45,78.765,297.33,149.41,263.12,136.76
288.32,64.462,321.52,73.267,302.18,146.18,268.98,137.38
286.43,65.353,314.88,69.333,303.27,152.34,274.82,148.36
287.46,64.563,318.34,69.63,304.95,151.24,274.07,146.17
286.89,64.156,316.85,68.254,306.53,143.68,276.57,139.58
289.72,64.602,319.74,70.521,305.57,142.37,275.55,136.45
290.7,66.553,323.49,76.297,304.07,141.64,271.28,131.89
289.32,66.913,321.48,75.037,303.02,148.11,270.86,139.99
278.18,72.018,309.86,66.146,324.47,145.01,292.79,150.88
285.83,67.658,317.15,71.668,307.14,149.82,275.83,145.81
292.43,67.482,322.77,73.643,306.67,152.97,276.32,146.81
289.3,69.322,321.79,72.079,315.15,150.34,282.66,147.58
276.86,74.251,309.31,65.727,329.39,142.18,296.94,150.71
277.24,75.333,311.24,66.745,330.39,142.59,296.4,151.18
293.49,65.535,326.04,72.092,310.12,151.11,277.57,144.55
292.73,64.479,327.73,73.247,309.35,146.59,274.36,137.83
276.17,77.128,309.91,66.071,334.09,139.85,300.35,150.9
292.7,66.107,327.02,73.563,312.29,141.34,277.98,133.88
291.85,64.385,324.38,68.698,313.82,148.37,281.29,144.05
290.84,61.982,323.79,67.714,310.43,144.56,277.47,138.82
290.67,58.906,325.27,64.982,311.03,146.11,276.42,140.03
295.76,58.302,328.21,67.46,306.62,143.97,274.17,134.81
280.33,62.958,313.69,55.067,331.46,130.18,298.1,138.07
274.3,69.028,309.42,54.73,335.87,119.72,300.75,134.01
293.79,57.774,322.89,58.384,321.23,137.42,292.14,136.81
297.2,54.789,327.83,60.447,313.16,139.89,282.52,134.23
285.76,58.041,315.15,52.51,330.32,133.09,300.93,138.62
294.55,50.823,325.59,55.885,313.23,131.68,282.19,126.61
290.86,54.24,323.25,54.128,323.55,139.57,291.15,139.68
297.7,54.367,329.89,61.844,313.83,130.97,281.64,123.49
299.61,54.604,332.17,65.442,308.86,135.51,276.29,124.67
297.57,54.908,328.63,63.116,308.53,139.2,277.46,130.99
283.61,61.013,315.44,54.556,331.62,134.31,299.79,140.77
299.92,54.836,331.82,65.346,307.78,138.29,275.88,127.78
287.06,59.543,320.48,57.662,325.28,142.89,291.85,144.78
276.71,67.807,311.78,54.908,335.63,119.76,300.57,132.66
288.88,57.419,322.95,57.327,323.19,144.2,289.12,144.29
296.5,54.97,328.38,60.833,312.65,146.34,280.77,140.48
297.38,54.039,329.62,60.849,312.56,141.57,280.32,134.76
291.93,56.238,323.04,57.159,320.42,145.63,289.31,144.71
294.92,56.139,327.19,59.848,317.78,141.73,285.51,138.02
295.88,56.912,328.9,61.409,318.58,137.12,285.57,132.62
296.11,57.748,328.79,63.18,315.02,146.07,282.33,140.63
292.84,54.773,324.15,54.655,324.49,144.45,293.17,144.57
284.19,61.523,316.49,53.677,336.16,134.67,303.87,142.52
293.85,54.392,322.41,54.693,321.46,144.53,292.9,144.23
296.64,53.746,331.18,60.539,314,147.89,279.46,141.1
299.28,56.488,329.95,61.648,315.89,145.26,285.21,140.1
298.94,56.767,329.1,61.033,317.43,143.49,287.28,139.23
297.74,57.257,326.79,56.11,330.28,144.51,301.23,145.65
299.59,54.874,325.24,55.034,324.68,145.28,299.03,145.12
301.26,53.906,329.92,58.153,317.7,140.57,289.05,136.32
299.14,53.78,329.48,57.706,318.98,138.83,288.64,134.91
300.51,55.695,329.08,59.016,318.54,149.68,289.97,146.36
301.24,57.307,328.91,60.566,318.46,149.26,290.79,146
298.16,55.218,328.32,57.709,320.82,148.5,290.66,146.01
289.04,58.063,319.68,53.687,332.66,144.52,302.02,148.9
295.76,54.171,325.02,54.014,325.51,145.82,296.25,145.98
294.49,55.992,328.09,56.068,327.88,147.76,294.29,147.69
297.29,58.025,328.22,60.784,320.34,149.2,289.4,146.44
296.62,56.631,327,57.525,324.23,151.81,293.84,150.92
302.15,56.341,331.33,60.614,318.13,150.75,288.95,146.48
294.48,55.866,326.36,55.799,326.56,148.98,294.67,149.05
299.32,53.789,331.52,58.021,319.32,150.86,287.12,146.63
304.1,53.688,337.01,60.327,318.14,153.84,285.23,147.2
304.32,55.268,336.22,61.848,317.33,153.44,285.43,146.86
300.31,57.352,328.94,60.531,318.37,155.79,289.73,152.61
298.26,55.544,328.94,58.212,320.19,158.8,289.51,156.13
297.71,54.032,327.79,56.287,320.66,151.34,290.58,149.08
296.38,54.904,324.31,55.056,323.76,155.18,295.83,155.03
295.57,56.239,326.13,56.178,326.33,157.67,295.77,157.73
295.1,57.795,325.28,57.928,324.88,150.69,294.69,150.56
304.46,57.538,335.34,63.269,318.26,155.3,287.38,149.57
306.41,57.17,337,63.955,316.64,155.72,286.06,148.93
300.85,56.117,332.1,56.913,329.6,154.99,298.35,154.19
302.41,55.127,332.44,58.633,321.37,153.42,291.34,149.91
301.17,54.595,330.6,57.791,320.45,151.27,291.02,148.08
299.35,58.199,331.42,60.443,324.28,162.59,292.2,160.34
296.54,57.66,328.86,58.253,326.94,162.78,294.63,162.19
302.41,56.834,333.94,60.306,322.59,163.34,291.06,159.86
295.99,56.261,327.47,56.467,326.83,155.64,295.35,155.43
298.47,56.412,330.12,57.493,326.69,157.9,295.04,156.82
296.47,57.706,323.99,55.717,330.86,150.75,303.33,152.74
302.87,56.1,327.72,56.043,327.96,163.38,303.11,163.43
299.16,58.102,327.16,58.126,327.07,164.55,299.07,164.52
296.54,57.92,325.7,56.868,329.53,162.87,300.36,163.92
300.27,53.2,331,53.2,331,165.27,300.27,165.27
303.46,52.47,334.93,52.47,334.93,164.6,303.46,164.6
303.43,53.82,335.63,53.82,335.63,166.02,303.43,166.02
303.39,55.17,336.32,55.17,336.32,167.43,303.39,167.43
302.36,54.67,336.02,54.67,336.02,167,302.36,167
301.32,54.17,335.72,54.17,335.72,166.57,301.32,166.57
300.28,53.67,335.42,53.67,335.42,166.13,300.28,166.13
300.62,53.37,336.49,53.37,336.49,165.9,300.62,165.9
300.96,53.07,337.56,53.07,337.56,165.67,300.96,165.67
301.3,52.77,338.64,52.77,338.64,165.44,301.3,165.44
301.64,52.48,339.71,52.48,339.71,165.21,301.64,165.21
301.98,52.18,340.78,52.18,340.78,164.98,301.98,164.98
302.32,51.88,341.85,51.88,341.85,164.75,302.32,164.75
302.66,51.58,342.93,51.58,342.93,164.52,302.66,164.52
303,57,344,57,344,170,303,170
303,57,344,57,344,168,303,168
303.17,55.83,344.17,55.83,344.17,167.5,303.17,167.5
303.33,54.67,344.33,54.67,344.33,167,303.33,167
303.5,55,344.5,55,344.5,168,303.5,168
303.67,55.33,344.67,55.33,344.67,169,303.67,169
303.83,55.67,344.83,55.67,344.83,170,303.83,170
304,56,345,56,345,171,304,171
303.5,56.33,344.67,56.33,344.67,166.83,303.5,166.83
303,56.67,344.33,56.67,344.33,162.67,303,162.67
302.5,57,344,57,344,158.5,302.5,158.5
302,57.33,343.67,57.33,343.67,154.33,302,154.33
301.5,57.67,343.33,57.67,343.33,150.17,301.5,150.17
301,58,343,58,343,146,301,146
300,56.33,343.67,56.33,343.67,152,300,152
299,54.67,344.33,54.67,344.33,158,299,158
298,53,345,53,345,164,298,164
298.37,53.19,345.3,53.19,345.3,165.19,298.37,165.19
298.74,53.37,345.6,53.37,345.6,166.37,298.74,166.37
299.11,53.56,345.9,53.56,345.9,167.56,299.11,167.56
299.49,53.74,346.2,53.74,346.2,168.74,299.49,168.74
299.86,53.93,346.5,53.93,346.5,169.93,299.86,169.93
300.23,54.11,346.8,54.11,346.8,171.11,300.23,171.11
300.6,54.3,347.1,54.3,347.1,172.3,300.6,172.3
300.97,54.49,347.4,54.49,347.4,173.49,300.97,173.49
301.34,54.67,347.7,54.67,347.7,174.67,301.34,174.67
301.71,54.86,348,54.86,348,175.86,301.71,175.86
301.04,55.39,347.25,55.39,347.25,177.39,301.04,177.39
300.36,55.93,346.5,55.93,346.5,178.93,300.36,178.93
299.68,56.46,345.75,56.46,345.75,180.46,299.68,180.46
299,57,345,57,345,182,299,182
299.85,56.09,345.85,56.09,345.85,181.46,299.85,181.46
300.7,55.18,346.7,55.18,346.7,180.91,300.7,180.91
301.55,54.27,347.55,54.27,347.55,180.36,301.55,180.36
301.48,54.74,347.48,54.74,347.48,181.19,301.48,181.19
301.41,55.21,347.41,55.21,347.41,182.02,301.41,182.02
301.34,55.67,347.34,55.67,347.34,182.85,301.34,182.85
301.27,56.14,347.27,56.14,347.27,183.68,301.27,183.68
301.2,56.6,347.2,56.6,347.2,184.51,301.2,184.51
301.14,57.07,347.14,57.07,347.14,185.34,301.14,185.34
301.07,57.53,347.07,57.53,347.07,186.17,301.07,186.17
301,58,347,58,347,187,301,187
300,61,345,61,345,192,300,192
300.5,60,346,60,346,189.5,300.5,189.5
301,59,347,59,347,187,301,187
299.3,55.8,345.9,55.8,345.9,184.7,299.3,184.7
299.71,54.93,346.91,54.93,346.91,184.73,299.71,184.73
300.12,54.07,347.92,54.07,347.92,184.77,300.12,184.77
299.25,55.99,347.65,55.99,347.65,187.59,299.25,187.59
298.37,57.9,347.37,57.9,347.37,190.4,298.37,190.4
297.17,57.06,346.77,57.06,346.77,190.46,297.17,190.46
295.96,56.21,346.16,56.21,346.16,190.51,295.96,190.51
294.75,55.36,345.55,55.36,345.55,190.56,294.75,190.56
294.38,56.18,345.77,56.18,345.77,192.28,294.38,192.28
294,57,346,57,346,194,294,194
293.38,56.5,345.62,56.5,345.62,193.25,293.38,193.25
292.75,56,345.25,56,345.25,192.5,292.75,192.5
292.12,55.5,344.88,55.5,344.88,191.75,292.12,191.75
291.5,55,344.5,55,344.5,191,291.5,191
291.38,55.75,344.62,55.75,344.62,191.5,291.38,191.5
291.25,56.5,344.75,56.5,344.75,192,291.25,192
291.12,57.25,344.88,57.25,344.88,192.5,291.12,192.5
291,58,345,58,345,193,291,193
289.33,57.29,343.67,57.29,343.67,193.21,289.33,193.21
287.67,56.58,342.33,56.58,342.33,193.42,287.67,193.42
286,55.88,341,55.88,341,193.62,286,193.62
284.33,55.17,339.67,55.17,339.67,193.83,284.33,193.83
282.67,54.46,338.33,54.46,338.33,194.04,282.67,194.04
281,53.75,337,53.75,337,194.25,281,194.25
279.33,53.04,335.67,53.04,335.67,194.46,279.33,194.46
277.67,52.33,334.33,52.33,334.33,194.67,277.67,194.67
275.25,53.5,332.25,53.5,332.25,196.75,275.25,196.75
293.04,55.36,330,60.879,311.5,184.72,274.55,179.2
292.8,56.768,335.48,67.139,310.47,170.12,267.78,159.75
285.02,59.534,327.01,65.446,309.02,193.23,267.03,187.32
287.08,58.543,332.99,70.335,308.61,165.24,262.7,153.45
286.04,59.358,327.08,66.997,304.43,188.72,263.38,181.08
285.74,59.098,329.25,69.345,303.33,179.46,259.81,169.21
284.52,61.341,329.97,69.443,309.7,183.16,264.25,175.06
274.56,65.739,316.02,63.288,322.35,170.4,280.89,172.85
283.7,63.393,331.93,75.534,306.96,174.78,258.72,162.64
279.6,58.799,326.15,68.411,302.14,184.71,255.58,175.1
268.2,62.974,305.54,57.509,323.69,181.53,286.35,186.99
267.21,62.362,309.03,56.588,323.28,159.85,281.46,165.62
271.91,56.422,323.53,63.203,309.38,170.9,257.76,164.12
284.95,60.238,324.08,65.873,305.24,196.65,266.12,191.01
278.75,60.462,317.48,63.104,308.29,197.85,269.56,195.21
281.16,54.434,327.42,66.761,298.54,175.18,252.27,162.85
282.95,53.508,331.66,69.385,291.82,191.61,243.11,175.73
283.09,59.111,334.32,83.758,288.77,178.42,237.54,153.77
280.99,52.636,331.97,72.117,289.01,184.54,238.03,165.05
276.34,55.034,312.76,58.088,300.3,206.72,263.88,203.67
269.12,60.088,305.43,60.254,304.73,212.12,268.43,211.95
256.42,69.249,307.76,59.677,330.15,179.76,278.81,189.33
260.69,65.033,308.67,58.562,326.12,187.95,278.14,194.42
258.87,62.202,305.94,55.792,324.63,193.04,277.55,199.45
271.37,58.432,313.24,61.153,303.52,210.69,261.65,207.97
276.91,58.873,326.39,72.711,294.42,187.03,244.94,173.19
268.87,60.704,316.9,67.686,295.5,214.86,247.48,207.88
267.61,58.491,314.32,66.035,292.65,200.27,245.93,192.73
266.48,55.865,315.05,63.621,293.22,200.3,244.65,192.54
265.6,57.134,312.43,63.771,292.89,201.63,246.06,194.99
269.96,53.987,313.49,61.438,290.76,194.21,247.23,186.76
269.18,51.367,318.45,61.803,289.39,199.01,240.12,188.57
268.43,56.116,304.01,57.368,298.43,215.9,262.85,214.65
273.43,55.326,310.28,60.267,289.42,215.8,252.58,210.85
265.17,55.971,308.47,56.334,307.27,199.52,263.97,199.15
256.14,57.368,298.62,52.208,314.62,183.94,272.15,189.1
271.68,51.005,312.49,55.389,296.6,203.31,255.79,198.93
270.64,51.944,320,61.874,291.83,201.85,242.48,191.92
269.24,55.89,322.19,67.589,291.9,204.68,238.95,192.98
269.55,58.696,317.88,69.214,289.65,198.9,241.33,188.38
272.48,52.365,321.98,65.923,290.35,181.42,240.85,167.86
270.54,53.03,320.54,65.869,284.97,204.35,234.98,191.51
268.11,52.747,318.06,63.297,287.32,208.85,237.37,198.3
272.42,54.381,323.28,67.822,287.21,204.35,236.34,190.91
251.57,65.065,309.74,56.362,329.68,189.66,271.51,198.36
248.49,67.707,306.3,56.112,333.23,190.4,275.42,201.99
256.19,57.844,308.18,52.062,323.56,190.3,271.57,196.09
262.02,54.147,309.45,50.708,320.63,204.84,273.2,208.28
261.29,53.427,310.19,50.014,320.69,200.54,271.79,203.96
255.91,60.079,307.64,53.673,324.26,187.86,272.53,194.27
273.12,51.001,328,61.968,299.39,205.11,244.52,194.14
276.45,55.571,326.08,65.665,294.97,218.66,245.33,208.57
281.17,54.76,325.37,64.329,295.5,202.31,251.3,192.74
270.2,54.373,314.08,57.733,301.97,215.98,258.08,212.62
276.25,50.747,323.44,59.114,297.52,205.26,250.34,196.89
264.31,55.345,321.9,55.345,321.9,219.52,264.31,219.52
265.1,55.448,322.97,55.448,322.97,220.17,265.1,220.17
265.9,55.552,324.03,55.552,324.03,220.83,265.9,220.83
266.69,55.655,325.1,55.655,325.1,221.48,266.69,221.48
267.48,55.759,326.17,55.759,326.17,222.14,267.48,222.14
268.28,55.862,327.24,55.862,327.24,222.79,268.28,222.79
269.07,55.966,328.31,55.966,328.31,223.45,269.07,223.45
269.86,56.069,329.38,56.069,329.38,224.1,269.86,224.1
270.65,56.172,330.45,56.172,330.45,224.76,270.65,224.76
271.45,56.276,331.52,56.276,331.52,225.41,271.45,225.41
272.24,56.379,332.59,56.379,332.59,226.07,272.24,226.07
273.03,56.483,333.65,56.483,333.65,226.72,273.03,226.72
273.83,56.586,334.72,56.586,334.72,227.38,273.83,227.38
274.62,56.69,335.79,56.69,335.79,228.03,274.62,228.03
275.41,56.793,336.86,56.793,336.86,228.69,275.41,228.69
276.21,56.897,337.93,56.897,337.93,229.34,276.21,229.34
277,57,339,57,339,230,277,230
278.3,56.7,339.6,56.7,339.6,230.3,278.3,230.3
279.6,56.4,340.2,56.4,340.2,230.6,279.6,230.6
280.9,56.1,340.8,56.1,340.8,230.9,280.9,230.9
282.2,55.8,341.4,55.8,341.4,231.2,282.2,231.2
283.5,55.5,342,55.5,342,231.5,283.5,231.5
284.8,55.2,342.6,55.2,342.6,231.8,284.8,231.8
286.1,54.9,343.2,54.9,343.2,232.1,286.1,232.1
287.4,54.6,343.8,54.6,343.8,232.4,287.4,232.4
288.7,54.3,344.4,54.3,344.4,232.7,288.7,232.7
290,54,345,54,345,233,290,233
290.24,53.412,345.59,53.412,345.59,233.29,290.24,233.29
290.47,52.824,346.18,52.824,346.18,233.59,290.47,233.59
290.71,52.235,346.76,52.235,346.76,233.88,290.71,233.88
290.94,51.647,347.35,51.647,347.35,234.18,290.94,234.18
291.18,51.059,347.94,51.059,347.94,234.47,291.18,234.47
291.41,50.471,348.53,50.471,348.53,234.76,291.41,234.76
291.65,49.882,349.12,49.882,349.12,235.06,291.65,235.06
291.88,49.294,349.71,49.294,349.71,235.35,291.88,235.35
292.12,48.706,350.29,48.706,350.29,235.65,292.12,235.65
292.35,48.118,350.88,48.118,350.88,235.94,292.35,235.94
292.59,47.529,351.47,47.529,351.47,236.24,292.59,236.24
292.82,46.941,352.06,46.941,352.06,236.53,292.82,236.53
293.06,46.353,352.65,46.353,352.65,236.82,293.06,236.82
293.29,45.765,353.24,45.765,353.24,237.12,293.29,237.12
293.53,45.176,353.82,45.176,353.82,237.41,293.53,237.41
293.76,44.588,354.41,44.588,354.41,237.71,293.76,237.71
294,44,355,44,355,238,294,238
293.89,43.737,354.95,43.737,354.95,238,293.89,238
293.79,43.474,354.89,43.474,354.89,238,293.79,238
293.68,43.211,354.84,43.211,354.84,238,293.68,238
293.58,42.947,354.79,42.947,354.79,238,293.58,238
293.47,42.684,354.74,42.684,354.74,238,293.47,238
293.37,42.421,354.68,42.421,354.68,238,293.37,238
293.26,42.158,354.63,42.158,354.63,238,293.26,238
293.16,41.895,354.58,41.895,354.58,238,293.16,238
293.05,41.632,354.53,41.632,354.53,238,293.05,238
292.95,41.368,354.47,41.368,354.47,238,292.95,238
292.84,41.105,354.42,41.105,354.42,238,292.84,238
292.74,40.842,354.37,40.842,354.37,238,292.74,238
292.63,40.579,354.32,40.579,354.32,238,292.63,238
292.53,40.316,354.26,40.316,354.26,238,292.53,238
287.17,43.243,351.15,39.199,363.01,226.91,299.04,230.96
288.04,47.859,351.66,43.952,363.39,234.97,299.77,238.88
300.19,41.014,354.92,44.626,342.41,234.27,287.68,230.66
301.31,36.433,350.5,38.995,339.98,240.98,290.79,238.42
291.97,36.995,341.66,34.882,350.29,237.85,300.59,239.96
295.77,33.908,351.61,35.059,347.5,234.72,291.65,233.56
291.05,34.597,356.1,34.654,355.93,229.38,290.88,229.32
288.96,39.092,353.67,38.297,356.07,233.74,291.36,234.54
283.83,42.75,346.78,36.998,363.16,216.29,300.22,222.04
291,37.814,353.42,37.344,354.92,236.08,292.5,236.55
289.44,38.109,355.65,37.825,356.51,238.85,290.3,239.13
293.38,37.205,352.89,35.688,358.06,238.48,298.55,240
295.07,34.219,360.51,34.438,359.89,219.61,294.45,219.39
297.53,39.928,365.16,44.788,351.36,236.75,283.73,231.89
292.87,43.645,361.11,45.296,356.41,239.6,288.17,237.95
294.04,40.635,363.62,42.773,357.55,240.02,287.98,237.88
293.54,35.003,361.5,36.59,356.76,239.82,288.79,238.23
298.53,31.726,367.68,36.823,352.93,236.85,283.79,231.75
301.4,30.917,371.48,37.505,352.47,239.62,282.4,233.03
313.43,32.124,395.73,56.011,341.13,244.14,258.83,220.25
259.94,60.756,350.07,32.642,405.87,211.54,315.74,239.65
262.05,62.597,353.44,34.333,407.19,208.11,315.8,236.38
320.08,33.501,409.79,67.827,342.05,244.87,252.34,210.54
292.52,38.065,370.83,29.338,393.44,232.2,315.12,240.93
291.61,35.575,369.42,27.067,391.93,232.99,314.12,241.49
284.88,41.063,365.69,28.552,394.74,216.19,313.93,228.7
286.61,44.119,371.63,33.032,396.28,222.11,311.26,233.2
319.71,34.548,406.63,59.679,356.16,234.23,269.24,209.1
316.2,33.959,401.54,55.806,353.1,245,267.77,223.15
318.54,33.219,401.47,54.812,352.72,242.06,269.79,220.47
316.21,28.064,397.31,45.585,354.83,242.23,273.73,224.71
323.61,26.887,403.95,47.823,353.35,242,273.01,221.06
316.81,28.364,396.1,41.328,363.14,242.96,283.84,229.99
316.18,36.12,403.28,47.846,376.9,243.81,289.8,232.08
317.34,38.25,399.3,48.454,374.96,243.88,293.01,233.67
325.42,34.837,407.47,50.435,370.41,245.38,288.36,229.79
309.99,39.443,389.1,34.236,402.96,244.8,323.86,250
316.97,32.184,395.38,31.279,397.77,238.5,319.36,239.4
313.52,32.307,395,32.775,393.81,239.66,312.33,239.19
311.25,36.607,392.91,35.143,396.57,239.19,314.91,240.65
297.27,53.35,375.67,39.245,409.91,229.54,331.5,243.65
310.72,45.676,382.41,38.687,404.45,264.86,332.76,271.85
317.67,33.656,401.03,46.507,370.87,242.14,287.51,229.29
317.36,30.533,399.35,42.157,370.91,242.7,288.93,231.08
314.49,28.536,398.56,40.123,370.61,242.95,286.53,231.37
307.56,29.793,396.16,38.807,375.44,242.44,286.84,233.43
300.03,35.115,392.78,38.918,384.51,240.46,291.77,236.65
307.34,38.005,406.99,50.823,382.06,244.6,282.41,231.78
325.64,33.195,424.81,65.975,364.43,248.62,265.27,215.84
325.02,31.616,423.74,68.632,357.03,246.53,258.31,209.52
321.7,26.914,417.89,58.663,356.28,245.32,260.09,213.57
279.05,39.167,373.33,29.335,394.62,233.52,300.34,243.35
303.3,30.54,410.94,51.981,371.51,249.97,263.86,228.53
315.88,40.25,420.76,80.536,354.8,252.27,249.91,211.98
295.09,35.61,400.22,55.564,363.99,246.45,258.86,226.5
309.82,28.898,411.21,62.15,351.06,245.57,249.67,212.31
317.5,28.032,414.19,64.218,346.55,244.95,249.86,208.77
314.57,29.068,409.93,59.871,350.29,244.49,254.93,213.69
314.04,31.093,413.6,63.493,352.86,250.14,253.3,217.74
274.62,43.687,392.03,44.281,390.93,260.94,273.52,260.34
229.71,99.002,337.4,37.922,427.49,196.76,319.81,257.84
244.78,71.887,358.29,27.239,429.68,208.73,316.16,253.38
325.68,26.198,434.63,80.322,350.37,249.94,241.42,195.82
329.56,23.214,441.41,83.333,351.05,251.47,239.19,191.35
242.09,63.822,358.53,18.988,431.52,208.56,315.08,253.4
275.13,35.654,391.75,29.637,403.07,249.07,286.45,255.09
296.67,36.314,392.94,37.095,391.15,257.23,294.89,256.45
282.42,43.395,377.32,31.911,401.98,235.68,307.08,247.17
254.34,61.383,356.91,23.815,427.55,216.66,324.98,254.23
296.93,24.027,393.67,28.165,384.59,240.46,287.85,236.32
287.68,28.009,376.37,18.074,400.77,235.91,312.08,245.84
295.5,26.023,390.78,25.666,391.65,257.58,296.38,257.94
287.74,31.129,399.14,30.446,400.42,239.14,289.02,239.83
304.91,34.308,419.09,55.975,382.24,250.17,268.06,228.5
303.74,35.363,421.77,64.903,374.52,253.66,256.5,224.12
305.67,32.59,423.7,65.233,372.08,251.88,254.05,219.23
313.08,22.684,436.27,68.358,368,252.5,244.81,206.82
311.52,17.771,438.55,62.525,370.47,255.75,243.44,211
305.98,23.535,445.39,66.371,386.03,259.57,246.62,216.74
304.85,28.056,444.21,68.188,387.2,266.17,247.84,226.03
302.81,35.705,432.73,72.103,377.94,267.67,248.02,231.28
297,31.247,428.33,65.695,376.2,264.46,244.86,230.01
288.51,25.856,415.12,52.04,373.7,252.35,247.09,226.17
281.34,21.75,403.98,37.728,376.64,247.59,254,231.61
265.73,25.46,385.53,26.548,383.59,239.7,263.79,238.62
269.25,28.766,386.5,29.273,385.59,239.65,268.33,239.15
268.49,34.015,397.16,34.056,397.1,239.03,268.42,238.99
269.32,36.749,385.77,36.192,386.74,239.06,270.29,239.62
278.59,28.913,410.23,47.775,381.21,250.25,249.58,231.39
262.16,25.037,387.27,26.574,384.65,240.04,259.54,238.5
266.82,21.405,396.02,34.598,374.37,246.61,245.17,233.42
257.56,23.124,382.46,26.955,375.87,241.68,250.98,237.85
249.28,31.267,377.02,32.423,374.99,257.14,247.25,255.99
281.06,35.51,417.64,86.595,350.25,266.78,213.67,215.69
170.73,150.4,290.52,43.938,418.32,187.73,298.53,294.19
241.39,49.843,383.13,67.485,355.95,285.87,214.21,268.23
224.27,48.821,338.11,50.619,335.1,241.37,221.25,239.57
208.14,50.171,311.35,41.201,330.34,259.7,227.13,268.67
196.82,62.716,301.53,45.038,333.9,236.77,229.19,254.45
202.07,67.563,314.5,56.999,331.58,238.76,219.15,249.33
189.34,75.868,309.95,50.379,350.33,241.42,229.72,266.91
216.55,64.39,339.3,64.214,339.55,239.03,216.8,239.21
227.61,63.154,363.04,72.395,347.34,302.57,211.9,293.32
261.38,55.725,385.8,145.41,303.99,258.9,179.57,169.22
265.36,67.155,387.24,100.89,344.35,255.84,222.47,222.11
276.65,71.893,400,94.491,367.35,272.71,244,250.11
281.21,80.069,392.36,89.28,374.56,304.08,263.41,294.87
273.59,87.194,346.18,73.134,387.3,285.45,314.71,299.51
259.69,94.054,322.28,72.33,392.12,273.54,329.53,295.26
254.92,92.945,317.66,69.935,385.25,254.21,322.51,277.22
251.13,92.834,313.71,70.712,386.11,275.51,323.52,297.63
249.91,95.735,305.43,74.455,367.13,235.43,311.62,256.71
250.15,97.371,317.45,80.712,355.87,235.94,288.56,252.6
254.21,99.134,359.67,100.57,357.76,240.43,252.3,238.99
267.44,94.849,378.71,154.61,325.25,254.15,213.98,194.39
269.01,94.956,374.06,144.74,324.28,249.79,219.23,200.01
272.35,91.144,375.5,142.88,322.78,247.99,219.63,196.25
281.37,89.654,380.76,160.56,323.22,241.21,223.83,170.31
275.11,115.33,361.09,129.79,342.17,242.31,256.19,227.85
277.9,102.72,330.11,92.178,358.98,235.09,306.76,245.64
268.03,111.58,325.56,93.756,370.02,237.23,312.49,255.06
268.11,115.44,335.63,97.169,387.91,290.38,320.39,308.65
279.1,104.55,355.51,92.515,380.77,252.93,304.36,264.96
287.79,105.78,365.93,96.876,386.32,275.82,308.18,284.73
301.93,103.96,366.17,97.629,380.18,239.82,315.93,246.15
304.3,107.96,357.51,100.61,376.59,238.78,323.38,246.13
306.9,113.78,349.28,103.71,381.24,238.22,338.86,248.29
309.88,112.07,361.63,105.33,383.47,272.96,331.72,279.7
313.08,111.68,374.69,107.99,382.71,241.74,321.09,245.43
303.33,111.48,372.19,102.66,392.85,263.99,323.99,272.81
318.29,105.47,374.46,103.28,379.66,236.97,323.49,239.16
305.09,115.96,361.44,104.78,387.38,235.54,331.03,246.72
321.98,114.59,362.05,110.45,375.77,243.43,335.7,247.56
300.9,127.49,353.16,112.18,388.21,231.79,335.95,247.11
300.59,125.11,364.19,114.21,385.64,239.33,322.04,250.23
298.12,126.03,362.92,111.92,391.28,242.1,326.49,256.22
295.81,130.98,359.41,115.14,392.6,248.42,329.01,264.26
299.76,122.74,357.74,115.12,372.63,228.37,314.66,236
304.54,129.22,350.68,124.98,360.79,234.91,314.66,239.15
305.31,132.74,337.84,128.83,350.76,236.16,318.24,240.08
299.8,131.59,349.74,132.72,347.33,239.96,297.39,238.84
275.38,131.85,322.23,119.01,354.93,238.27,308.08,251.11
273.52,129,323.4,117.54,347.58,222.76,297.7,234.22
291.42,125.3,333.77,127.81,326.07,257.75,283.72,255.24
287.44,125.88,322.95,124.51,326.49,215.83,290.97,217.21
286.94,128.37,320.91,127.04,325.28,238.63,291.31,239.96
286.79,132.6,317.45,128.61,331.35,235.37,300.68,239.36
284.96,128.91,326.83,127.86,329.6,238.94,287.73,239.98
269.92,141.94,317.01,128.6,346.91,234.13,299.82,247.47
269.58,142.21,319.2,131.1,343.09,237.88,293.47,248.98
281.87,138.12,320.79,136.92,323.87,237.02,284.95,238.22
280.11,139,316.37,137.06,321.54,233.38,285.28,235.32
284.7,141.32,310.69,138.65,320.78,236.7,294.79,239.37
287.15,146.27,310.01,143.94,319.57,237.51,296.71,239.85
284.26,144.24,312.66,141.51,322.01,239.05,293.61,241.77
280,146.96,311.24,142.88,322.3,227.45,291.06,231.53
289.17,144.22,317.98,144.63,316.67,236.44,287.86,236.04
281.78,149.01,311.12,144.35,322.57,216.49,293.24,221.15
296.38,148.8,321.04,149.3,319.28,235.61,294.62,235.11
296.63,151.61,318.27,150.18,323.89,235.24,302.26,236.67
292.94,160.31,315.71,154.47,334.92,229.38,312.16,235.22
300.74,156.58,327.54,156.15,328.83,235.32,302.03,235.76
300.59,157.08,338.29,161.54,330.76,225.21,293.06,220.75
305.3,158.81,336.81,158.72,337.03,232.41,305.53,232.51
301.62,160.47,332.5,157.52,338.75,223.04,307.87,225.99
299.59,164.39,328.16,158.85,340.58,222.94,312,228.47
305.1,165.23,332.15,163.42,336.79,232.74,309.75,234.55
308.28,163.25,330.11,163.3,329.96,236.89,308.13,236.85
307,166.69,327.83,164.54,335.2,235.82,314.37,237.98
309.47,164.01,330.95,163.98,331.04,224.07,309.56,224.1
311.35,165.39,331.33,167.16,325.27,235.52,305.29,233.75
310.13,166.99,329.62,168.03,325.85,238.47,306.36,237.42
309.25,167.82,327.22,168.68,323.82,239.75,305.85,238.89
299.61,172.15,318.3,168.9,330.11,236.81,311.42,240.06
309.51,169.62,334.3,177.64,318.66,225.95,293.87,217.93
301.68,171.26,320.59,170.26,323.97,234.3,305.07,235.3
300.02,168.68,321.89,168.56,322.25,232.92,300.38,233.04
300.73,170.58,318.86,170.41,319.41,230.45,301.29,230.62
301.63,169.97,321.77,173.5,311.3,233.22,291.17,229.69
300.18,170.73,318.79,173.32,310.67,231.69,292.06,229.1
297.79,170.3,312.24,169.88,314.01,230.28,299.56,230.71
301.99,171.08,323.03,174.31,314.18,231.8,293.14,228.56
296.59,170.93,314.67,170.79,315.11,228.26,297.04,228.4
295.72,173.24,309.5,172.07,314.08,226.13,300.3,227.3
296.6,171.54,312.64,171.92,311.35,227.27,295.31,226.9
299.83,170.89,314.63,170.78,315.03,223.82,300.22,223.93
292.99,174.22,311.42,169.13,324.71,217.26,306.28,222.35
301.59,168.86,318.21,169.65,315.78,220.57,299.16,219.78
298.3,170.39,316.09,170.46,315.9,221.38,298.11,221.31
299.53,172.49,318.18,172.63,317.84,217.45,299.2,217.31
303.62,171.89,318.02,173.76,312.17,218.79,297.76,216.92
300.91,173.28,317.82,174.49,314.62,219.26,297.71,218.05
299.8,173.35,316.89,174.61,313.85,216.12,296.75,214.86
295.81,172.81,312.03,171.65,315.18,215.86,298.97,217.02
294.18,171.34,311.1,169.03,317.24,214.06,300.32,216.37
291.05,174.4,309.83,168.82,321.52,208.16,302.73,213.74
291.6,174.1,309.3,166.74,325.53,205.75,307.82,213.12
291.38,176.02,308.26,165.78,323.73,191.28,306.86,201.52
294.34,174.25,312.04,166.16,329.05,203.38,311.35,211.47
288.14,178.55,309.17,165.04,329.21,196.22,308.19,209.74
296.7,170.31,313.01,168.35,316.78,199.68,300.46,201.65
293.46,173.6,308.82,166.46,321.67,194.12,306.31,201.26
288.06,177.32,305.6,166.04,323.08,193.23,305.54,204.51
288.86,179.51,305.62,166.93,322.89,189.95,306.12,202.52
288.12,171.49,305.04,167.31,312.76,198.55,295.83,202.73
289.03,171.08,304.12,165.59,315.74,197.55,300.65,203.04
290.64,172.3,303.3,167.84,313.38,196.4,300.72,200.86
290.9,167.58,305.04,166.57,307.35,198.9,293.21,199.91
287.12,172.47,301.24,168.94,308.59,198.35,294.47,201.88
282,171.71,297.04,165.51,310.77,198.86,295.73,205.05
280.84,169.98,294.98,164.29,308.01,196.68,293.87,202.37
276.25,170.29,289.66,163.54,306.19,196.38,292.78,203.14
278.6,166.8,290,163,302.7,201.1,291.3,204.9
278.39,165.98,291.06,162.18,301.87,198.24,289.21,202.04
276.09,165.75,289.47,161.1,302.35,198.14,288.97,202.79
271.51,169.07,284.83,161.86,301.98,193.52,288.66,200.74
271.83,166.82,285.42,162.82,296.2,199.47,282.61,203.47
266.83,170.43,279.49,163.67,294.99,192.74,282.33,199.49
273.06,163.73,286.28,163.22,287.75,201.15,274.53,201.66
268.1,167.36,278.35,164.74,287.23,199.42,276.98,202.05
268.94,166.53,279.58,165.14,284.26,200.97,273.61,202.36
265.05,166.24,276.27,163.9,284.07,201.36,272.85,203.7
266.67,165.05,282.83,164.45,284.22,201.92,268.06,202.52
262.32,165.59,275.03,164.06,279.6,201.97,266.89,203.5
252.32,169.88,269.26,163.72,281.93,198.57,264.99,204.73
259.4,165.47,270.39,164.34,274.17,201.28,263.18,202.4
250,173.37,264.15,165.17,282.52,196.91,268.37,205.1
247.68,174.21,262.3,164.9,281.49,195.05,266.86,204.36
247.03,172.64,260.02,164.52,279.97,196.48,266.98,204.59
245.32,167.55,259.84,161.61,274.96,198.56,260.43,204.5
244.42,169.47,257.56,163.39,273.46,197.78,260.32,203.85
241.1,172.3,254.49,163.78,271.25,190.11,257.86,198.64
241.07,168.63,255.85,164.28,264.38,193.3,249.6,197.65
244,167,258,167,258,195,244,195
244.34,166.75,256.92,167.41,255.4,196.42,242.82,195.76
240.33,166.66,251.73,165.99,253.63,198.23,242.23,198.9
238.13,167.19,247.49,166.6,249.36,196.15,240,196.74
233.02,167.09,249.38,164.11,256.06,200.81,239.69,203.78
235.58,166.83,252.74,167.18,252.05,201.02,234.89,200.67
231.58,167.95,244.71,167.76,245.18,200.37,232.05,200.55
229.53,168.35,243.5,166.95,246.82,200.22,232.86,201.61
226.18,168.2,241.15,168.23,241.08,202.38,226.11,202.35
213.92,179.57,229.11,165.9,248.7,187.67,233.51,201.34
222.32,165.49,237.32,165.62,237.01,200.24,222.02,200.11
218.43,165.75,235.42,165.21,236.56,200.55,219.56,201.1
217.46,167.23,232.62,166.47,234.27,199.34,219.1,200.09
214.35,166.95,227.55,165.16,232.3,200.21,219.09,202
209.66,166.42,221.81,163.27,230.62,197.25,218.47,200.4
211.66,167.49,222.9,167.93,221.69,198.9,210.44,198.46
210,168,222,168,222,196,210,196
204.54,168.35,216.94,166.37,222.26,199.64,209.86,201.62
204.03,166.51,218.97,165.55,221.07,198.16,206.14,199.12
199.94,167.29,218.99,166.61,220.12,198.42,201.08,199.1
203.6,167.62,213.59,168.79,210.28,197.14,200.29,195.97
201.11,168.27,211.05,169,208.8,199.56,198.86,198.82
198.4,168.57,210.2,169.08,208.99,197.18,197.19,196.67
194.08,167.65,205.55,166.11,209.71,197.04,198.24,198.58
194.09,166.24,206.32,166.55,205.45,200.86,193.22,200.55
203.22,166.58,190.28,167.34,192.06,197.77,205,197.01
190.86,166.3,203.44,166.7,202.44,197.76,189.86,197.36
189.34,168.7,202.29,169.65,200,201,187.05,200.05
188.47,169.47,198.6,170.15,196.62,199.71,186.48,199.03
187.76,166.02,200.33,168.92,192.57,202.52,180.01,199.62
194.56,170.34,185.1,169.73,183.32,197.25,192.78,197.86
180,169,192,169,192,199,180,199
179,167,192,167,192,199,179,199
177.96,168.09,191.02,168.51,190.05,198.43,177,198.01
177.62,164.2,189.25,164.29,189,196.44,177.36,196.35
175.31,164.28,191.37,163.48,193.19,199.89,177.13,200.69
172.08,166.29,186.61,165.05,189.46,198.44,174.93,199.68
167.19,173.26,182.16,167.56,192.95,195.88,177.98,201.58
166.5,171.7,182.03,166.58,191.99,196.76,176.45,201.89
170.24,169.61,181.16,167.68,186.68,198.84,175.76,200.78
165.52,171.03,178.52,166.15,188.79,193.51,175.79,198.4
171.59,164.58,181.45,165.07,179.9,195.9,170.05,195.4
170.73,166.25,182.6,167.18,180.05,199.85,168.18,198.93
171.35,165.45,181.18,165.55,180.83,200.13,171.01,200.03
167.17,167.01,181.04,167,181.07,200,167.2,200.01
168,167,178,167,178,200,168,200
168,168,179,168,179,198,168,198
167.49,168.59,180.57,169.78,177.73,200.98,164.66,199.79
169.39,168.4,179.47,170.69,172.39,201.88,162.31,199.59
166.8,170.46,180.06,173.15,174.15,202.28,160.89,199.59
167.63,169.62,179.89,172.01,173.84,202.94,161.58,200.55
166.72,168.12,177.87,169.57,173.89,200.18,162.74,198.73
165.91,167.88,176.44,169.29,172.45,199.19,161.92,197.79
166.45,168.24,177.83,170.38,172.26,199.95,160.88,197.81
165.38,168.23,177.96,169.95,173.7,201.23,161.11,199.52
168.48,168.66,180.45,172.2,171.75,201.55,159.79,198.01
168.13,167.09,182.63,171.67,172.34,204.26,157.84,199.69
167.09,167.37,181,170.39,174.25,201.45,160.34,198.42
167.93,169.88,178.61,172.41,172.17,199.58,161.49,197.05
167.07,167.16,175.3,167.42,174.26,200.26,166.03,200
166.58,169.7,175.45,170.15,173.97,199.24,165.1,198.79
166.13,168.46,179.65,168.47,179.61,199.34,166.09,199.33
167.56,168,178.64,168.91,175.84,202.73,164.77,201.81
167.46,167.29,181.78,169.24,177.45,201.02,163.13,199.06
168.09,165.95,178.44,166.32,177.17,201.32,166.82,200.95
166.76,169.69,178.94,169.48,179.48,202.36,167.31,202.56
167.34,167.43,177.58,167.66,176.81,202.31,166.56,202.08
169.02,166.92,181.31,169.33,175.28,200,162.99,197.59
167.67,167.01,178.7,167.75,176.51,200.3,165.48,199.56
168.35,164.78,177.78,165.35,175.59,201.92,166.16,201.35
167.02,167.01,176.9,166.97,177.05,201.93,167.17,201.97
168.02,166.82,176.46,166.98,175.81,200.8,167.36,200.63
168.28,167.38,181.49,167.88,180.15,203.68,166.93,203.18
169.2,167.25,182.6,170.57,175.26,200.12,161.87,196.8
168.42,167.24,178.21,168.23,174.78,202.21,164.99,201.22
169.85,167.4,183.35,171.18,174.45,202.97,160.95,199.19
167.73,168.69,177.64,169.32,175.46,203.4,165.55,202.77
167.99,168.34,179.64,169.97,175.08,202.58,163.44,200.95
168.24,168.17,178.85,169.35,175.15,202.81,164.54,201.64
168.59,168.83,178.63,169.84,175.59,200.04,165.55,199.03
167.17,169.18,180.53,169.21,180.45,198.59,167.09,198.55
168.09,168.66,178.3,169.96,174.7,198.4,164.49,197.1
168.08,167.19,180.8,168.37,177.95,199.1,165.22,197.91
168.99,168.38,181.03,170.55,175.14,203.28,163.1,201.12
169.8,167.49,182.87,169.58,177.59,202.54,164.53,200.44
170.43,168.44,183.05,171.18,176.34,202.03,163.72,199.29
171.79,168.52,187.48,174.79,175.21,205.48,159.52,199.21
171.71,171.02,185.34,176.86,174.9,201.24,161.26,195.4
172.02,169.69,184.5,174.13,174.15,203.17,161.67,198.73
171.18,168.55,184.49,172.25,175.42,204.89,162.11,201.2
175.73,169.04,187.82,174.58,173.3,206.26,161.21,200.72
177.5,170.94,186.91,175.77,172.86,203.12,163.45,198.29
176.98,171.52,186.42,176.26,173.09,202.79,163.65,198.05
175.2,171.72,184.54,173.72,178.59,201.54,169.25,199.54
181.88,171.53,191.29,177.18,176.65,201.59,167.24,195.94
177.28,172.56,188.05,174.7,182.9,200.58,172.13,198.44
181.89,171.08,192.85,175.47,181.3,204.28,170.34,199.89
180.68,172.75,190.99,174.23,187.53,198.24,177.22,196.76
180.8,169.75,192.01,171.46,187.65,200.01,176.44,198.29
188.26,169.67,199.69,176.53,185.03,200.95,173.6,194.08
192.5,170.5,203,181,183.5,200.5,173,190
192.51,168.63,203.19,178.43,184.18,199.17,173.49,189.37
193.61,167.95,205.8,178.4,186.74,200.64,174.55,190.19
190.77,166.37,205.07,171.57,193.8,202.56,179.5,197.36
187.74,169.46,200.91,170.57,198.41,200.07,185.24,198.96
193.41,168.67,206.7,173.36,197.04,200.72,183.75,196.03
196.67,168.8,209.14,173.94,197.71,201.7,185.24,196.57
195.56,168.39,206.35,169.63,202.69,201.33,191.91,200.09
198.5,170.5,210.42,172.88,204.46,202.69,192.54,200.31
203.2,168.4,214.9,172.3,204.7,202.9,193,199
202.37,168.93,213.19,170.19,210.15,196.33,199.33,195.07
205.13,170.43,217.16,172.45,212.76,198.62,200.73,196.59
209.01,168.77,221.05,172.86,212.85,197.02,200.81,192.93
210.56,168.4,220.82,170.54,214.56,200.55,204.3,198.41
211.18,166.31,222.6,169.33,214.85,198.69,203.43,195.68
210.91,166.78,222.07,167.79,219.4,197.38,208.23,196.37
212.42,166.89,223.9,167.89,221.31,197.65,209.83,196.65
215.66,168.42,228.99,171.4,222.77,199.21,209.44,196.23
217.53,164.98,232.01,167.26,226.95,199.31,212.47,197.02
221.85,165.23,236.78,168.78,229.59,199.01,214.65,195.45
221.81,166.97,233.94,166.92,234.07,200.07,221.93,200.12
224.16,165.99,235.02,166,234.98,201.01,224.13,201
231.55,165.33,243.39,168.56,233.84,203.59,221.99,200.36
228.69,166.14,243.1,167.11,240.64,203.37,226.23,202.39
227.15,166.38,243.56,166.49,243.35,201.27,226.93,201.17
238.22,166.19,252.4,169.78,244.16,202.28,229.98,198.68
241.52,166.92,252.82,170.6,242.4,202.62,231.1,198.95
243.59,166.6,254.46,169.63,244.76,204.39,233.89,201.36
246.02,166.28,255.72,168.84,246.8,202.68,237.09,200.12
247.96,166.78,258.49,168.99,251.52,202.16,240.99,199.95
250.93,166.85,263.97,171.74,252.38,202.64,239.34,197.75
248.72,170.04,258.93,169.16,261.67,201.03,251.47,201.91
256.4,169.1,265.92,170.09,262.77,200.44,253.24,199.45
260.08,167.14,273.83,171.18,264.29,203.61,250.54,199.57
264.23,166.45,277.39,170.56,267.76,201.36,254.61,197.25
258.5,165.21,271.96,165.94,270.28,196.83,256.83,196.1
264.86,165.93,277.95,167.22,274.93,197.73,261.84,196.43
268.26,164.84,279.3,165.36,277.75,198.23,266.71,197.71
274.57,164.8,288.36,168.62,279.39,201.01,265.6,197.19
273.63,164.95,285.2,166.4,280.75,201.97,269.18,200.52
277.67,164.5,288.61,166.39,282.21,203.43,271.28,201.54
274.7,165.2,291.44,165.7,290.34,202.96,273.6,202.46
283.81,163.29,299.19,166.5,291.26,204.55,275.89,201.35
278.14,167.66,296.54,166.04,299.43,198.86,281.03,200.48
294,166.75,308.74,173.8,295.67,201.1,280.93,194.04
297.86,165.59,310.91,170.25,299.6,201.93,286.55,197.27
300.48,166.51,311.12,169.94,300.05,204.24,289.42,200.81
299.43,164.41,312.03,165.74,308.1,203.06,295.5,201.74
305.04,166.26,315.55,168.89,307.44,201.34,296.94,198.71
304.27,166.17,317.12,167.11,314.77,199.18,301.91,198.23
310.55,166.21,323.73,168.54,318,201,304.82,198.67
309.01,167.65,322.11,167.67,322.09,197.08,308.98,197.07
316.13,167.43,328.38,168.45,325.56,202.3,313.31,201.28
317.68,168.45,330.69,169.22,328.68,203.51,315.66,202.74
324.89,168.32,335.04,169.67,330.45,204.13,320.3,202.77
330.03,167.47,342.62,170.86,333.22,205.75,320.63,202.36
324.52,168.06,340.85,167.96,341.02,194.55,324.69,194.66
331.34,168.3,346.3,169.66,343.8,197.16,328.84,195.8
330.79,171.9,342.87,167.63,354.21,199.75,342.12,204.02
334.04,169.28,346.5,167.5,351.56,202.92,339.1,204.7
336.01,168.11,348.74,166.7,352.48,200.28,339.74,201.7
341.26,166.72,355.15,166.84,354.84,201.54,340.96,201.42
345.57,166,356.25,166.02,356.2,201.1,345.51,201.09
345.58,169.24,359.51,168.63,360.94,201.61,347.01,202.22
349.48,170.18,365.38,171.7,362.77,199.04,346.87,197.52
351.45,172.11,368.3,174.16,365.3,198.74,348.46,196.68
357.27,168.52,374.36,173.86,365.49,202.22,348.41,196.88
356.7,167.64,372.82,168.14,371.96,196.18,355.83,195.68
356.47,170.12,370.98,166.89,377.94,198.24,363.44,201.46
357.41,170.17,370.64,168.13,375.58,200.29,362.36,202.33
364.85,168.46,374.2,168.38,374.45,200.05,365.09,200.12
364.25,170.1,378.42,169.18,380.24,197.31,366.07,198.23
367.24,170.67,382.54,171.35,381.38,197.57,366.08,196.89
360.16,185.41,374,170.1,394.68,188.8,380.84,204.11
368.15,174.13,379.26,170.91,387.47,199.17,376.36,202.4
369.91,171.44,378.31,169.68,384.63,199.95,376.23,201.7
369.51,170.8,379.39,168.96,385.1,199.7,375.21,201.54
366.66,172.71,378.13,168,390.01,196.91,378.53,201.63
367.36,173.38,379.11,168.04,391.85,196.07,380.1,201.41
365.96,174.06,377.8,168.14,391.21,194.94,379.37,200.86
367.52,173.72,380.54,167.86,393.19,195.97,380.17,201.82
372.83,169.46,384.51,169.23,385.14,201.66,373.47,201.88
368.98,170.41,383.41,166.56,391.71,197.68,377.27,201.53
372.6,168.98,383.71,168.59,384.84,200.52,373.73,200.92
374.13,168.9,384.57,169.07,384.03,200.84,373.6,200.66
371.65,165.41,381.69,164.97,383.31,201.31,373.27,201.76
