277.66,82.155,303.95,87.164,294.4,137.24,268.12,132.23
279.27,80.0,305.35,85.965,293.64,137.2,267.55,131.23
275.65,80.053,303.67,80.015,303.74,134.93,275.73,134.96
275.36,78.317,303.54,80.217,300.17,130.15,271.99,128.25
275.64,73.757,301.92,75.951,297.24,132.06,270.95,129.87
275.91,71.966,295.99,74.698,288.51,129.68,268.43,126.95
271.34,72.612,289.45,74.111,284.69,131.66,266.58,130.16
268.08,76.111,292.28,76.36,291.68,134.53,267.48,134.28
266.66,76.498,291.26,78.229,287.21,135.9,262.6,134.17
270.72,71.393,292.03,75.157,283.04,126.06,261.73,122.3
274.5,66.394,293.75,71.91,278.37,125.6,259.12,120.08
269.61,67.816,290.22,71.386,280.55,127.22,259.94,123.65
265.37,68.705,290.34,72.063,283.01,126.54,258.05,123.18
264.25,69.04,289.76,72.564,282.67,123.92,257.16,120.4
258.54,70.922,283.34,71.829,281.2,130.33,256.4,129.42
258.4,68.585,283.07,72.473,274.47,127.05,249.8,123.16
252.56,70.508,280.36,72.238,276.57,133.1,248.77,131.37
249.37,70.846,276.06,70.977,275.78,128.74,249.08,128.61
245.01,70.519,272.23,69.545,274.23,125.36,247.01,126.33
244.68,68.648,266.01,71.407,259.1,124.84,237.77,122.08
241.64,70.225,264.37,73.033,257.09,131.95,234.37,129.14
246.37,71.134,270.8,77.086,256.06,137.59,231.63,131.64
241.7,75.72,267.34,77.093,263.93,140.91,238.28,139.53
246.85,73.616,266.88,75.15,261.94,139.7,241.91,138.16
250.15,73.117,270.08,76.475,259.99,136.33,240.06,132.97
247.88,71.307,271.23,75.234,262.25,128.64,238.9,124.71
243.82,72.116,269.77,73.307,266.78,138.67,240.82,137.48
245.39,71.239,272.47,73.407,267.88,130.75,240.8,128.58
247.13,73.83,269.97,74.224,268.84,139.72,245.99,139.33
248.24,70.178,273.8,71.003,271.78,133.4,246.23,132.58
256.92,63.122,277.82,68.501,260.89,134.28,239.99,128.91
247.33,63.732,274.16,63.879,273.8,128.49,246.97,128.34
246.51,64.288,268.22,64.551,267.44,128.99,245.73,128.72
246.85,62.535,267.1,64.936,259.47,129.26,239.22,126.85
241.02,63.852,263.62,64.561,261.52,131.57,238.92,130.86
236.91,66.527,260.26,66.7,259.77,132.01,236.43,131.83
234.21,64.794,258.23,69.464,245.5,134.96,221.48,130.29
231.19,65.491,254.86,68.28,247.52,130.59,223.84,127.8
230.21,65.561,253.07,67.52,247.54,131.99,224.68,130.03
231.31,64.897,255.02,67.357,247.83,136.73,224.11,134.27
229.73,67.203,256.51,69.169,252.74,120.47,225.96,118.51
232.07,69.34,256.65,71.043,251.9,139.65,227.32,137.95
229.71,73.771,256.38,74.933,253.57,139.34,226.91,138.18
231.1,77.073,258.23,76.788,258.93,143.59,231.8,143.87
231.68,73.469,259.78,72.949,261.14,146.52,233.04,147.04
233.86,75.067,261.84,74.83,262.4,141.36,234.42,141.6
241.81,73.461,263.74,77.341,252.25,142.3,230.32,138.42
236.97,76.285,261.98,76.243,262.1,146.21,237.09,146.26
244.63,76.332,265.49,80.437,253.29,142.48,232.42,138.37
241.31,79.683,265.62,80.29,263.69,157.39,239.38,156.78
242.66,78.715,267.24,80.87,260.33,159.7,235.75,157.54
244.82,79.5,269.92,81.336,265.5,141.83,240.4,140.0
243.59,79.065,265.71,79.852,263.17,151.22,241.05,150.44
241.99,78.268,267.88,80.053,262.84,153.3,236.94,151.51
234.56,80.03,262.98,80.43,261.95,154.33,233.52,153.93
229.67,80.447,255.46,81.543,252.93,141.21,227.13,140.11
227.87,78.949,254.69,82.224,245.47,157.68,218.66,154.4
223.1,79.943,248.48,80.314,247.53,145.04,222.15,144.67
220.96,74.344,246.67,74.306,246.78,146.39,221.07,146.43
224.51,72.041,246.46,74.861,237.31,146.15,215.35,143.33
223.56,72.01,243.08,73.218,238.93,140.26,219.41,139.06
227.16,70.674,248.81,73.876,237.19,152.45,215.54,149.25
229.35,70.899,247.01,73.541,236.73,142.26,219.07,139.62
227.55,71.18,249.84,72.363,245.98,145.08,223.69,143.9
225.69,71.821,249.19,72.101,248.31,146.16,224.81,145.88
230.13,70.951,254.23,72.079,251.17,137.48,227.07,136.35
229.49,70.339,256.9,70.661,256.09,139.91,228.67,139.59
231.04,70.529,259.58,71.177,257.95,142.83,229.41,142.18
231.31,72.993,258.13,73.719,256.19,145.17,229.37,144.44
227.63,78.811,256.09,78.798,256.12,146.81,227.66,146.82
233.71,81.853,257.71,84.484,250.41,151.05,226.41,148.42
233.82,83.089,257.07,86.143,248.49,151.53,225.23,148.48
238.39,74.584,262.04,78.139,251.09,151.01,227.44,147.46
237.47,75.57,258.9,76.668,255.43,144.38,234.0,143.28
238.78,74.064,260.97,75.962,254.43,152.35,232.25,150.45
243.82,75.153,265.73,78.863,252.93,154.49,231.02,150.78
240.66,79.918,266.71,79.962,266.57,159.98,240.52,159.94
243.21,76.203,269.05,76.225,268.98,152.71,243.15,152.68
247.37,79.49,274.91,81.249,270.41,151.7,242.87,149.94
247.37,79.737,275.83,79.589,276.2,150.95,247.74,151.1
250.67,78.076,281.08,78.541,279.9,155.91,249.49,155.45
253.83,80.57,283.01,82.608,277.79,157.29,248.61,155.25
253.0,82.0,280.0,82.0,280.0,156.0,253.0,156.0
255.91,80.042,282.64,83.199,272.25,171.21,245.51,168.05
250.78,80.587,280.55,79.902,282.63,170.36,252.87,171.05
259.09,78.22,283.3,82.515,268.74,164.53,244.54,160.23
255.63,78.373,279.69,81.837,268.61,158.81,244.55,155.35
248.76,76.747,272.87,78.249,267.09,171.08,242.97,169.58
247.21,74.887,270.68,77.408,261.06,166.92,237.6,164.4
242.69,74.437,268.19,78.594,253.6,168.1,228.1,163.95
234.11,72.23,263.06,72.272,262.93,158.99,233.99,158.95
236.29,66.501,260.61,67.06,258.8,145.99,234.48,145.43
240.5,65.033,267.18,67.505,259.38,151.61,232.71,149.13
236.39,69.686,265.91,69.07,267.48,144.51,237.96,145.12
239.06,69.11,268.67,68.969,269.02,142.81,239.41,142.95
242.37,69.371,269.93,70.053,267.88,153.12,240.32,152.44
246.39,71.979,274.56,74.482,266.89,160.73,238.73,158.23
257.17,67.328,282.88,72.712,263.82,163.7,238.12,158.32
255.89,68.194,282.61,70.547,274.65,160.94,247.93,158.58
260.45,69.129,286.12,72.061,275.86,161.94,250.18,159.01
261.47,69.855,287.51,72.127,279.03,169.35,252.99,167.08
267.28,69.478,291.89,72.091,281.34,171.46,256.73,168.85
261.34,69.344,289.46,68.764,291.16,151.0,263.04,151.58
265.25,70.088,294.87,71.856,289.23,166.35,259.61,164.59
258.24,68.435,291.27,68.596,290.87,149.25,257.84,149.08
255.27,64.223,287.32,67.492,279.38,145.37,247.33,142.1
248.45,64.038,276.12,65.442,272.12,144.37,244.44,142.97
233.98,62.044,267.62,62.789,265.85,142.8,232.21,142.06
224.76,61.221,255.66,61.758,254.0,157.84,223.09,157.31
217.43,59.874,248.69,61.412,244.7,142.58,213.44,141.04
219.87,61.091,248.09,66.093,233.9,146.14,205.68,141.14
217.25,60.888,244.03,63.661,236.22,139.1,209.44,136.32
215.9,57.809,240.54,58.394,238.83,130.54,214.18,129.95
220.76,56.599,244.84,58.57,237.97,142.43,213.9,140.46
223.35,58.846,244.55,59.367,242.41,146.3,221.21,145.78
225.4,59.645,246.64,60.171,244.43,149.34,223.19,148.81
228.35,62.478,256.27,65.246,247.94,149.26,220.02,146.5
234.06,64.47,260.6,66.117,254.87,158.42,228.33,156.77
238.03,68.59,265.29,69.725,262.58,134.81,235.31,133.68
246.51,68.428,273.99,71.881,264.84,144.73,237.36,141.27
243.36,75.775,269.65,72.767,277.31,139.76,251.02,142.76
252.55,68.769,279.88,68.715,280.03,147.74,252.7,147.8
259.1,70.004,284.38,70.023,284.32,158.33,259.04,158.31
272.16,70.146,292.69,72.757,281.64,159.62,261.11,157.01
273.63,71.886,292.7,72.433,290.55,147.51,271.48,146.96
276.96,74.188,300.39,73.633,301.93,138.64,278.5,139.2
284.01,74.68,304.54,74.031,306.92,149.34,286.39,149.99
291.2,72.657,311.41,73.088,309.86,145.79,289.65,145.36
295.33,74.125,319.12,75.909,313.45,151.49,289.66,149.71
295.05,75.69,319.39,77.454,313.86,153.83,289.51,152.06
297.47,77.226,317.83,76.547,320.42,154.14,300.05,154.82
302.22,78.454,328.01,78.196,328.59,136.82,302.81,137.08
311.06,81.739,335.26,81.786,335.15,140.47,310.94,140.43
307.55,85.659,331.92,83.887,336.2,142.68,311.83,144.45
310.98,86.598,334.45,85.797,336.51,146.06,313.03,146.86
316.27,83.404,337.05,84.179,334.19,160.99,313.4,160.21
318.66,85.677,337.92,87.979,328.33,168.19,309.07,165.89
318.44,82.712,337.04,84.058,331.93,154.57,313.33,153.23
318.34,84.74,340.43,87.611,331.89,153.28,309.8,150.41
313.09,84.261,336.6,86.834,329.74,149.5,306.23,146.93
304.42,82.965,327.07,83.726,324.7,154.15,302.06,153.39
301.16,82.361,321.9,83.913,316.29,158.81,295.56,157.26
293.77,82.619,316.32,81.772,318.94,151.59,296.39,152.44
292.41,82.253,312.47,82.456,311.78,150.87,291.72,150.67
289.94,83.686,313.02,84.281,311.52,142.41,288.45,141.81
291.63,78.029,317.05,79.781,312.79,141.52,287.38,139.77
280.94,72.456,307.38,70.712,311.44,132.21,284.99,133.95
282.23,73.821,306.24,73.248,307.68,133.56,283.66,134.14
280.18,78.585,304.69,78.825,304.03,145.16,279.53,144.92
281.31,80.155,301.27,80.635,299.64,148.53,279.68,148.05
282.61,79.522,303.25,80.843,299.13,145.1,278.49,143.78
279.57,79.37,302.94,78.771,304.51,139.7,281.14,140.3
284.91,83.042,305.07,82.964,305.31,144.71,285.15,144.79
288.37,79.097,310.54,79.7,308.73,146.17,286.56,145.57
289.5,80.612,312.07,81.595,309.2,147.63,286.63,146.65
291.13,80.43,310.87,80.117,311.95,148.34,292.21,148.65
293.75,81.211,314.76,81.083,315.17,149.08,294.17,149.21
295.62,81.755,317.54,79.406,323.06,130.85,301.13,133.2
299.57,81.242,318.22,79.412,324.03,138.62,305.38,140.45
304.96,81.165,330.8,82.44,328.23,134.7,302.38,133.42
300.35,85.397,323.25,82.287,330.57,136.22,307.67,139.33
306.36,80.299,325.14,79.931,326.31,139.37,307.53,139.74
305.01,84.532,325.24,84.913,324.06,147.08,303.84,146.7
308.49,80.955,327.8,81.482,326.05,145.76,306.74,145.23
305.15,83.732,324.55,81.196,331.27,132.61,311.87,135.15
310.49,83.063,332.23,84.218,329.28,139.87,307.54,138.72
308.74,83.154,328.58,82.49,330.55,141.12,310.71,141.79
310.44,83.907,329.93,84.62,327.72,145.09,308.23,144.38
309.25,83.143,327.98,84.059,324.82,148.5,306.09,147.59
309.26,83.958,327.49,84.223,326.5,152.18,308.27,151.92
308.39,85.199,330.3,86.541,326.76,144.32,304.85,142.98
311.67,84.274,331.88,85.735,328.2,136.66,307.99,135.2
312.99,84.665,336.49,85.451,334.7,139.19,311.19,138.41
305.23,87.281,328.37,82.755,339.59,140.1,316.45,144.63
310.15,84.261,330.98,82.484,335.38,134.1,314.55,135.87
315.75,83.253,333.08,82.504,335.44,137.21,318.11,137.96
319.71,80.408,334.56,81.104,331.49,146.53,316.64,145.84
320.06,80.971,336.1,80.867,336.46,136.59,320.42,136.69
321.09,79.333,340.81,79.065,341.57,135.33,321.85,135.6
324.07,79.224,343.85,79.508,343.02,137.24,323.24,136.96
321.01,79.224,342.13,77.46,347.26,138.92,326.14,140.69
327.38,79.101,341.49,78.358,344.78,140.96,330.67,141.7
332.21,78.991,351.98,82.098,342.47,142.62,322.7,139.51
331.64,80.564,352.06,81.168,350.2,144.06,329.78,143.45
335.07,80.155,356.15,81.842,351.68,137.6,330.61,135.91
326.49,83.794,348.5,77.402,364.66,133.04,342.64,139.43
338.53,78.351,357.53,79.212,355.59,121.99,336.59,121.13
338.71,78.171,357.91,78.937,356.01,126.65,336.81,125.88
336.29,78.212,354.83,78.118,355.1,130.89,336.56,130.98
337.28,80.463,358.99,80.442,359.05,141.25,337.34,141.27
341.43,80.25,358.95,81.007,356.31,142.09,338.79,141.33
338.9,82.781,357.19,81.577,360.65,134.18,342.36,135.38
341.39,81.874,359.73,81.313,361.49,138.87,343.15,139.43
343.03,80.769,363.99,80.365,365.16,141.19,344.2,141.59
343.58,82.456,365.49,82.973,364.18,138.17,342.28,137.65
343.26,80.002,364.3,80.267,363.47,146.01,342.43,145.75
348.99,79.857,370.08,81.425,365.16,147.6,344.07,146.03
350.99,82.417,366.99,81.943,368.8,143.04,352.8,143.51
354.5,81.658,379.08,83.74,374.48,138.02,349.9,135.93
358.77,83.322,378.76,84.182,376.58,134.78,356.59,133.92
362.36,85.204,383.75,86.573,380.5,137.38,359.1,136.01
364.77,85.254,385.87,86.548,382.58,140.08,361.48,138.79
358.67,89.318,380.2,88.174,383.6,152.2,362.07,153.34
362.88,87.084,380.81,88.336,376.14,155.36,358.2,154.11
357.47,90.347,380.4,89.759,381.99,151.54,359.05,152.13
355.13,89.835,375.23,89.823,375.27,155.49,355.17,155.5
352.32,90.246,376.23,91.886,371.84,155.89,347.94,154.25
346.09,93.407,368.02,93.034,369.1,156.39,347.17,156.76
340.3,92.372,358.09,90.835,363.81,157.08,346.02,158.61
337.48,91.851,356.47,92.078,355.68,158.05,336.69,157.82
333.39,94.851,352.38,93.424,357.04,155.46,338.05,156.88
335.06,94.523,355.12,93.757,357.13,146.35,337.07,147.12
336.66,93.649,354.18,94.641,351.64,139.42,334.13,138.42
337.25,92.549,353.8,94.105,349.25,142.44,332.71,140.88
336.63,93.246,356.03,94.259,353.7,138.8,334.3,137.79
337.86,94.166,354.55,95.016,351.87,147.59,335.19,146.74
335.62,94.841,354.9,93.908,358.14,160.9,338.86,161.83
340.97,94.382,355.7,95.074,352.86,155.44,338.13,154.75
341.62,93.801,360.24,93.865,360.04,151.77,341.42,151.71
346.17,98.155,367.54,99.387,364.23,156.65,342.86,155.42
345.54,96.969,367.19,95.863,370.29,156.41,348.63,157.52
344.73,98.724,363.57,96.785,369.57,155.06,350.73,157.0
350.56,100.36,369.36,100.63,368.51,160.04,349.72,159.77
351.82,99.348,368.51,99.558,367.73,161.53,351.05,161.32
353.91,99.555,372.93,100.38,370.26,162.09,351.23,161.26
357.79,98.961,378.33,101.6,371.66,153.46,351.12,150.82
358.7,99.095,377.72,102.21,370.06,149.01,351.04,145.9
357.06,99.899,375.13,102.1,369.26,150.43,351.19,148.23
357.19,99.92,376.42,101.03,373.58,150.37,354.34,149.26
357.01,100.11,375.25,99.387,377.28,150.85,359.04,151.57
358.31,100.02,374.08,100.18,373.47,160.68,357.71,160.52
360.65,98.706,376.63,100.23,370.93,159.98,354.95,158.45
350.3,102.88,373.2,101.22,376.8,150.9,353.89,152.56
354.65,99.336,374.77,99.638,373.93,155.62,353.81,155.32
352.22,103.85,372.76,103.68,373.1,146.89,352.56,147.05
352.89,101.97,370.12,101.6,371.11,147.54,353.88,147.91
354.79,105.22,369.94,104.03,374.22,158.59,359.07,159.78
354.96,104.59,372.03,103.63,375.01,156.99,357.95,157.94
361.34,103.56,381.8,104.49,379.28,159.83,358.82,158.9
362.52,104.25,381.42,105.01,379.6,149.9,360.7,149.14
361.62,104.2,378.81,104.62,377.75,147.92,360.56,147.5
367.2,103.6,383.67,105.59,378.4,149.37,361.92,147.39
368.32,103.18,389.45,103.77,388.05,154.07,366.92,153.48
369.75,103.13,385.51,102.03,389.65,161.38,373.9,162.48
375.2,103.3,388.73,104.48,384.03,158.21,370.5,157.03
373.82,102.87,390.95,103.59,388.63,158.8,371.5,158.08
374.32,106.92,395.56,107.67,394.01,151.54,372.76,150.78
371.95,105.82,393.64,103.98,396.95,142.98,375.27,144.83
369.98,105.96,392.87,104.17,395.88,142.76,373.0,144.55
372.48,104.43,390.53,103.77,392.42,154.94,374.36,155.6
371.92,104.76,388.32,104.78,388.24,160.83,371.84,160.81
371.85,103.52,387.31,104.5,383.55,164.14,368.1,163.17
376.34,102.51,391.72,104.6,384.38,158.45,369.01,156.35
368.98,103.73,389.38,103.32,390.28,148.74,369.89,149.15
371.25,102.22,390.67,102.98,388.95,147.06,369.53,146.31
367.64,102.48,391.34,101.74,392.76,147.35,369.07,148.09
369.91,101.77,392.51,101.92,392.18,150.03,369.58,149.87
371.52,99.522,385.9,99.141,387.31,152.61,372.93,152.99
371.29,99.825,384.37,100.38,382.01,155.9,368.94,155.35
367.29,100.59,382.68,101.79,378.33,157.32,362.94,156.11
364.99,97.913,383.77,99.126,380.38,151.5,361.61,150.29
360.98,97.273,382.98,97.779,381.85,146.83,359.85,146.32
358.8,98.043,377.59,98.269,377.06,142.26,358.27,142.03
353.31,98.609,372.78,96.971,377.24,149.98,357.77,151.62
354.34,95.223,373.96,96.907,369.66,147.06,350.04,145.37
354.26,96.931,368.01,96.93,368.02,152.56,354.26,152.56
351.31,97.676,365.09,97.349,366.46,154.82,352.68,155.15
348.94,97.214,365.35,96.9,366.32,147.71,349.91,148.02
351.92,95.033,368.28,97.155,361.96,145.83,345.6,143.7
347.11,97.125,365.88,95.084,370.6,138.49,351.83,140.53
349.31,98.275,371.2,97.735,372.26,140.99,350.38,141.53
351.8,97.408,372.65,98.072,371.1,146.65,350.25,145.98
354.18,99.443,371.06,99.153,372.07,158.27,355.2,158.56
355.62,100.15,372.04,100.93,369.11,163.11,352.68,162.33
357.43,102.64,372.63,102.67,372.51,163.72,357.31,163.69
358.83,102.07,376.89,102.46,375.78,153.96,357.72,153.57
351.24,107.43,374.2,103.15,383.87,155.02,360.91,159.3
353.6,106.52,376.58,103.09,383.13,146.84,360.15,150.28
360.77,105.55,380.0,104.5,382.49,150.11,363.26,151.16
363.4,105.47,380.96,104.62,383.58,158.93,366.01,159.78
364.52,105.98,386.09,106.9,383.55,166.31,361.99,165.39
365.58,106.44,381.58,106.27,382.2,165.03,366.19,165.2
367.46,105.45,384.99,106.26,382.3,164.8,364.78,163.99
364.85,107.21,387.41,106.79,388.3,155.65,365.74,156.06
366.7,105.17,388.62,105.37,388.17,155.54,366.25,155.35
364.22,108.19,383.77,105.03,391.03,149.93,371.48,153.09
368.53,110.99,388.85,110.4,390.29,159.82,369.97,160.41
369.47,110.92,385.33,108.38,394.82,167.79,378.96,170.32
374.45,109.12,390.73,108.92,391.46,171.28,375.18,171.47
379.75,108.38,397.53,107.71,399.64,163.96,381.85,164.62
382.04,107.21,401.1,105.19,406.2,153.27,387.14,155.29
391.26,105.23,408.81,105.12,409.1,149.75,391.55,149.86
399.92,102.15,417.09,104.16,411.33,153.54,394.15,151.53
