81,146,27,25
81,145,27,25
81,143,27,25
81,142,27,25
80,140,28,26
80,139,28,26
81,138,28,26
79,135,30,27
78,132,31,28
77,130,33,30
77,129,33,30
76,127,33,30
75,126,33,30
73,124,34,31
74,121,34,31
73,118,34,31
71,114,36,33
71,111,36,33
71,107,36,33
72,104,36,33
71,102,36,33
72,99,36,33
73,96,36,33
74,93,36,33
74,92,36,33
77,89,36,33
78,86,36,33
81,84,36,33
82,83,36,33
80,82,38,34
83,82,38,34
81,77,39,36
82,74,39,36
83,70,38,34
82,69,38,34
81,68,38,34
79,65,38,34
79,62,38,34
79,61,38,34
79,59,36,33
80,57,34,31
79,57,34,31
80,54,34,31
79,53,34,31
78,54,34,31
77,54,34,31
76,54,34,31
76,56,33,30
78,58,31,29
79,59,30,27
79,60,30,27
80,59,30,27
78,61,31,29
78,63,33,30
81,65,31,29
85,67,31,29
86,69,30,27
87,71,31,29
88,72,31,29
89,74,31,29
90,75,31,29
92,76,31,29
93,75,31,29
96,76,30,27
99,75,30,27
100,77,30,27
99,77,30,27
101,77,29,26
102,78,29,26
102,79,29,26
101,80,29,26
100,79,30,27
101,79,30,27
99,78,31,29
100,76,31,29
99,75,31,29
99,75,31,29
100,75,31,29
99,76,31,29
99,76,31,29
99,75,31,29
99,76,31,29
99,75,31,29
100,75,31,29
100,73,31,29
101,72,31,29
101,70,33,30
101,71,33,30
101,70,33,30
101,71,33,30
101,70,33,30
101,70,35,32
101,69,36,33
101,70,36,33
101,70,36,33
101,71,36,33
101,69,38,35
101,70,38,35
102,70,38,35
101,69,38,35
102,68,38,35
103,67,38,35
101,68,40,37
103,68,38,35
103,68,40,37
105,67,38,35
107,66,38,35
107,68,36,33
106,69,36,33
106,69,36,33
105,68,35,32
107,68,33,30
103,70,35,32
100,71,37,33
98,71,38,35
96,71,40,37
95,72,40,37
96,72,40,37
96,72,40,37
97,73,38,35
97,72,38,35
98,72,38,35
99,75,37,34
99,75,37,34
98,76,37,34
97,77,37,34
98,78,37,34
97,80,37,34
97,80,37,34
97,81,37,34
96,82,37,34
97,83,37,34
97,85,37,34
98,86,35,32
97,87,37,34
97,88,39,35
98,87,39,35
100,89,37,34
102,89,35,32
103,90,35,32
106,89,34,31
108,87,34,31
109,86,34,31
110,85,34,31
112,83,34,31
114,82,34,31
117,81,34,31
115,80,35,32
115,79,37,34
115,77,39,35
117,79,37,34
118,80,37,34
120,79,35,32
119,80,35,32
118,81,35,32
117,80,35,32
116,79,35,32
114,78,37,34
115,79,37,34
116,78,37,34
118,77,35,32
118,76,35,32
119,76,35,32
119,76,35,32
119,76,35,32
119,75,35,32
120,75,35,32
122,75,35,32
123,75,35,32
123,74,35,32
124,73,35,32
125,73,35,32
126,72,35,32
127,71,35,32
127,69,37,34
128,69,37,34
128,70,37,34
129,69,39,36
129,68,39,36
130,68,39,36
131,69,39,36
132,70,39,36
133,71,39,36
136,73,37,34
138,73,35,32
139,75,34,31
140,75,32,30
141,76,32,30
142,77,32,30
143,78,32,30
143,79,32,30
142,78,32,30
143,80,31,28
142,82,29,27
140,84,31,28
141,86,31,28
144,56,31,28
143,55,31,28
143,55,31,28
142,54,31,28
143,55,31,28
143,54,31,28
143,53,32,30
144,52,32,30
143,53,32,30
144,52,32,30
144,52,32,30
145,52,32,30
145,52,34,31
145,53,34,31
146,53,34,31
146,52,34,31
147,52,34,31
148,53,34,31
148,52,34,31
148,51,34,31
149,52,34,31
149,50,34,31
150,50,34,31
150,51,33,30
151,50,33,30
151,50,33,30
151,50,33,30
152,50,33,30
152,49,33,30
151,49,33,30
152,48,33,30
152,48,33,30
151,47,33,30
151,47,33,30
151,46,33,30
152,46,33,30
152,45,33,30
152,44,33,30
151,45,33,30
150,44,33,30
150,45,33,30
150,44,33,30
149,44,33,30
148,43,33,30
147,42,33,30
147,41,33,30
146,41,34,31
144,41,36,33
144,39,37,34
143,39,37,34
141,37,39,36
140,37,39,36
139,36,39,36
139,35,39,36
137,33,38,34
137,35,38,34
135,34,38,34
133,32,36,33
133,32,36,33
131,30,36,33
132,30,34,31
131,27,34,31
130,26,34,31
129,25,34,31
128,24,34,31
127,23,34,31
127,22,34,31
126,22,34,31
125,21,34,31
124,20,34,31
123,21,34,31
122,23,34,31
121,24,34,31
119,26,34,31
118,29,36,33
115,31,36,33
114,33,36,33
110,36,36,33
107,37,38,34
105,39,36,33
103,40,34,31
101,41,36,33
99,42,38,35
98,42,38,35
97,42,36,33
97,43,34,32
98,44,33,30
98,43,31,29
98,44,30,27
97,44,29,26
96,45,29,26
95,45,29,26
93,47,29,26
91,47,30,27
89,47,32,29
87,46,32,29
85,48,33,30
83,51,35,32
79,52,36,33
76,52,36,33
73,51,36,33
71,49,38,35
71,45,40,37
72,44,40,37
71,45,40,37
70,45,38,35
69,46,36,33
69,47,36,33
68,48,36,33
66,48,36,33
64,48,36,33
64,49,36,33
62,49,36,33
61,49,36,33
61,49,36,33
57,50,38,35
55,49,38,35
53,48,38,35
52,49,38,35
52,50,37,33
53,50,37,33
53,48,38,35
54,47,38,35
53,47,40,37
53,47,40,37
54,48,40,37
55,48,40,37
56,48,40,37
55,49,40,37
56,50,40,37
57,51,40,37
59,51,42,39
62,53,40,37
63,54,38,35
65,56,37,34
67,57,37,34
70,58,37,34
71,58,37,34
73,57,35,32
75,58,35,32
78,56,35,32
80,56,35,32
83,55,35,32
85,54,35,32
88,54,35,32
89,54,35,32
90,53,35,32
94,53,33,31
96,52,32,29
97,51,32,29
99,51,32,29
99,50,32,29
100,50,32,29
101,51,32,29
102,52,32,29
102,52,32,29
102,54,32,29
101,56,32,29
101,57,32,29
100,58,32,29
97,60,33,31
95,62,35,32
93,66,34,31
91,70,34,31
89,72,34,31
86,73,34,31
85,74,34,31
83,75,34,31
83,74,34,31
