23,88,66,55
24,88,66.0,55.0
24,87,66.0,55.0
23,88,66.0,55.0
24,88,66.0,55.0
24,88,66.0,55.0
24,89,66.0,55.0
24,89,66.0,55.0
24,88,66.0,55.0
24,87,66.0,55.0
24,87,66.0,55.0
24,87,66.0,55.0
24,86,66.0,55.0
24,85,66.0,55.0
25,85,66.0,55.0
25,83,66.0,55.0
25,82,66.0,55.0
25,82,66.0,55.0
26,81,66.0,55.0
26,82,66.0,55.0
26,82,66.0,55.0
26,82,66.0,55.0
27,82,66.0,55.0
27,82,66.0,55.0
27,82,66.0,55.0
28,82,66.0,55.0
28,81,66.0,55.0
28,81,66.0,55.0
29,82,66.0,55.0
30,81,66.0,55.0
30,81,66.0,55.0
30,82,66.0,55.0
31,82,66.0,55.0
31,81,66.0,55.0
31,81,66.0,55.0
32,81,66.0,55.0
32,80,66.0,55.0
33,79,66.0,55.0
33,78,66.0,55.0
33,77,66.0,55.0
34,76,66.0,55.0
34,75,66.0,55.0
35,75,66.0,55.0
35,76,66.0,55.0
35,76,66.0,55.0
35,78,66.0,55.0
36,79,66.0,55.0
36,80,66.0,55.0
36,80,66.0,55.0
36,81,66.0,55.0
36,81,66.0,55.0
36,80,66.0,55.0
36,80,66.0,55.0
36,78,66.0,55.0
36,79,66.0,55.0
36,79,66.0,55.0
36,79,66.0,55.0
37,80,66.0,55.0
37,80,66.0,55.0
37,81,66.0,55.0
37,81,66.0,55.0
37,82,66.0,55.0
37,82,66.0,55.0
37,82,66.0,55.0
37,82,66.0,55.0
37,81,66.0,55.0
37,81,66.0,55.0
38,79,66.0,55.0
37,79,66.0,55.0
37,79,66.0,55.0
38,79,66.0,55.0
38,77,66.0,55.0
38,77,66.0,55.0
39,77,66.0,55.0
39,76,66.0,55.0
39,76,66.0,55.0
39,77,66.0,55.0
40,76,66.0,55.0
40,76,66.0,55.0
40,75,66.0,55.0
40,75,66.0,55.0
41,75,66.0,55.0
41,74,66.0,55.0
41,73,66.0,55.0
41,73,66.0,55.0
41,73,66.0,55.0
41,74,66.0,55.0
42,74,66.0,55.0
42,74,66.0,55.0
42,74,66.0,55.0
42,74,66.0,55.0
42,74,66.0,55.0
43,73,66.0,55.0
43,72,66.0,55.0
43,73,66.0,55.0
43,73,66.0,55.0
43,72,66.0,55.0
43,72,66.0,55.0
44,72,66.0,55.0
44,72,66.0,55.0
44,72,66.0,55.0
44,72,66.0,55.0
44,73,66.0,55.0
44,73,66.0,55.0
44,72,66.0,55.0
44,71,66.0,55.0
44,69,66.0,55.0
44,67,66.0,55.0
45,65,66.0,55.0
45,64,66.0,55.0
45,64,66.0,55.0
45,64,66.0,55.0
45,63,66.0,55.0
45,64,66.0,55.0
45,64,66.0,55.0
46,65,66.0,55.0
46,66,66.0,55.0
46,67,66.0,55.0
46,69,66.0,55.0
47,70,66.0,55.0
47,70,66.0,55.0
47,71,66.0,55.0
47,71,66.0,55.0
47,71,66.0,55.0
47,70,66.0,55.0
48,69,66.0,55.0
48,68,66.0,55.0
49,67,66.0,55.0
50,66,66.0,55.0
50,66,66.0,55.0
50,66,66.0,55.0
50,66,66.0,55.0
51,67,66.0,55.0
51,67,66.0,55.0
52,68,66.0,55.0
52,68,66.0,55.0
52,68,66.0,55.0
53,68,66.0,55.0
53,68,66.0,55.0
53,68,66.0,55.0
53,68,66.0,55.0
54,68,66.0,55.0
54,68,66.0,55.0
53,68,66.0,55.0
53,67,66.0,55.0
54,68,66.0,55.0
53,68,66.0,55.0
53,68,66.0,55.0
53,68,66.0,55.0
52,68,66.0,55.0
52,69,66.0,55.0
52,70,66.0,55.0
50,70,66.0,55.0
49,70,66.0,55.0
48,68,66.0,55.0
48,68,66.0,55.0
47,66,66.0,55.0
46,64,66.0,55.0
46,65,66.0,55.0
44,65,66.0,55.0
44,65,66.0,55.0
44,66,66.0,55.0
44,67,66.0,55.0
42,67,66.0,55.0
41,68,66.0,55.0
40,67,66.0,55.0
39,67,66.0,55.0
38,68,66.0,55.0
38,67,66.0,55.0
37,67,66.0,55.0
37,67,66.0,55.0
36,66,66.0,55.0
35,66,66.0,55.0
35,66,66.0,55.0
34,66,66.0,55.0
34,66,66.0,55.0
33,66,66.0,55.0
32,66,66.0,55.0
31,66,66.0,55.0
31,66,66.0,55.0
32,67,66.0,55.0
33,67,66.0,55.0
35,67,66.0,55.0
89,72,66.0,55.0
98,71,66.0,55.0
102,72,66.0,55.0
105,72,66.0,55.0
106,72,66.0,55.0
107,72,66.0,55.0
109,73,66.0,55.0
110,73,66.0,55.0
111,74,66.0,55.0
112,74,66.0,55.0
112,74,66.0,55.0
112,75,66.0,55.0
113,74,66.0,55.0
113,74,66.0,55.0
113,75,66.0,55.0
114,75,66.0,55.0
115,75,66.0,55.0
115,75,66.0,55.0
115,76,66.0,55.0
115,76,66.0,55.0
115,74,66.0,55.0
116,75,66.0,55.0
116,75,66.0,55.0
115,74,66.0,55.0
116,74,66.0,55.0
116,73,66.0,55.0
116,71,66.0,55.0
116,71,66.0,55.0
116,70,66.0,55.0
116,69,66.0,55.0
116,69,66.0,55.0
117,69,66.0,55.0
117,69,66.0,55.0
118,69,66.0,55.0
118,71,66.0,55.0
118,71,66.0,55.0
118,72,66.0,55.0
119,72,66.0,55.0
119,71,66.0,55.0
119,71,66.0,55.0
119,72,66.0,55.0
118,71,66.0,55.0
118,71,66.0,55.0
118,71,66.0,55.0
117,70,66.0,55.0
117,69,66.0,55.0
117,69,66.0,55.0
116,68,66.0,55.0
116,68,66.0,55.0
116,69,66.0,55.0
116,69,66.0,55.0
115,70,66.0,55.0
115,71,66.0,55.0
113,71,66.0,55.0
112,72,66.0,55.0
110,72,66.0,55.0
109,71,66.0,55.0
108,71,66.0,55.0
108,70,66.0,55.0
109,69,66.0,55.0
110,69,66.0,55.0
110,69,66.0,55.0
110,70,66.0,55.0
110,71,66.0,55.0
111,72,66.0,55.0
111,73,66.0,55.0
112,74,66.0,55.0
113,74,66.0,55.0
114,74,66.0,55.0
115,74,66.0,55.0
116,74,66.0,55.0
118,74,66.0,55.0
119,74,66.0,55.0
120,74,66.0,55.0
120,75,66.0,55.0
120,75,66.0,55.0
120,76,66.0,55.0
120,77,66.0,55.0
121,77,66.0,55.0
121,77,66.0,55.0
120,76,66.0,55.0
119,76,66.0,55.0
117,76,66.0,55.0
115,76,66.0,55.0
112,76,66.0,55.0
112,76,66.0,55.0
113,76,66.0,55.0
115,76,66.0,55.0
116,77,66.0,55.0
117,76,66.0,55.0
119,77,66.0,55.0
121,77,66.0,55.0
122,78,66.0,55.0
123,78,66.0,55.0
123,78,66.0,55.0
123,77,66.0,55.0
124,76,66.0,55.0
125,75,66.0,55.0
125,74,66.0,55.0
125,74,66.0,55.0
125,74,66.0,55.0
125,74,66.0,55.0
126,75,66.0,55.0
126,75,66.0,55.0
125,75,66.0,55.0
125,75,66.0,55.0
126,74,66.0,55.0
126,74,66.0,55.0
126,73,66.0,55.0
126,73,66.0,55.0
125,73,66.0,55.0
125,73,66.0,55.0
125,74,66.0,55.0
126,74,66.0,55.0
126,73,66.0,55.0
126,73,66.0,55.0
126,73,66.0,55.0
126,73,66.0,55.0
126,73,66.0,55.0
126,73,66.0,55.0
125,72,66.0,55.0
124,72,66.0,55.0
123,72,66.0,55.0
121,72,66.0,55.0
113,72,66.0,55.0
107,71,66.0,55.0
108,70,66.0,55.0
109,71,66.0,55.0
110,71,66.0,55.0
112,71,66.0,55.0
113,71,66.0,55.0
113,71,66.0,55.0
114,71,66.0,55.0
116,71,66.0,55.0
117,71,66.0,55.0
119,72,66.0,55.0
121,73,66.0,55.0
122,74,66.0,55.0
124,75,66.0,55.0
125,78,66.0,55.0
125,80,66.0,55.0
125,83,66.0,55.0
122,92,66.0,55.0
117,101,66.0,55.0
115,104,66.0,55.0
114,106,66.0,55.0
115,108,66.0,55.0
115,109,66.0,55.0
115,111,66.0,55.0
115,113,66.0,55.0
115,115,66.0,55.0
116,117,66.0,55.0
116,120,66.0,55.0
116,123,66.0,55.0
117,126,66.0,55.0
119,130,66.0,55.0
121,134,66.0,55.0
124,140,66.0,55.0
127,145,66.0,55.0
131,151,66.0,55.0
136,158,66.0,55.0
142,165,66.0,55.0
150,172,66.0,55.0
159,181,66.0,55.0
171,190,66.0,55.0
188,198,66.0,55.0
122,182,66.0,55.0
163,180,66.0,55.0
194,191,66.0,55.0
230,208,66.0,55.0
256,221,66.0,55.0
277,231,66.0,55.0
304,239,66.0,55.0
319,239,66.0,55.0
319,239,66.0,55.0
319,239,66.0,55.0
307,239,66.0,55.0
293,239,66.0,55.0
291,239,66.0,55.0
304,239,66.0,55.0
318,239,66.0,55.0
272,239,66.0,55.0
300,239,66.0,55.0
319,239,66.0,55.0
320,239,66.0,55.0
319,239,66.0,55.0
315,239,66.0,55.0
315,239,66.0,55.0
313,239,66.0,55.0
319,239,66.0,55.0
319,239,66.0,55.0
319,239,66.0,55.0
319,207,66.0,55.0
286,150,66.0,55.0
272,154,66.0,55.0
259,167,66.0,55.0
259,177,66.0,55.0
249,192,66.0,55.0
245,209,66.0,55.0
251,239,66.0,55.0
258,239,66.0,55.0
264,239,66.0,55.0
278,239,66.0,55.0
305,239,66.0,55.0
314,191,66.0,55.0
310,149,66.0,55.0
304,151,66.0,55.0
297,160,66.0,55.0
292,172,66.0,55.0
288,184,66.0,55.0
284,201,66.0,55.0
283,232,66.0,55.0
285,239,66.0,55.0
305,239,66.0,55.0
316,201,66.0,55.0
320,201,66.0,55.0
319,204,66.0,55.0
319,203,66.0,55.0
319,204,66.0,55.0
314,170,66.0,55.0
312,124,66.0,55.0
307,118,66.0,55.0
304,119,66.0,55.0
301,123,66.0,55.0
299,129,66.0,55.0
299,137,66.0,55.0
300,143,66.0,55.0
300,149,66.0,55.0
300,155,66.0,55.0
298,163,66.0,55.0
290,172,66.0,55.0
283,184,66.0,55.0
283,197,66.0,55.0
293,231,66.0,55.0
310,239,66.0,55.0
312,239,66.0,55.0
319,198,66.0,55.0
320,195,66.0,55.0
320,195,66.0,55.0
313,142,66.0,55.0
308,140,66.0,55.0
304,147,66.0,55.0
301,156,66.0,55.0
296,166,66.0,55.0
291,177,66.0,55.0
288,189,66.0,55.0
291,198,66.0,55.0
300,201,66.0,55.0
302,223,66.0,55.0
304,239,66.0,55.0
301,239,66.0,55.0
317,208,66.0,55.0
312,176,66.0,55.0
308,186,66.0,55.0
305,203,66.0,55.0
306,234,66.0,55.0
315,239,66.0,55.0
318,195,66.0,55.0
320,196,66.0,55.0
319,194,66.0,55.0
314,164,66.0,55.0
308,174,66.0,55.0
306,189,66.0,55.0
308,211,66.0,55.0
310,240,66.0,55.0
315,239,66.0,55.0
309,239,66.0,55.0
303,182,66.0,55.0
301,145,66.0,55.0
299,145,66.0,55.0
296,150,66.0,55.0
293,157,66.0,55.0
288,166,66.0,55.0
284,179,66.0,55.0
283,193,66.0,55.0
286,203,66.0,55.0
293,206,66.0,55.0
297,215,66.0,55.0
296,237,66.0,55.0
297,239,66.0,55.0
317,197,66.0,55.0
319,205,66.0,55.0
319,238,66.0,55.0
318,239,66.0,55.0
319,239,66.0,55.0
319,239,66.0,55.0
319,239,66.0,55.0
250,239,66.0,55.0
310,180,66.0,55.0
305,149,66.0,55.0
289,156,66.0,55.0
276,164,66.0,55.0
277,174,66.0,55.0
282,184,66.0,55.0
289,195,66.0,55.0
291,223,66.0,55.0
312,240,66.0,55.0
318,200,66.0,55.0
319,201,66.0,55.0
319,197,66.0,55.0
319,198,66.0,55.0
319,144,66.0,55.0
317,117,66.0,55.0
315,114,66.0,55.0
314,115,66.0,55.0
313,116,66.0,55.0
312,118,66.0,55.0
311,119,66.0,55.0
310,120,66.0,55.0
311,119,66.0,55.0
313,117,66.0,55.0
316,116,66.0,55.0
320,118,66.0,55.0
319,118,66.0,55.0
319,118,66.0,55.0
319,116,66.0,55.0
319,118,66.0,55.0
319,117,66.0,55.0
319,118,66.0,55.0
319,120,66.0,55.0
319,120,66.0,55.0
319,66,66.0,55.0
319,75,66.0,55.0
320,75,66.0,55.0
318,78,66.0,55.0
311,79,66.0,55.0
300,80,66.0,55.0
294,79,66.0,55.0
289,81,66.0,55.0
285,82,66.0,55.0
283,82,66.0,55.0
282,82,66.0,55.0
282,83,66.0,55.0
283,83,66.0,55.0
282,83,66.0,55.0
282,83,66.0,55.0
283,84,66.0,55.0
283,84,66.0,55.0
286,84,66.0,55.0
287,85,66.0,55.0
289,86,66.0,55.0
291,85,66.0,55.0
292,86,66.0,55.0
294,86,66.0,55.0
295,87,66.0,55.0
296,88,66.0,55.0
297,89,66.0,55.0
299,90,66.0,55.0
301,90,66.0,55.0
302,92,66.0,55.0
304,93,66.0,55.0
306,93,66.0,55.0
308,94,66.0,55.0
309,93,66.0,55.0
308,91,66.0,55.0
308,89,66.0,55.0
310,90,66.0,55.0
311,88,66.0,55.0
312,86,66.0,55.0
313,84,66.0,55.0
314,84,66.0,55.0
314,85,66.0,55.0
312,86,66.0,55.0
313,87,66.0,55.0
313,88,66.0,55.0
314,89,66.0,55.0
312,91,66.0,55.0
314,90,66.0,55.0
315,92,66.0,55.0
315,92,66.0,55.0
316,94,66.0,55.0
316,95,66.0,55.0
318,94,66.0,55.0
317,98,66.0,55.0
317,99,66.0,55.0
317,100,66.0,55.0
316,102,66.0,55.0
316,105,66.0,55.0
316,107,66.0,55.0
316,111,66.0,55.0
317,112,66.0,55.0
318,114,66.0,55.0
319,117,66.0,55.0
319,124,66.0,55.0
318,132,66.0,55.0
317,141,66.0,55.0
315,149,66.0,55.0
314,154,66.0,55.0
312,163,66.0,55.0
311,175,66.0,55.0
310,187,66.0,55.0
307,191,66.0,55.0
305,191,66.0,55.0
304,190,66.0,55.0
308,189,66.0,55.0
310,190,66.0,55.0
312,192,66.0,55.0
315,196,66.0,55.0
316,225,66.0,55.0
318,239,66.0,55.0
317,239,66.0,55.0
319,239,66.0,55.0
319,239,66.0,55.0
319,239,66.0,55.0
297,239,66.0,55.0
319,239,66.0,55.0
319,239,66.0,55.0
319,175,66.0,55.0
317,122,66.0,55.0
317,115,66.0,55.0
317,117,66.0,55.0
318,123,66.0,55.0
319,128,66.0,55.0
319,135,66.0,55.0
319,143,66.0,55.0
318,151,66.0,55.0
314,165,66.0,55.0
313,176,66.0,55.0
312,187,66.0,55.0
311,194,66.0,55.0
310,197,66.0,55.0
309,207,66.0,55.0
309,224,66.0,55.0
310,239,66.0,55.0
317,239,66.0,55.0
319,239,66.0,55.0
319,239,66.0,55.0
319,239,66.0,55.0
308,239,66.0,55.0
317,239,66.0,55.0
316,188,66.0,55.0
308,171,66.0,55.0
305,180,66.0,55.0
305,185,66.0,55.0
308,189,66.0,55.0
311,189,66.0,55.0
313,192,66.0,55.0
311,198,66.0,55.0
311,197,66.0,55.0
310,204,66.0,55.0
312,230,66.0,55.0
315,239,66.0,55.0
311,239,66.0,55.0
313,239,66.0,55.0
317,239,66.0,55.0
319,239,66.0,55.0
319,239,66.0,55.0
319,239,66.0,55.0
319,239,66.0,55.0
319,239,66.0,55.0
310,185,66.0,55.0
305,143,66.0,55.0
304,142,66.0,55.0
297,151,66.0,55.0
293,177,66.0,55.0
297,188,66.0,55.0
298,190,66.0,55.0
305,190,66.0,55.0
303,188,66.0,55.0
299,187,66.0,55.0
305,190,66.0,55.0
300,186,66.0,55.0
302,186,66.0,55.0
318,230,66.0,55.0
319,239,66.0,55.0
319,239,66.0,55.0
319,239,66.0,55.0
319,239,66.0,55.0
319,239,66.0,55.0
319,239,66.0,55.0
317,196,66.0,55.0
314,197,66.0,55.0
313,196,66.0,55.0
313,196,66.0,55.0
316,197,66.0,55.0
319,234,66.0,55.0
319,239,66.0,55.0
319,239,66.0,55.0
320,239,66.0,55.0
319,239,66.0,55.0
320,239,66.0,55.0
314,239,66.0,55.0
318,239,66.0,55.0
319,239,66.0,55.0
319,239,66.0,55.0
308,239,66.0,55.0
308,239,66.0,55.0
301,239,66.0,55.0
320,239,66.0,55.0
320,209,66.0,55.0
305,176,66.0,55.0
300,193,66.0,55.0
303,206,66.0,55.0
301,225,66.0,55.0
296,239,66.0,55.0
317,203,66.0,55.0
319,150,66.0,55.0
318,120,66.0,55.0
316,117,66.0,55.0
315,121,66.0,55.0
312,129,66.0,55.0
308,139,66.0,55.0
302,149,66.0,55.0
294,160,66.0,55.0
284,176,66.0,55.0
274,187,66.0,55.0
267,191,66.0,55.0
269,197,66.0,55.0
274,200,66.0,55.0
278,202,66.0,55.0
281,209,66.0,55.0
284,216,66.0,55.0
287,233,66.0,55.0
296,239,66.0,55.0
306,239,66.0,55.0
316,239,66.0,55.0
319,239,66.0,55.0
308,239,66.0,55.0
308,239,66.0,55.0
317,239,66.0,55.0
319,169,66.0,55.0
319,178,66.0,55.0
310,201,66.0,55.0
315,225,66.0,55.0
301,239,66.0,55.0
319,239,66.0,55.0
316,205,66.0,55.0
316,207,66.0,55.0
315,207,66.0,55.0
316,208,66.0,55.0
319,210,66.0,55.0
319,167,66.0,55.0
318,120,66.0,55.0
313,91,66.0,55.0
309,83,66.0,55.0
302,75,66.0,55.0
299,77,66.0,55.0
299,80,66.0,55.0
300,84,66.0,55.0
301,86,66.0,55.0
303,90,66.0,55.0
303,94,66.0,55.0
301,95,66.0,55.0
299,96,66.0,55.0
297,97,66.0,55.0
295,99,66.0,55.0
295,100,66.0,55.0
299,98,66.0,55.0
304,94,66.0,55.0
309,91,66.0,55.0
312,92,66.0,55.0
312,96,66.0,55.0
312,98,66.0,55.0
314,98,66.0,55.0
316,99,66.0,55.0
318,102,66.0,55.0
318,106,66.0,55.0
316,109,66.0,55.0
314,112,66.0,55.0
311,115,66.0,55.0
307,118,66.0,55.0
303,122,66.0,55.0
299,127,66.0,55.0
295,133,66.0,55.0
291,139,66.0,55.0
287,146,66.0,55.0
282,154,66.0,55.0
276,164,66.0,55.0
268,176,66.0,55.0
257,189,66.0,55.0
249,201,66.0,55.0
246,217,66.0,55.0
257,233,66.0,55.0
262,239,66.0,55.0
268,239,66.0,55.0
273,239,66.0,55.0
266,239,66.0,55.0
286,239,66.0,55.0
293,239,66.0,55.0
305,239,66.0,55.0
267,239,66.0,55.0
265,239,66.0,55.0
265,239,66.0,55.0
265,239,66.0,55.0
263,239,66.0,55.0
264,239,66.0,55.0
222,239,66.0,55.0
228,239,66.0,55.0
230,239,66.0,55.0
245,239,66.0,55.0
255,239,66.0,55.0
186,239,66.0,55.0
264,240,66.0,55.0
274,168,66.0,55.0
289,182,66.0,55.0
301,196,66.0,55.0
309,226,66.0,55.0
316,239,66.0,55.0
235,239,66.0,55.0
274,240,66.0,55.0
275,239,66.0,55.0
277,239,66.0,55.0
279,239,66.0,55.0
280,239,66.0,55.0
279,239,66.0,55.0
280,239,66.0,55.0
213,239,66.0,55.0
212,239,66.0,55.0
186,239,66.0,55.0
211,239,66.0,55.0
287,238,66.0,55.0
288,239,66.0,55.0
280,189,66.0,55.0
286,148,66.0,55.0
290,144,66.0,55.0
290,147,66.0,55.0
280,156,66.0,55.0
274,172,66.0,55.0
273,189,66.0,55.0
294,229,66.0,55.0
302,239,66.0,55.0
307,239,66.0,55.0
319,239,66.0,55.0
319,235,66.0,55.0
294,223,66.0,55.0
289,215,66.0,55.0
300,233,66.0,55.0
311,239,66.0,55.0
320,239,66.0,55.0
319,239,66.0,55.0
319,239,66.0,55.0
319,239,66.0,55.0
319,239,66.0,55.0
320,239,66.0,55.0
319,239,66.0,55.0
319,239,66.0,55.0
318,239,66.0,55.0
319,239,66.0,55.0
320,239,66.0,55.0
319,239,66.0,55.0
319,239,66.0,55.0
314,239,66.0,55.0
297,239,66.0,55.0
206,239,66.0,55.0
249,167,66.0,55.0
268,186,66.0,55.0
284,199,66.0,55.0
299,227,66.0,55.0
312,239,66.0,55.0
248,239,66.0,55.0
214,239,66.0,55.0
211,239,66.0,55.0
289,171,66.0,55.0
272,149,66.0,55.0
268,157,66.0,55.0
266,165,66.0,55.0
267,172,66.0,55.0
271,180,66.0,55.0
277,186,66.0,55.0
285,194,66.0,55.0
292,207,66.0,55.0
305,221,66.0,55.0
310,239,66.0,55.0
295,239,66.0,55.0
309,239,66.0,55.0
294,239,66.0,55.0
291,239,66.0,55.0
227,239,66.0,55.0
215,239,66.0,55.0
216,239,66.0,55.0
209,239,66.0,55.0
215,239,66.0,55.0
210,239,66.0,55.0
211,239,66.0,55.0
204,239,66.0,55.0
207,239,66.0,55.0
209,239,66.0,55.0
217,239,66.0,55.0
214,169,66.0,55.0
232,187,66.0,55.0
241,203,66.0,55.0
265,226,66.0,55.0
288,238,66.0,55.0
268,239,66.0,55.0
218,239,66.0,55.0
249,239,66.0,55.0
240,238,66.0,55.0
238,239,66.0,55.0
306,164,66.0,55.0
287,134,66.0,55.0
291,108,66.0,55.0
303,77,66.0,55.0
296,65,66.0,55.0
312,54,66.0,55.0
319,46,66.0,55.0
317,52,66.0,55.0
316,56,66.0,55.0
314,51,66.0,55.0
285,43,66.0,55.0
274,48,66.0,55.0
272,48,66.0,55.0
270,46,66.0,55.0
269,45,66.0,55.0
268,44,66.0,55.0
266,45,66.0,55.0
265,44,66.0,55.0
265,44,66.0,55.0
263,44,66.0,55.0
263,44,66.0,55.0
265,47,66.0,55.0
268,49,66.0,55.0
269,49,66.0,55.0
270,50,66.0,55.0
271,50,66.0,55.0
272,50,66.0,55.0
272,50,66.0,55.0
273,50,66.0,55.0
274,51,66.0,55.0
274,50,66.0,55.0
274,50,66.0,55.0
274,50,66.0,55.0
274,49,66.0,55.0
274,51,66.0,55.0
275,52,66.0,55.0
275,54,66.0,55.0
277,57,66.0,55.0
280,58,66.0,55.0
281,57,66.0,55.0
281,57,66.0,55.0
282,55,66.0,55.0
281,53,66.0,55.0
281,52,66.0,55.0
282,51,66.0,55.0
282,51,66.0,55.0
281,51,66.0,55.0
281,51,66.0,55.0
280,51,66.0,55.0
279,51,66.0,55.0
279,53,66.0,55.0
303,79,66.0,55.0
308,82,66.0,55.0
311,84,66.0,55.0
311,80,66.0,55.0
310,77,66.0,55.0
310,79,66.0,55.0
310,80,66.0,55.0
309,82,66.0,55.0
309,81,66.0,55.0
309,82,66.0,55.0
308,86,66.0,55.0
307,87,66.0,55.0
308,90,66.0,55.0
309,88,66.0,55.0
311,89,66.0,55.0
311,88,66.0,55.0
310,80,66.0,55.0
309,84,66.0,55.0
309,85,66.0,55.0
309,84,66.0,55.0
309,85,66.0,55.0
309,83,66.0,55.0
309,83,66.0,55.0
310,86,66.0,55.0
311,87,66.0,55.0
311,86,66.0,55.0
311,86,66.0,55.0
310,85,66.0,55.0
309,86,66.0,55.0
308,86,66.0,55.0
308,82,66.0,55.0
308,87,66.0,55.0
309,86,66.0,55.0
310,87,66.0,55.0
308,86,66.0,55.0
308,86,66.0,55.0
308,88,66.0,55.0
308,87,66.0,55.0
309,87,66.0,55.0
309,86,66.0,55.0
309,86,66.0,55.0
310,86,66.0,55.0
310,86,66.0,55.0
311,88,66.0,55.0
311,89,66.0,55.0
311,88,66.0,55.0
311,88,66.0,55.0
311,86,66.0,55.0
311,86,66.0,55.0
311,84,66.0,55.0
311,83,66.0,55.0
311,81,66.0,55.0
312,80,66.0,55.0
313,79,66.0,55.0
314,78,66.0,55.0
315,77,66.0,55.0
316,76,66.0,55.0
317,76,66.0,55.0
318,77,66.0,55.0
320,78,66.0,55.0
319,78,66.0,55.0
319,72,66.0,55.0
319,78,66.0,55.0
320,78,66.0,55.0
319,75,66.0,55.0
319,72,66.0,55.0
320,76,66.0,55.0
319,77,66.0,55.0
319,79,66.0,55.0
318,79,66.0,55.0
316,80,66.0,55.0
314,80,66.0,55.0
313,79,66.0,55.0
312,79,66.0,55.0
312,78,66.0,55.0
312,78,66.0,55.0
312,78,66.0,55.0
313,78,66.0,55.0
314,80,66.0,55.0
314,80,66.0,55.0
314,79,66.0,55.0
314,79,66.0,55.0
314,78,66.0,55.0
314,77,66.0,55.0
315,77,66.0,55.0
315,77,66.0,55.0
315,77,66.0,55.0
315,77,66.0,55.0
315,76,66.0,55.0
315,78,66.0,55.0
315,77,66.0,55.0
315,76,66.0,55.0
316,77,66.0,55.0
316,77,66.0,55.0
316,76,66.0,55.0
317,77,66.0,55.0
318,75,66.0,55.0
319,75,66.0,55.0
